100 482
0 4
0 34
0 49
0 52
0 55
0 68
0 80
0 93
1 3
1 14
1 36
1 49
1 63
1 64
1 65
1 79
1 83
1 91
1 93
1 94
2 11
2 17
2 28
2 31
2 55
2 70
3 21
3 27
3 39
3 53
3 54
3 59
3 61
3 68
3 80
3 83
3 87
3 89
3 91
3 93
4 25
4 29
4 36
4 38
4 45
4 90
4 91
4 96
5 9
5 10
5 25
5 35
5 55
5 56
5 66
5 69
5 70
5 74
5 77
5 84
5 96
5 99
6 10
6 18
6 26
6 44
6 82
6 83
6 99
7 14
7 21
7 37
7 76
7 78
7 88
7 93
8 22
8 26
8 40
8 43
8 53
8 70
8 92
9 65
9 80
9 90
10 15
10 16
10 39
10 40
10 46
10 47
10 50
10 71
10 74
10 82
11 18
11 20
11 23
11 41
11 42
11 48
11 53
11 56
11 63
11 71
11 73
11 77
11 80
11 81
12 21
12 22
12 36
12 45
12 57
12 72
12 87
12 88
12 91
12 94
12 99
13 17
13 24
13 71
13 79
13 99
14 24
14 27
14 35
14 48
14 53
14 69
14 77
14 82
14 85
14 88
14 96
15 33
15 41
15 42
15 45
15 52
15 54
15 56
15 75
15 89
15 93
16 19
16 27
16 30
16 51
16 86
17 49
17 64
17 82
17 88
17 94
17 99
18 27
18 28
18 55
18 62
18 65
18 95
19 20
19 36
19 37
19 46
19 49
19 50
19 77
19 93
19 96
20 25
20 31
20 33
20 56
20 81
20 88
21 32
21 37
21 45
21 46
21 68
21 69
21 80
21 89
22 29
22 34
22 49
22 57
22 62
22 82
22 88
22 90
22 95
23 25
23 29
23 33
23 41
23 45
23 62
23 64
23 76
23 83
23 90
24 26
24 36
24 41
24 43
24 71
24 80
24 83
24 92
24 98
25 37
25 52
25 60
25 62
25 66
25 80
25 93
26 28
26 35
26 39
26 65
26 79
26 81
26 87
26 90
26 92
27 37
27 47
27 56
27 62
27 71
27 83
27 89
27 90
28 31
28 32
28 51
28 56
28 61
28 68
28 82
29 31
29 39
29 58
29 61
29 81
29 83
29 90
30 32
30 46
30 50
30 57
30 62
30 63
30 64
30 80
30 83
31 48
31 59
31 76
32 34
32 35
32 38
32 49
32 58
32 85
32 87
33 41
33 44
33 47
33 51
33 57
33 62
33 64
33 74
33 82
33 93
33 94
33 98
34 46
34 47
34 49
34 75
34 82
34 86
34 88
34 95
35 50
35 64
35 73
35 80
35 84
35 85
35 95
36 46
36 47
36 53
36 68
36 70
36 74
36 86
36 88
36 95
37 44
37 67
37 96
38 58
38 60
38 65
38 76
38 91
39 61
39 62
39 90
40 55
40 67
40 78
40 88
40 92
40 93
41 47
41 50
41 59
41 63
41 67
41 87
41 88
41 96
42 49
42 58
42 72
42 84
43 47
43 59
43 74
43 76
43 79
43 90
43 98
44 45
44 50
44 52
44 53
44 58
44 64
44 78
44 89
44 94
44 98
45 47
45 73
45 88
45 98
46 55
46 80
46 85
46 86
46 95
46 99
47 50
47 68
47 74
47 76
47 87
48 49
48 51
48 54
48 56
48 88
48 94
49 56
49 64
49 65
49 85
49 87
49 92
50 74
51 88
51 89
51 93
52 53
52 74
52 96
53 57
53 64
53 72
53 82
54 61
54 69
54 79
54 82
54 83
54 86
54 93
55 65
56 66
56 77
57 66
57 67
57 95
58 70
58 76
58 77
59 68
59 86
59 87
59 92
60 71
60 74
60 78
60 92
60 99
62 69
62 88
62 97
63 69
63 86
64 70
64 82
65 75
66 79
66 87
67 78
67 79
67 90
67 91
68 80
68 88
68 97
69 70
69 71
69 73
70 73
70 80
70 84
70 88
70 97
72 83
72 90
74 83
75 77
75 90
75 91
75 92
76 80
76 99
77 80
77 85
77 91
77 92
77 97
78 80
78 82
79 81
79 92
80 96
81 82
81 93
81 96
82 86
82 93
83 84
83 91
83 92
83 93
84 85
84 94
85 87
86 92
86 93
87 94
89 94
89 96
89 98
92 97
94 99
95 98
