100 3427
0 2
0 3
0 5
0 6
0 7
0 8
0 10
0 11
0 12
0 13
0 15
0 16
0 17
0 19
0 20
0 21
0 22
0 24
0 25
0 26
0 27
0 28
0 29
0 30
0 31
0 32
0 35
0 36
0 37
0 40
0 41
0 42
0 43
0 45
0 49
0 50
0 53
0 54
0 55
0 57
0 58
0 59
0 60
0 61
0 62
0 63
0 64
0 66
0 68
0 70
0 71
0 72
0 73
0 74
0 75
0 76
0 78
0 79
0 81
0 82
0 83
0 85
0 86
0 87
0 88
0 89
0 92
0 94
0 95
0 96
0 97
0 98
0 99
1 2
1 3
1 5
1 6
1 7
1 8
1 9
1 11
1 12
1 14
1 16
1 17
1 18
1 19
1 23
1 24
1 25
1 26
1 29
1 31
1 33
1 34
1 35
1 37
1 38
1 39
1 41
1 42
1 43
1 44
1 45
1 46
1 47
1 48
1 49
1 50
1 52
1 53
1 54
1 57
1 59
1 60
1 64
1 65
1 67
1 68
1 69
1 70
1 72
1 73
1 74
1 75
1 78
1 79
1 80
1 81
1 85
1 86
1 87
1 89
1 90
1 93
1 94
1 96
1 97
2 3
2 4
2 5
2 8
2 9
2 11
2 12
2 13
2 14
2 16
2 17
2 18
2 19
2 21
2 23
2 24
2 25
2 26
2 27
2 28
2 29
2 30
2 31
2 34
2 36
2 37
2 38
2 39
2 42
2 43
2 45
2 47
2 48
2 49
2 50
2 52
2 53
2 54
2 56
2 57
2 58
2 59
2 62
2 63
2 64
2 65
2 66
2 67
2 68
2 69
2 70
2 71
2 72
2 73
2 74
2 76
2 77
2 78
2 80
2 81
2 82
2 83
2 84
2 85
2 86
2 87
2 88
2 89
2 90
2 93
2 95
2 96
2 97
3 4
3 5
3 6
3 12
3 14
3 16
3 17
3 18
3 19
3 20
3 21
3 23
3 24
3 25
3 26
3 27
3 28
3 29
3 34
3 35
3 36
3 39
3 40
3 41
3 42
3 43
3 44
3 45
3 46
3 47
3 48
3 49
3 50
3 51
3 52
3 54
3 55
3 56
3 61
3 62
3 64
3 65
3 67
3 68
3 69
3 73
3 74
3 75
3 76
3 77
3 80
3 83
3 86
3 89
3 90
3 91
3 94
3 95
3 96
3 97
3 98
3 99
4 5
4 6
4 9
4 11
4 12
4 14
4 15
4 16
4 19
4 20
4 21
4 22
4 24
4 25
4 27
4 29
4 30
4 31
4 33
4 34
4 35
4 36
4 37
4 38
4 39
4 40
4 41
4 42
4 43
4 44
4 45
4 47
4 49
4 51
4 52
4 53
4 54
4 56
4 57
4 58
4 59
4 61
4 64
4 66
4 67
4 68
4 71
4 72
4 76
4 77
4 78
4 80
4 81
4 82
4 83
4 84
4 86
4 87
4 88
4 90
4 92
4 94
4 95
4 96
4 98
4 99
5 6
5 7
5 8
5 9
5 10
5 20
5 21
5 22
5 23
5 24
5 25
5 26
5 28
5 29
5 31
5 32
5 33
5 34
5 35
5 36
5 37
5 39
5 41
5 42
5 43
5 44
5 46
5 47
5 49
5 51
5 53
5 54
5 57
5 59
5 60
5 63
5 64
5 67
5 68
5 69
5 70
5 71
5 72
5 73
5 74
5 75
5 76
5 77
5 78
5 79
5 80
5 81
5 82
5 83
5 88
5 89
5 90
5 92
5 94
5 95
5 96
5 97
5 98
5 99
6 7
6 9
6 10
6 11
6 13
6 14
6 15
6 16
6 17
6 18
6 19
6 21
6 22
6 23
6 27
6 31
6 32
6 34
6 36
6 38
6 39
6 40
6 41
6 44
6 45
6 46
6 47
6 48
6 49
6 52
6 53
6 54
6 55
6 60
6 62
6 63
6 64
6 65
6 67
6 68
6 69
6 72
6 73
6 74
6 77
6 78
6 79
6 80
6 82
6 83
6 84
6 85
6 86
6 88
6 89
6 90
6 91
6 93
6 94
6 95
6 97
6 98
7 9
7 11
7 13
7 14
7 15
7 17
7 18
7 20
7 21
7 23
7 24
7 25
7 26
7 27
7 28
7 29
7 30
7 32
7 33
7 34
7 35
7 37
7 38
7 39
7 41
7 42
7 43
7 45
7 46
7 47
7 48
7 50
7 51
7 53
7 56
7 57
7 60
7 61
7 62
7 63
7 64
7 65
7 68
7 70
7 72
7 73
7 74
7 77
7 78
7 79
7 81
7 84
7 85
7 87
7 88
7 89
7 91
7 92
7 93
7 94
7 96
7 97
7 98
8 9
8 11
8 13
8 14
8 15
8 16
8 17
8 19
8 20
8 22
8 23
8 24
8 25
8 27
8 28
8 30
8 32
8 33
8 34
8 35
8 36
8 37
8 38
8 43
8 44
8 45
8 46
8 48
8 49
8 50
8 51
8 52
8 53
8 54
8 55
8 57
8 58
8 59
8 60
8 61
8 63
8 64
8 65
8 67
8 69
8 70
8 71
8 72
8 73
8 75
8 76
8 77
8 78
8 79
8 80
8 81
8 82
8 84
8 85
8 86
8 87
8 88
8 90
8 91
8 92
8 95
8 96
8 97
8 98
8 99
9 11
9 12
9 13
9 17
9 20
9 21
9 22
9 23
9 24
9 25
9 27
9 28
9 29
9 30
9 31
9 32
9 33
9 34
9 35
9 37
9 38
9 39
9 42
9 43
9 45
9 46
9 47
9 48
9 52
9 54
9 55
9 56
9 57
9 58
9 59
9 61
9 62
9 63
9 64
9 67
9 68
9 69
9 70
9 71
9 72
9 73
9 75
9 77
9 78
9 81
9 82
9 83
9 84
9 85
9 87
9 88
9 90
9 91
9 92
9 93
9 94
9 95
9 96
9 97
9 98
9 99
10 13
10 14
10 17
10 19
10 20
10 21
10 22
10 24
10 26
10 29
10 30
10 31
10 32
10 33
10 35
10 37
10 39
10 40
10 42
10 43
10 44
10 46
10 47
10 48
10 51
10 52
10 53
10 55
10 56
10 59
10 60
10 62
10 67
10 69
10 71
10 72
10 73
10 74
10 75
10 76
10 80
10 82
10 83
10 85
10 86
10 87
10 88
10 89
10 90
10 91
10 92
10 93
10 94
10 95
10 96
10 97
10 98
10 99
11 12
11 13
11 14
11 15
11 16
11 17
11 20
11 21
11 22
11 24
11 25
11 26
11 27
11 28
11 29
11 30
11 32
11 33
11 34
11 35
11 37
11 38
11 41
11 43
11 44
11 45
11 48
11 49
11 51
11 52
11 53
11 54
11 55
11 60
11 62
11 64
11 65
11 68
11 70
11 71
11 73
11 74
11 75
11 77
11 78
11 80
11 81
11 83
11 84
11 85
11 86
11 87
11 88
11 89
11 90
11 92
11 93
11 94
11 97
11 99
12 13
12 14
12 15
12 17
12 18
12 22
12 23
12 24
12 25
12 26
12 29
12 32
12 34
12 35
12 38
12 39
12 41
12 42
12 43
12 44
12 45
12 47
12 51
12 52
12 54
12 55
12 56
12 58
12 59
12 60
12 61
12 62
12 64
12 65
12 67
12 68
12 69
12 70
12 71
12 72
12 73
12 74
12 77
12 79
12 81
12 82
12 84
12 85
12 86
12 87
12 88
12 91
12 92
12 96
12 97
12 99
13 14
13 15
13 16
13 19
13 20
13 21
13 23
13 24
13 26
13 27
13 29
13 33
13 34
13 35
13 39
13 41
13 42
13 43
13 46
13 47
13 48
13 51
13 52
13 54
13 55
13 56
13 58
13 59
13 61
13 62
13 63
13 64
13 65
13 67
13 69
13 70
13 71
13 72
13 75
13 76
13 77
13 80
13 82
13 84
13 85
13 86
13 88
13 89
13 90
13 91
13 92
13 93
13 94
13 95
13 96
13 97
14 15
14 16
14 17
14 18
14 19
14 20
14 21
14 22
14 23
14 25
14 26
14 27
14 28
14 30
14 32
14 33
14 34
14 37
14 40
14 42
14 43
14 45
14 47
14 48
14 49
14 50
14 52
14 54
14 56
14 57
14 59
14 60
14 61
14 62
14 63
14 64
14 65
14 66
14 68
14 69
14 70
14 71
14 72
14 73
14 74
14 75
14 76
14 77
14 79
14 80
14 81
14 82
14 83
14 84
14 85
14 87
14 88
14 89
14 91
14 92
14 93
14 97
14 98
15 16
15 17
15 19
15 21
15 24
15 25
15 26
15 27
15 28
15 29
15 32
15 35
15 36
15 37
15 39
15 40
15 44
15 47
15 52
15 53
15 54
15 55
15 56
15 57
15 58
15 59
15 60
15 61
15 62
15 64
15 67
15 68
15 69
15 70
15 71
15 72
15 73
15 75
15 76
15 77
15 78
15 79
15 81
15 82
15 85
15 86
15 87
15 89
15 90
15 91
15 92
15 93
15 94
15 95
15 96
15 98
15 99
16 17
16 18
16 19
16 21
16 22
16 25
16 27
16 31
16 32
16 34
16 35
16 36
16 38
16 39
16 40
16 44
16 47
16 48
16 49
16 50
16 52
16 54
16 55
16 56
16 57
16 58
16 59
16 65
16 66
16 67
16 68
16 69
16 70
16 71
16 72
16 73
16 74
16 76
16 77
16 79
16 81
16 83
16 85
16 86
16 88
16 89
16 91
16 92
16 93
16 94
16 96
16 99
17 20
17 21
17 22
17 24
17 26
17 28
17 30
17 31
17 33
17 34
17 37
17 38
17 39
17 40
17 43
17 45
17 46
17 47
17 48
17 49
17 50
17 51
17 52
17 54
17 55
17 56
17 57
17 59
17 60
17 61
17 62
17 64
17 65
17 67
17 68
17 69
17 70
17 71
17 72
17 74
17 75
17 76
17 77
17 78
17 83
17 84
17 85
17 86
17 87
17 89
17 92
17 93
17 94
17 95
17 96
17 97
17 99
18 20
18 21
18 22
18 23
18 24
18 27
18 29
18 30
18 31
18 32
18 35
18 36
18 37
18 38
18 39
18 40
18 41
18 42
18 45
18 46
18 48
18 50
18 51
18 53
18 54
18 56
18 57
18 58
18 59
18 61
18 62
18 63
18 64
18 66
18 67
18 68
18 69
18 70
18 71
18 74
18 75
18 80
18 81
18 84
18 85
18 86
18 87
18 88
18 90
18 93
18 94
18 95
18 96
18 98
18 99
19 20
19 21
19 22
19 23
19 25
19 26
19 27
19 29
19 30
19 31
19 32
19 34
19 35
19 36
19 39
19 40
19 41
19 43
19 45
19 47
19 49
19 50
19 51
19 53
19 54
19 55
19 56
19 57
19 59
19 60
19 61
19 62
19 63
19 64
19 65
19 66
19 67
19 68
19 69
19 70
19 71
19 72
19 74
19 75
19 76
19 77
19 78
19 80
19 81
19 83
19 88
19 89
19 90
19 93
19 94
19 95
19 96
19 99
20 21
20 23
20 25
20 27
20 28
20 29
20 30
20 31
20 32
20 33
20 34
20 35
20 36
20 38
20 39
20 40
20 42
20 43
20 44
20 46
20 47
20 49
20 50
20 51
20 52
20 54
20 55
20 56
20 57
20 59
20 60
20 62
20 63
20 64
20 65
20 66
20 67
20 69
20 70
20 72
20 74
20 75
20 78
20 80
20 83
20 84
20 85
20 87
20 88
20 89
20 90
20 91
20 92
20 93
20 94
20 95
20 96
20 98
20 99
21 23
21 24
21 25
21 27
21 28
21 32
21 34
21 38
21 40
21 43
21 45
21 46
21 47
21 48
21 49
21 50
21 51
21 52
21 53
21 55
21 58
21 59
21 62
21 63
21 64
21 66
21 68
21 69
21 70
21 73
21 74
21 75
21 77
21 80
21 81
21 82
21 83
21 85
21 86
21 87
21 89
21 90
21 92
21 95
21 96
21 97
21 98
21 99
22 24
22 26
22 27
22 29
22 30
22 32
22 33
22 38
22 40
22 41
22 43
22 44
22 45
22 46
22 47
22 48
22 49
22 50
22 51
22 52
22 54
22 55
22 56
22 57
22 60
22 62
22 64
22 65
22 66
22 68
22 69
22 70
22 71
22 72
22 73
22 75
22 76
22 77
22 83
22 84
22 85
22 87
22 88
22 89
22 90
22 91
22 92
22 93
22 96
22 97
22 98
22 99
23 24
23 25
23 26
23 28
23 29
23 30
23 32
23 33
23 36
23 37
23 38
23 39
23 41
23 42
23 43
23 45
23 47
23 48
23 49
23 50
23 51
23 52
23 53
23 54
23 56
23 57
23 58
23 59
23 60
23 61
23 64
23 65
23 66
23 68
23 69
23 70
23 72
23 74
23 78
23 79
23 80
23 81
23 82
23 83
23 85
23 86
23 87
23 88
23 89
23 91
23 94
23 95
23 97
23 98
24 26
24 28
24 29
24 30
24 31
24 32
24 33
24 34
24 36
24 37
24 38
24 39
24 40
24 41
24 43
24 44
24 45
24 46
24 47
24 49
24 51
24 52
24 53
24 54
24 55
24 56
24 57
24 58
24 60
24 61
24 62
24 63
24 64
24 65
24 67
24 68
24 69
24 71
24 72
24 73
24 74
24 76
24 78
24 81
24 82
24 83
24 84
24 86
24 87
24 88
24 89
24 90
24 91
24 93
24 94
24 95
24 97
24 99
25 26
25 27
25 30
25 31
25 33
25 35
25 36
25 37
25 39
25 40
25 41
25 42
25 43
25 44
25 45
25 47
25 48
25 49
25 52
25 53
25 54
25 56
25 57
25 58
25 59
25 60
25 61
25 62
25 63
25 64
25 66
25 67
25 68
25 69
25 70
25 72
25 73
25 74
25 75
25 81
25 82
25 84
25 85
25 86
25 87
25 88
25 90
25 91
25 95
25 96
25 97
25 98
25 99
26 28
26 30
26 31
26 32
26 33
26 34
26 36
26 38
26 40
26 43
26 47
26 48
26 50
26 53
26 55
26 57
26 58
26 60
26 61
26 62
26 63
26 64
26 65
26 66
26 68
26 71
26 72
26 73
26 74
26 75
26 76
26 77
26 78
26 81
26 82
26 83
26 84
26 86
26 87
26 88
26 89
26 90
26 92
26 93
26 95
26 97
27 29
27 31
27 32
27 33
27 35
27 37
27 38
27 39
27 43
27 44
27 45
27 46
27 47
27 48
27 49
27 52
27 54
27 55
27 56
27 57
27 58
27 59
27 62
27 63
27 64
27 66
27 67
27 68
27 69
27 70
27 72
27 74
27 75
27 76
27 77
27 80
27 81
27 83
27 84
27 85
27 86
27 88
27 90
27 93
27 94
27 95
27 96
27 98
27 99
28 29
28 31
28 32
28 33
28 35
28 37
28 38
28 39
28 40
28 42
28 43
28 44
28 46
28 47
28 49
28 51
28 52
28 54
28 55
28 56
28 57
28 59
28 61
28 62
28 63
28 64
28 65
28 66
28 67
28 68
28 69
28 70
28 72
28 73
28 74
28 75
28 76
28 79
28 81
28 83
28 84
28 85
28 86
28 87
28 88
28 91
28 92
28 93
28 94
28 95
28 96
29 30
29 31
29 33
29 34
29 35
29 37
29 41
29 42
29 43
29 44
29 45
29 46
29 47
29 48
29 49
29 50
29 51
29 54
29 56
29 57
29 58
29 59
29 61
29 63
29 64
29 65
29 68
29 69
29 70
29 71
29 74
29 75
29 76
29 77
29 78
29 79
29 80
29 81
29 82
29 84
29 85
29 86
29 87
29 88
29 89
29 90
29 91
29 92
29 93
29 94
29 95
29 96
29 97
29 98
29 99
30 31
30 33
30 39
30 40
30 41
30 43
30 44
30 45
30 46
30 47
30 48
30 50
30 51
30 52
30 53
30 54
30 59
30 61
30 62
30 65
30 67
30 69
30 70
30 71
30 72
30 74
30 75
30 76
30 79
30 80
30 81
30 82
30 84
30 86
30 88
30 90
30 91
30 92
30 93
30 95
31 32
31 34
31 35
31 36
31 38
31 39
31 40
31 42
31 45
31 47
31 48
31 49
31 52
31 53
31 55
31 56
31 57
31 59
31 60
31 61
31 62
31 66
31 67
31 68
31 69
31 70
31 71
31 72
31 73
31 76
31 77
31 78
31 79
31 80
31 81
31 82
31 83
31 84
31 85
31 86
31 88
31 89
31 90
31 91
31 92
31 95
31 98
31 99
32 33
32 34
32 35
32 36
32 38
32 39
32 41
32 43
32 44
32 46
32 47
32 48
32 49
32 51
32 52
32 53
32 54
32 55
32 56
32 57
32 58
32 60
32 62
32 64
32 66
32 67
32 69
32 70
32 71
32 72
32 74
32 75
32 76
32 77
32 78
32 79
32 80
32 81
32 82
32 83
32 84
32 85
32 86
32 87
32 89
32 90
32 92
32 94
32 96
32 97
32 99
33 35
33 36
33 37
33 38
33 39
33 43
33 44
33 45
33 46
33 48
33 50
33 52
33 53
33 54
33 55
33 56
33 59
33 60
33 62
33 63
33 64
33 65
33 69
33 71
33 72
33 73
33 74
33 75
33 76
33 77
33 78
33 79
33 80
33 81
33 82
33 87
33 92
33 94
33 95
33 96
33 97
33 98
33 99
34 36
34 37
34 38
34 39
34 40
34 41
34 42
34 43
34 45
34 46
34 48
34 49
34 52
34 53
34 57
34 58
34 60
34 61
34 63
34 64
34 66
34 67
34 68
34 70
34 71
34 72
34 73
34 74
34 75
34 78
34 79
34 80
34 83
34 85
34 87
34 88
34 89
34 90
34 91
34 92
34 93
34 94
34 95
34 96
34 97
34 98
34 99
35 36
35 37
35 39
35 40
35 42
35 43
35 44
35 45
35 46
35 47
35 48
35 49
35 50
35 51
35 52
35 56
35 58
35 60
35 61
35 62
35 64
35 65
35 66
35 67
35 68
35 72
35 73
35 74
35 75
35 76
35 77
35 78
35 79
35 80
35 81
35 82
35 83
35 86
35 87
35 88
35 89
35 90
35 91
35 94
35 95
35 96
35 97
35 98
36 38
36 40
36 41
36 46
36 47
36 48
36 49
36 50
36 51
36 52
36 53
36 54
36 55
36 58
36 60
36 64
36 65
36 66
36 67
36 68
36 69
36 71
36 72
36 73
36 74
36 75
36 76
36 78
36 79
36 80
36 81
36 82
36 84
36 85
36 87
36 88
36 89
36 91
36 92
36 93
36 94
36 97
36 98
36 99
37 38
37 40
37 41
37 42
37 44
37 46
37 47
37 48
37 49
37 50
37 52
37 53
37 54
37 55
37 56
37 57
37 58
37 60
37 61
37 62
37 63
37 66
37 67
37 68
37 69
37 70
37 71
37 72
37 73
37 74
37 76
37 78
37 79
37 80
37 85
37 86
37 87
37 88
37 91
37 95
37 96
37 97
37 98
38 39
38 40
38 41
38 42
38 46
38 48
38 51
38 53
38 58
38 60
38 61
38 62
38 65
38 66
38 67
38 68
38 69
38 70
38 71
38 72
38 73
38 74
38 76
38 77
38 78
38 80
38 81
38 82
38 83
38 84
38 85
38 86
38 87
38 88
38 89
38 90
38 91
38 92
38 94
38 95
38 97
39 40
39 41
39 42
39 43
39 44
39 45
39 46
39 48
39 49
39 53
39 54
39 56
39 58
39 61
39 63
39 65
39 66
39 68
39 69
39 70
39 72
39 73
39 74
39 75
39 76
39 77
39 78
39 79
39 82
39 84
39 85
39 86
39 87
39 88
39 89
39 92
39 96
39 97
39 98
39 99
40 42
40 43
40 44
40 45
40 46
40 47
40 49
40 50
40 51
40 52
40 53
40 54
40 55
40 56
40 57
40 59
40 60
40 61
40 62
40 64
40 65
40 67
40 68
40 69
40 70
40 71
40 72
40 73
40 75
40 76
40 77
40 79
40 81
40 83
40 86
40 87
40 88
40 89
40 91
40 92
40 93
40 94
40 95
40 97
41 42
41 44
41 48
41 49
41 51
41 52
41 54
41 55
41 56
41 57
41 60
41 61
41 63
41 64
41 66
41 67
41 69
41 70
41 71
41 74
41 75
41 76
41 77
41 78
41 79
41 80
41 81
41 82
41 84
41 85
41 86
41 88
41 89
41 90
41 92
41 94
41 95
41 96
41 99
42 43
42 46
42 47
42 48
42 50
42 51
42 52
42 53
42 54
42 55
42 56
42 58
42 59
42 60
42 61
42 63
42 64
42 66
42 68
42 69
42 70
42 71
42 73
42 74
42 75
42 76
42 77
42 79
42 80
42 82
42 84
42 85
42 86
42 87
42 88
42 90
42 91
42 92
42 94
42 96
42 97
42 99
43 44
43 45
43 46
43 47
43 48
43 49
43 51
43 52
43 53
43 56
43 58
43 59
43 60
43 61
43 62
43 64
43 67
43 69
43 70
43 71
43 72
43 73
43 75
43 76
43 77
43 79
43 80
43 82
43 84
43 85
43 86
43 88
43 89
43 92
43 96
43 98
43 99
44 45
44 46
44 47
44 48
44 49
44 50
44 51
44 52
44 53
44 54
44 56
44 57
44 60
44 61
44 62
44 63
44 64
44 66
44 67
44 68
44 69
44 70
44 72
44 73
44 74
44 75
44 76
44 77
44 78
44 79
44 80
44 82
44 83
44 86
44 87
44 88
44 89
44 94
44 95
44 96
44 99
45 47
45 48
45 50
45 52
45 53
45 54
45 55
45 56
45 57
45 58
45 59
45 60
45 61
45 62
45 63
45 64
45 66
45 68
45 69
45 71
45 72
45 73
45 74
45 75
45 76
45 77
45 78
45 79
45 82
45 83
45 85
45 88
45 89
45 91
45 92
45 94
45 96
45 98
45 99
46 47
46 48
46 49
46 51
46 52
46 53
46 56
46 57
46 58
46 60
46 61
46 62
46 63
46 64
46 66
46 69
46 70
46 72
46 76
46 77
46 78
46 79
46 80
46 81
46 82
46 83
46 84
46 88
46 90
46 91
46 92
46 93
46 94
46 95
46 96
46 98
46 99
47 48
47 50
47 51
47 52
47 53
47 55
47 56
47 57
47 59
47 60
47 61
47 62
47 63
47 64
47 65
47 68
47 70
47 71
47 72
47 73
47 74
47 75
47 76
47 79
47 80
47 81
47 82
47 83
47 84
47 85
47 86
47 87
47 89
47 90
47 92
47 93
47 94
47 96
47 99
48 49
48 50
48 51
48 53
48 54
48 55
48 57
48 58
48 60
48 61
48 62
48 64
48 66
48 67
48 68
48 69
48 70
48 71
48 73
48 74
48 75
48 76
48 77
48 78
48 79
48 80
48 81
48 83
48 87
48 88
48 90
48 92
48 93
48 94
48 96
48 98
49 50
49 51
49 52
49 53
49 56
49 57
49 58
49 59
49 60
49 62
49 63
49 66
49 67
49 68
49 69
49 70
49 71
49 74
49 75
49 76
49 77
49 78
49 80
49 81
49 84
49 85
49 87
49 88
49 89
49 91
49 93
49 95
49 96
49 98
50 51
50 53
50 54
50 55
50 58
50 61
50 62
50 63
50 64
50 66
50 67
50 68
50 70
50 71
50 73
50 75
50 77
50 78
50 79
50 81
50 82
50 83
50 84
50 85
50 87
50 89
50 91
50 92
50 95
50 96
50 98
50 99
51 52
51 55
51 56
51 57
51 58
51 59
51 60
51 61
51 62
51 63
51 64
51 66
51 67
51 68
51 69
51 71
51 74
51 76
51 77
51 78
51 80
51 81
51 82
51 87
51 88
51 90
51 92
51 94
51 95
51 97
51 99
52 55
52 56
52 58
52 59
52 62
52 63
52 64
52 65
52 66
52 67
52 68
52 69
52 70
52 71
52 73
52 74
52 76
52 78
52 80
52 81
52 82
52 83
52 84
52 85
52 88
52 90
52 91
52 95
53 54
53 55
53 56
53 57
53 58
53 59
53 60
53 61
53 63
53 64
53 65
53 66
53 67
53 68
53 69
53 70
53 71
53 72
53 76
53 78
53 80
53 81
53 82
53 84
53 85
53 89
53 90
53 91
53 92
53 94
53 95
53 97
54 56
54 57
54 59
54 60
54 61
54 62
54 63
54 65
54 66
54 67
54 69
54 70
54 71
54 72
54 73
54 75
54 76
54 77
54 78
54 79
54 80
54 82
54 83
54 84
54 85
54 86
54 89
54 90
54 92
54 93
54 94
54 95
54 96
54 97
54 98
55 58
55 59
55 60
55 65
55 66
55 67
55 68
55 70
55 71
55 72
55 73
55 74
55 76
55 77
55 78
55 80
55 82
55 83
55 84
55 86
55 87
55 88
55 89
55 90
55 91
55 92
55 97
55 99
56 57
56 58
56 59
56 60
56 62
56 63
56 64
56 65
56 66
56 68
56 70
56 71
56 72
56 73
56 75
56 77
56 78
56 79
56 80
56 81
56 82
56 83
56 84
56 85
56 87
56 88
56 89
56 91
56 92
56 93
56 94
56 95
56 97
56 98
56 99
57 59
57 60
57 61
57 64
57 65
57 67
57 68
57 70
57 71
57 72
57 74
57 75
57 77
57 78
57 79
57 80
57 82
57 83
57 84
57 85
57 86
57 87
57 88
57 90
57 91
57 93
57 94
57 95
57 97
58 60
58 61
58 62
58 65
58 66
58 69
58 70
58 71
58 72
58 74
58 77
58 78
58 79
58 80
58 82
58 83
58 85
58 86
58 89
58 90
58 91
58 92
58 93
58 95
59 60
59 62
59 63
59 64
59 65
59 67
59 69
59 70
59 76
59 77
59 79
59 81
59 82
59 83
59 84
59 86
59 87
59 88
59 89
59 90
59 91
59 92
59 93
59 94
59 96
59 97
59 99
60 61
60 62
60 63
60 65
60 66
60 67
60 69
60 71
60 72
60 73
60 74
60 77
60 78
60 79
60 81
60 82
60 86
60 87
60 88
60 90
60 92
60 93
60 94
60 95
61 64
61 65
61 68
61 69
61 71
61 72
61 73
61 74
61 75
61 76
61 78
61 79
61 80
61 81
61 83
61 84
61 85
61 86
61 87
61 90
61 92
61 94
61 95
61 96
61 98
62 63
62 64
62 65
62 66
62 67
62 68
62 69
62 70
62 71
62 72
62 73
62 75
62 76
62 77
62 78
62 80
62 81
62 83
62 86
62 88
62 89
62 90
62 92
62 93
62 95
62 96
62 97
62 99
63 64
63 67
63 68
63 69
63 72
63 73
63 74
63 75
63 76
63 77
63 79
63 80
63 81
63 82
63 83
63 84
63 85
63 86
63 87
63 88
63 89
63 90
63 91
63 92
63 93
63 94
63 95
63 96
63 97
63 98
63 99
64 69
64 70
64 71
64 73
64 74
64 75
64 78
64 80
64 82
64 84
64 85
64 86
64 88
64 89
64 90
64 91
64 92
64 93
64 94
64 95
64 97
64 98
64 99
65 66
65 67
65 68
65 69
65 70
65 71
65 72
65 74
65 75
65 76
65 78
65 80
65 82
65 83
65 86
65 87
65 88
65 89
65 90
65 91
65 94
65 95
65 97
65 98
65 99
66 67
66 68
66 69
66 70
66 72
66 73
66 74
66 76
66 77
66 82
66 83
66 87
66 89
66 92
66 93
66 95
66 96
66 97
66 98
67 68
67 69
67 70
67 71
67 73
67 74
67 76
67 78
67 80
67 81
67 82
67 83
67 84
67 86
67 88
67 91
67 92
67 93
67 95
67 97
67 99
68 71
68 73
68 74
68 75
68 76
68 78
68 80
68 81
68 82
68 86
68 89
68 90
68 91
68 92
68 93
68 96
68 97
68 98
69 71
69 73
69 74
69 75
69 78
69 79
69 80
69 82
69 83
69 84
69 85
69 87
69 88
69 89
69 92
69 93
69 94
69 95
69 96
69 97
69 98
70 73
70 74
70 78
70 80
70 81
70 83
70 84
70 85
70 86
70 88
70 89
70 90
70 91
70 92
70 94
70 95
70 96
70 97
70 98
70 99
71 74
71 75
71 78
71 79
71 80
71 81
71 82
71 84
71 86
71 87
71 90
71 91
71 92
71 96
71 97
71 98
71 99
72 74
72 76
72 77
72 79
72 80
72 81
72 85
72 86
72 87
72 88
72 89
72 90
72 95
72 97
72 98
72 99
73 74
73 75
73 76
73 77
73 78
73 79
73 81
73 82
73 83
73 84
73 86
73 88
73 89
73 91
73 92
73 93
73 95
73 96
73 97
73 99
74 75
74 76
74 77
74 78
74 80
74 81
74 82
74 83
74 84
74 86
74 88
74 89
74 90
74 91
74 92
74 93
74 95
74 96
74 97
74 98
74 99
75 76
75 77
75 78
75 79
75 80
75 81
75 82
75 83
75 86
75 88
75 89
75 90
75 93
75 94
75 96
75 97
75 98
75 99
76 77
76 78
76 79
76 80
76 82
76 84
76 86
76 87
76 89
76 90
76 92
76 93
76 94
76 95
76 96
76 97
76 99
77 78
77 80
77 81
77 83
77 84
77 85
77 86
77 87
77 90
77 91
77 92
77 93
77 94
77 96
77 97
78 80
78 81
78 83
78 84
78 86
78 87
78 89
78 90
78 92
78 93
78 94
78 96
78 97
78 99
79 81
79 83
79 84
79 85
79 87
79 89
79 90
79 93
79 94
79 95
79 99
80 84
80 85
80 86
80 87
80 88
80 89
80 90
80 91
80 92
80 93
80 94
80 95
80 96
80 97
80 98
80 99
81 83
81 84
81 85
81 86
81 87
81 88
81 89
81 90
81 93
81 94
81 95
81 96
81 97
81 98
81 99
82 84
82 87
82 88
82 89
82 91
82 92
82 93
82 94
82 97
82 98
82 99
83 84
83 85
83 86
83 89
83 90
83 92
83 93
83 94
83 96
83 97
83 98
83 99
84 85
84 86
84 87
84 88
84 89
84 91
84 92
84 93
84 94
84 96
84 99
85 88
85 89
85 91
85 92
85 93
85 94
85 96
85 97
85 98
85 99
86 87
86 88
86 93
86 94
86 97
86 98
86 99
87 89
87 91
87 92
87 96
87 97
87 98
87 99
88 89
88 90
88 91
88 95
88 97
88 99
89 90
89 92
89 93
89 94
89 95
89 96
89 98
89 99
90 91
90 92
90 94
90 95
90 96
90 98
91 94
91 96
92 93
92 96
92 97
92 98
93 95
93 98
93 99
94 96
94 97
94 98
94 99
95 97
95 98
96 97
96 98
97 99
98 99
