100 1500
0 2
0 7
0 10
0 12
0 21
0 22
0 24
0 25
0 31
0 34
0 36
0 40
0 41
0 42
0 43
0 44
0 45
0 59
0 63
0 66
0 67
0 68
0 75
0 86
0 94
0 97
1 2
1 3
1 7
1 12
1 15
1 16
1 21
1 22
1 23
1 28
1 29
1 32
1 33
1 37
1 40
1 41
1 44
1 46
1 50
1 56
1 59
1 63
1 65
1 68
1 69
1 71
1 74
1 75
1 76
1 79
1 86
1 94
1 95
2 3
2 4
2 7
2 9
2 14
2 18
2 19
2 20
2 21
2 24
2 25
2 26
2 27
2 32
2 35
2 42
2 49
2 51
2 52
2 54
2 56
2 57
2 59
2 68
2 70
2 71
2 72
2 75
2 76
2 87
2 90
2 94
2 96
2 99
3 4
3 6
3 7
3 9
3 16
3 18
3 24
3 25
3 35
3 37
3 43
3 48
3 54
3 60
3 61
3 63
3 64
3 66
3 69
3 71
3 72
3 73
3 76
3 79
3 81
3 82
3 85
3 86
3 88
3 89
3 90
3 95
3 97
3 98
4 8
4 15
4 18
4 20
4 23
4 26
4 29
4 31
4 32
4 33
4 35
4 36
4 43
4 44
4 45
4 48
4 53
4 55
4 58
4 63
4 64
4 66
4 69
4 84
4 86
4 93
5 7
5 12
5 14
5 15
5 27
5 29
5 33
5 34
5 36
5 37
5 39
5 43
5 44
5 47
5 49
5 51
5 55
5 57
5 58
5 61
5 63
5 64
5 65
5 68
5 69
5 71
5 79
5 81
5 82
5 83
5 85
5 94
5 96
6 10
6 11
6 12
6 13
6 14
6 17
6 24
6 25
6 37
6 42
6 43
6 45
6 46
6 47
6 52
6 55
6 62
6 63
6 69
6 70
6 74
6 78
6 87
6 91
6 92
6 93
6 95
6 99
7 8
7 19
7 29
7 34
7 37
7 39
7 40
7 43
7 44
7 48
7 50
7 53
7 54
7 56
7 61
7 63
7 66
7 68
7 69
7 70
7 72
7 76
7 78
7 81
7 99
8 9
8 10
8 12
8 14
8 19
8 21
8 23
8 29
8 31
8 41
8 46
8 48
8 49
8 55
8 66
8 72
8 75
8 77
8 78
8 90
8 93
8 96
8 99
9 11
9 12
9 16
9 20
9 25
9 27
9 30
9 33
9 36
9 37
9 38
9 40
9 47
9 48
9 50
9 51
9 52
9 54
9 56
9 59
9 62
9 68
9 72
9 75
9 89
9 90
9 91
9 95
10 13
10 15
10 16
10 17
10 18
10 19
10 21
10 23
10 25
10 32
10 33
10 34
10 38
10 40
10 45
10 51
10 58
10 60
10 61
10 62
10 68
10 71
10 78
10 80
10 81
10 85
10 90
10 91
10 92
11 13
11 20
11 25
11 27
11 29
11 32
11 34
11 36
11 38
11 41
11 47
11 49
11 51
11 52
11 53
11 54
11 55
11 58
11 59
11 63
11 66
11 70
11 80
11 83
11 87
11 90
11 91
11 92
11 97
11 98
12 13
12 21
12 25
12 27
12 28
12 33
12 35
12 36
12 37
12 42
12 44
12 48
12 54
12 55
12 56
12 57
12 59
12 60
12 68
12 71
12 74
12 85
12 89
12 90
12 92
12 98
12 99
13 14
13 17
13 23
13 29
13 30
13 32
13 33
13 50
13 54
13 56
13 59
13 62
13 63
13 66
13 68
13 70
13 72
13 73
13 75
13 77
13 83
13 84
13 91
13 96
13 97
13 98
14 15
14 33
14 38
14 46
14 56
14 66
14 68
14 73
14 76
14 77
14 81
14 84
14 88
14 90
14 92
14 93
14 96
15 17
15 18
15 21
15 22
15 34
15 35
15 43
15 46
15 48
15 52
15 54
15 58
15 60
15 67
15 69
15 73
15 77
15 79
15 80
15 83
15 84
15 85
15 92
16 17
16 19
16 20
16 22
16 25
16 26
16 27
16 32
16 33
16 36
16 43
16 46
16 47
16 53
16 56
16 60
16 66
16 73
16 80
16 81
16 83
16 84
16 88
16 90
16 91
16 93
16 95
16 96
16 98
16 99
17 18
17 23
17 27
17 29
17 30
17 31
17 46
17 47
17 49
17 50
17 51
17 52
17 54
17 55
17 67
17 73
17 76
17 81
17 99
18 19
18 24
18 25
18 26
18 33
18 34
18 36
18 37
18 38
18 40
18 43
18 50
18 51
18 52
18 54
18 56
18 59
18 62
18 67
18 70
18 72
18 73
18 74
18 76
18 80
18 81
18 88
18 92
18 94
18 95
18 96
18 98
18 99
19 22
19 25
19 28
19 34
19 36
19 39
19 42
19 44
19 50
19 53
19 55
19 56
19 57
19 61
19 64
19 65
19 70
19 72
19 75
19 77
19 79
19 83
19 85
19 87
19 88
19 92
19 93
19 97
19 98
20 21
20 22
20 23
20 26
20 31
20 35
20 38
20 42
20 54
20 55
20 60
20 61
20 63
20 78
20 79
20 80
20 83
20 84
20 85
20 87
20 88
21 22
21 25
21 26
21 35
21 39
21 43
21 49
21 50
21 52
21 54
21 59
21 66
21 67
21 72
21 73
21 74
21 77
21 79
21 80
21 86
21 89
21 94
22 23
22 24
22 26
22 30
22 34
22 35
22 36
22 40
22 42
22 47
22 48
22 51
22 52
22 53
22 58
22 59
22 63
22 65
22 68
22 76
22 85
22 97
22 98
22 99
23 26
23 27
23 32
23 34
23 35
23 41
23 42
23 44
23 48
23 49
23 53
23 55
23 64
23 66
23 72
23 74
23 78
23 80
23 81
23 83
23 87
23 93
23 96
23 97
23 99
24 26
24 27
24 30
24 31
24 33
24 42
24 45
24 46
24 47
24 49
24 51
24 55
24 64
24 65
24 68
24 69
24 75
24 82
24 84
24 86
24 87
24 88
24 90
24 94
25 27
25 40
25 43
25 44
25 51
25 53
25 58
25 61
25 64
25 65
25 66
25 68
25 69
25 71
25 72
25 74
25 75
25 77
25 80
25 82
25 83
25 86
25 87
25 89
25 93
25 95
25 98
26 29
26 31
26 32
26 38
26 41
26 43
26 46
26 48
26 49
26 50
26 52
26 53
26 54
26 55
26 56
26 57
26 58
26 62
26 64
26 68
26 70
26 73
26 78
26 80
26 81
26 84
26 85
26 90
26 91
26 94
26 96
26 99
27 34
27 38
27 39
27 40
27 44
27 49
27 51
27 58
27 60
27 62
27 63
27 64
27 69
27 70
27 79
27 88
27 93
27 98
28 32
28 35
28 40
28 44
28 45
28 49
28 51
28 55
28 56
28 57
28 58
28 65
28 67
28 69
28 71
28 77
28 80
28 86
28 91
28 93
28 97
29 32
29 34
29 46
29 48
29 52
29 54
29 57
29 61
29 69
29 73
29 74
29 77
29 79
29 82
29 84
29 85
29 90
29 91
29 93
30 35
30 51
30 52
30 55
30 59
30 60
30 63
30 69
30 71
30 73
30 78
30 80
30 83
31 33
31 35
31 37
31 40
31 41
31 45
31 46
31 48
31 52
31 54
31 56
31 58
31 62
31 65
31 66
31 70
31 73
31 75
31 84
31 85
31 88
31 91
31 95
32 33
32 35
32 39
32 40
32 46
32 50
32 52
32 56
32 64
32 66
32 70
32 74
32 76
32 80
32 83
32 91
32 92
32 93
32 97
33 36
33 38
33 41
33 42
33 43
33 46
33 47
33 52
33 53
33 61
33 63
33 64
33 68
33 71
33 77
33 79
33 81
33 83
33 86
33 89
33 90
33 91
33 92
33 93
33 96
34 38
34 41
34 42
34 48
34 51
34 52
34 61
34 65
34 67
34 75
34 82
34 84
34 85
34 86
34 91
34 92
34 96
35 36
35 37
35 39
35 53
35 54
35 55
35 57
35 60
35 66
35 67
35 68
35 70
35 74
35 75
35 77
35 79
35 81
35 87
35 89
35 90
35 94
35 95
35 99
36 39
36 57
36 63
36 64
36 67
36 68
36 72
36 75
36 83
36 84
36 87
36 89
36 92
36 93
36 96
37 44
37 49
37 53
37 58
37 62
37 63
37 66
37 72
37 73
37 74
37 77
37 78
37 81
37 82
37 83
37 93
37 96
38 41
38 43
38 44
38 45
38 46
38 55
38 60
38 61
38 67
38 72
38 73
38 76
38 79
38 81
38 87
38 91
38 92
38 97
38 98
38 99
39 42
39 46
39 50
39 54
39 59
39 61
39 62
39 63
39 64
39 68
39 72
39 76
39 78
39 84
39 86
39 87
39 90
39 92
39 93
39 97
39 98
39 99
40 41
40 50
40 53
40 54
40 55
40 58
40 59
40 62
40 65
40 66
40 67
40 69
40 70
40 89
40 92
40 93
40 98
41 42
41 44
41 45
41 55
41 56
41 58
41 59
41 60
41 61
41 66
41 72
41 73
41 76
41 78
41 80
41 82
41 85
41 98
42 43
42 45
42 50
42 51
42 55
42 59
42 60
42 62
42 63
42 68
42 69
42 70
42 72
42 74
42 78
42 79
42 80
42 87
42 95
43 45
43 46
43 50
43 60
43 62
43 64
43 65
43 70
43 73
43 75
43 77
43 81
43 82
43 83
43 85
43 86
43 98
44 46
44 48
44 49
44 52
44 57
44 58
44 66
44 69
44 74
44 75
44 78
44 80
44 83
44 88
44 94
44 97
44 99
45 47
45 48
45 52
45 54
45 62
45 66
45 70
45 72
45 75
45 77
45 93
45 94
45 99
46 51
46 55
46 56
46 59
46 63
46 64
46 66
46 70
46 75
46 77
46 78
46 80
46 81
46 85
46 86
46 87
46 89
47 48
47 54
47 55
47 58
47 67
47 76
47 77
47 83
47 84
47 87
47 89
48 49
48 53
48 55
48 56
48 70
48 71
48 73
48 74
48 80
48 81
48 82
48 84
48 93
48 94
49 51
49 52
49 59
49 61
49 64
49 67
49 72
49 73
49 82
49 88
49 90
49 93
50 52
50 54
50 55
50 57
50 59
50 61
50 68
50 71
50 74
50 75
50 78
50 80
50 84
50 86
50 88
50 90
50 92
50 97
50 99
51 54
51 56
51 62
51 64
51 67
51 73
51 78
51 81
51 82
51 85
51 92
51 93
51 95
51 98
51 99
52 56
52 61
52 72
52 75
52 76
52 82
52 84
52 90
52 91
52 92
52 94
52 95
52 97
52 98
53 61
53 64
53 65
53 66
53 69
53 73
53 74
53 76
53 80
53 81
53 84
53 87
53 89
53 90
53 92
53 95
53 98
54 55
54 63
54 64
54 65
54 72
54 86
54 88
54 90
54 92
54 93
54 97
55 57
55 58
55 65
55 72
55 74
55 75
55 77
55 78
55 81
55 82
55 85
55 88
55 92
55 94
56 60
56 61
56 62
56 66
56 70
56 73
56 74
56 75
56 79
56 80
56 86
56 90
56 92
56 94
56 97
56 98
56 99
57 60
57 61
57 63
57 66
57 75
57 82
57 93
57 95
58 61
58 62
58 69
58 70
58 72
58 73
58 74
58 75
58 77
58 85
58 90
58 92
59 60
59 63
59 68
59 71
59 74
59 76
59 79
59 85
59 92
59 93
59 94
59 97
60 62
60 73
60 74
60 77
60 80
60 82
60 89
60 96
60 98
61 63
61 74
61 77
61 81
61 90
61 94
61 95
61 97
62 66
62 69
62 70
62 74
62 84
62 92
63 65
63 68
63 80
63 81
63 87
63 89
63 90
63 94
64 66
64 71
64 72
64 73
64 79
64 80
64 85
64 86
64 88
64 89
64 97
65 67
65 68
65 70
65 72
65 73
65 76
65 77
65 78
65 80
65 82
65 84
65 86
65 92
65 97
66 67
66 69
66 74
66 77
66 79
66 81
66 86
66 87
66 92
66 95
67 68
67 69
67 71
67 73
67 74
67 78
67 79
67 93
67 94
67 96
68 70
68 73
68 76
68 81
68 83
68 87
68 89
68 94
68 95
69 71
69 74
69 75
69 91
69 93
69 99
70 72
70 74
70 77
70 78
70 81
70 82
70 89
70 94
70 99
71 72
71 74
71 82
71 85
71 86
71 91
71 95
71 96
71 97
71 98
72 74
72 76
72 86
72 87
72 92
72 93
72 94
72 96
72 97
73 77
73 78
73 83
73 87
73 89
73 94
73 95
73 97
73 99
74 77
74 80
74 81
74 87
74 93
74 98
75 80
75 81
75 83
75 85
75 89
75 91
75 94
75 95
75 96
76 77
76 81
76 82
76 83
76 84
76 90
76 92
76 95
77 86
77 87
77 91
77 92
77 94
77 95
78 80
78 82
78 88
78 89
78 93
79 83
79 85
79 86
79 88
79 91
80 81
80 93
80 95
81 82
81 85
81 87
81 91
81 95
81 97
82 90
82 91
82 94
82 97
83 84
83 90
83 98
84 87
84 90
84 92
84 97
84 98
84 99
85 87
85 88
85 92
85 94
85 95
85 96
85 98
85 99
86 87
86 89
86 92
86 96
86 97
87 89
87 92
87 93
87 96
87 97
88 90
88 93
88 95
88 98
89 93
89 97
90 92
90 95
90 98
90 99
91 92
91 93
91 94
92 94
93 96
93 97
94 96
95 99
98 99
