20 130
0 1
0 2
0 3
0 4
0 5
0 7
0 9
0 10
0 11
0 12
0 13
0 16
0 17
0 18
1 2
1 4
1 5
1 6
1 7
1 10
1 11
1 12
1 13
1 14
1 15
1 16
1 17
1 18
1 19
2 4
2 5
2 6
2 7
2 12
2 13
2 14
2 15
2 16
2 17
2 18
2 19
3 4
3 6
3 7
3 8
3 9
3 10
3 15
3 16
3 18
3 19
4 10
4 11
4 12
4 13
4 14
4 15
4 16
4 17
4 18
5 7
5 8
5 12
5 13
5 14
5 15
5 16
5 17
5 18
5 19
6 7
6 9
6 10
6 11
6 16
6 17
6 18
6 19
7 9
7 11
7 13
7 17
7 18
8 10
8 11
8 12
8 14
8 15
8 16
8 18
8 19
9 11
9 12
9 14
9 15
9 16
9 18
9 19
10 11
10 15
10 16
10 18
10 19
11 12
11 13
11 14
11 15
11 16
11 17
11 19
12 13
12 14
12 15
12 18
12 19
13 14
13 15
13 16
13 17
13 18
14 15
14 17
14 18
15 17
15 19
16 17
16 18
17 18
17 19
18 19
