250 9307
0 5
0 7
0 10
0 14
0 15
0 16
0 22
0 24
0 25
0 28
0 33
0 36
0 37
0 38
0 40
0 48
0 49
0 53
0 62
0 75
0 76
0 80
0 81
0 84
0 86
0 89
0 91
0 96
0 97
0 101
0 105
0 107
0 112
0 116
0 119
0 122
0 129
0 132
0 133
0 136
0 142
0 144
0 146
0 148
0 149
0 150
0 158
0 159
0 160
0 162
0 163
0 168
0 169
0 171
0 172
0 175
0 177
0 179
0 181
0 184
0 186
0 207
0 212
0 216
0 220
0 221
0 225
0 230
0 231
0 234
0 235
0 237
0 239
0 248
1 4
1 5
1 7
1 14
1 19
1 21
1 23
1 27
1 28
1 32
1 33
1 35
1 38
1 39
1 43
1 55
1 65
1 72
1 77
1 79
1 82
1 84
1 85
1 88
1 89
1 90
1 91
1 93
1 99
1 100
1 103
1 105
1 107
1 109
1 121
1 125
1 128
1 130
1 134
1 136
1 138
1 142
1 145
1 146
1 154
1 157
1 163
1 164
1 174
1 175
1 177
1 184
1 186
1 188
1 191
1 197
1 198
1 199
1 200
1 202
1 206
1 208
1 211
1 214
1 218
1 219
1 220
1 224
1 226
1 228
1 230
1 235
1 236
1 243
1 247
2 3
2 10
2 11
2 20
2 21
2 22
2 23
2 25
2 28
2 30
2 40
2 42
2 43
2 48
2 49
2 50
2 51
2 53
2 60
2 64
2 66
2 71
2 72
2 75
2 85
2 105
2 111
2 113
2 114
2 120
2 126
2 129
2 132
2 135
2 137
2 141
2 150
2 151
2 153
2 158
2 159
2 162
2 166
2 171
2 174
2 175
2 182
2 185
2 186
2 190
2 193
2 198
2 199
2 201
2 205
2 207
2 208
2 210
2 213
2 220
2 222
2 226
2 227
2 234
2 237
2 240
2 243
2 244
2 248
3 5
3 8
3 12
3 14
3 18
3 20
3 22
3 24
3 26
3 29
3 31
3 34
3 36
3 41
3 45
3 47
3 49
3 54
3 61
3 63
3 65
3 66
3 69
3 74
3 75
3 82
3 83
3 85
3 86
3 88
3 90
3 91
3 93
3 94
3 98
3 99
3 100
3 103
3 104
3 109
3 115
3 116
3 120
3 121
3 123
3 124
3 125
3 128
3 129
3 130
3 133
3 134
3 137
3 138
3 139
3 140
3 141
3 144
3 146
3 149
3 156
3 157
3 160
3 161
3 162
3 163
3 171
3 182
3 184
3 187
3 188
3 189
3 191
3 193
3 195
3 197
3 198
3 199
3 204
3 205
3 206
3 212
3 223
3 226
3 227
3 231
3 232
3 233
3 234
3 235
3 237
3 242
3 246
3 248
4 5
4 16
4 17
4 19
4 24
4 26
4 28
4 31
4 37
4 43
4 45
4 48
4 50
4 53
4 54
4 58
4 60
4 66
4 68
4 72
4 73
4 82
4 85
4 87
4 88
4 91
4 93
4 99
4 102
4 109
4 115
4 116
4 122
4 126
4 129
4 131
4 132
4 137
4 145
4 148
4 154
4 155
4 158
4 159
4 161
4 162
4 164
4 165
4 168
4 171
4 174
4 177
4 178
4 179
4 180
4 188
4 190
4 197
4 198
4 201
4 204
4 210
4 211
4 217
4 218
4 219
4 222
4 230
4 232
4 236
4 238
4 240
4 245
4 248
5 9
5 11
5 17
5 19
5 20
5 22
5 23
5 24
5 30
5 31
5 32
5 36
5 38
5 40
5 42
5 44
5 47
5 50
5 52
5 53
5 58
5 59
5 61
5 65
5 69
5 72
5 73
5 76
5 77
5 78
5 83
5 85
5 95
5 97
5 102
5 104
5 105
5 109
5 111
5 115
5 120
5 122
5 132
5 134
5 137
5 139
5 140
5 145
5 151
5 154
5 156
5 158
5 162
5 164
5 166
5 172
5 179
5 180
5 184
5 186
5 187
5 192
5 201
5 203
5 207
5 211
5 212
5 213
5 218
5 221
5 224
5 230
5 233
5 237
5 239
5 241
6 7
6 8
6 13
6 15
6 18
6 27
6 31
6 32
6 37
6 38
6 41
6 43
6 44
6 46
6 47
6 52
6 63
6 66
6 67
6 69
6 70
6 71
6 79
6 84
6 93
6 98
6 101
6 104
6 110
6 112
6 114
6 115
6 117
6 120
6 122
6 126
6 129
6 131
6 139
6 140
6 142
6 144
6 145
6 152
6 157
6 159
6 166
6 167
6 169
6 170
6 171
6 178
6 180
6 182
6 188
6 191
6 194
6 195
6 196
6 203
6 205
6 207
6 209
6 219
6 221
6 224
6 226
6 230
6 233
6 234
6 241
6 246
7 13
7 16
7 18
7 27
7 28
7 36
7 37
7 38
7 44
7 48
7 49
7 51
7 52
7 53
7 55
7 57
7 61
7 64
7 66
7 69
7 71
7 74
7 75
7 81
7 89
7 90
7 93
7 97
7 101
7 104
7 105
7 109
7 111
7 112
7 120
7 121
7 123
7 126
7 127
7 129
7 131
7 132
7 138
7 143
7 145
7 148
7 152
7 153
7 155
7 156
7 160
7 163
7 170
7 174
7 188
7 193
7 194
7 196
7 197
7 198
7 199
7 201
7 205
7 206
7 210
7 214
7 215
7 219
7 230
7 231
7 232
7 233
7 234
7 242
7 243
7 244
7 245
7 249
8 9
8 11
8 12
8 19
8 22
8 23
8 24
8 25
8 29
8 36
8 39
8 43
8 44
8 57
8 58
8 60
8 69
8 72
8 74
8 77
8 85
8 87
8 93
8 94
8 96
8 104
8 105
8 108
8 120
8 125
8 128
8 131
8 138
8 144
8 147
8 148
8 149
8 150
8 152
8 153
8 155
8 158
8 162
8 168
8 172
8 174
8 187
8 188
8 190
8 199
8 206
8 208
8 211
8 216
8 222
8 224
8 229
8 236
8 244
8 245
8 247
8 249
9 13
9 14
9 20
9 21
9 31
9 32
9 33
9 35
9 36
9 37
9 40
9 46
9 47
9 52
9 53
9 54
9 55
9 56
9 59
9 62
9 63
9 68
9 72
9 74
9 77
9 84
9 85
9 86
9 87
9 92
9 94
9 99
9 101
9 102
9 104
9 105
9 114
9 119
9 124
9 127
9 128
9 129
9 131
9 137
9 138
9 139
9 140
9 142
9 147
9 152
9 153
9 154
9 156
9 157
9 158
9 160
9 166
9 168
9 172
9 176
9 184
9 189
9 197
9 201
9 202
9 211
9 222
9 225
9 226
9 231
9 235
9 240
10 13
10 17
10 20
10 21
10 22
10 30
10 32
10 36
10 37
10 40
10 42
10 44
10 47
10 52
10 54
10 57
10 59
10 62
10 68
10 69
10 72
10 74
10 83
10 87
10 95
10 99
10 103
10 110
10 111
10 113
10 116
10 117
10 122
10 125
10 134
10 135
10 136
10 137
10 140
10 143
10 144
10 147
10 149
10 158
10 160
10 162
10 164
10 169
10 174
10 176
10 179
10 181
10 186
10 188
10 190
10 191
10 193
10 194
10 202
10 207
10 210
10 214
10 217
10 220
10 228
10 237
10 239
10 243
11 21
11 27
11 34
11 35
11 36
11 37
11 42
11 45
11 46
11 49
11 51
11 56
11 57
11 60
11 62
11 63
11 74
11 79
11 85
11 86
11 91
11 92
11 97
11 98
11 99
11 100
11 106
11 114
11 117
11 118
11 119
11 122
11 126
11 134
11 136
11 138
11 139
11 143
11 149
11 150
11 158
11 160
11 163
11 166
11 173
11 174
11 176
11 179
11 180
11 183
11 194
11 196
11 198
11 201
11 202
11 204
11 205
11 210
11 213
11 216
11 217
11 220
11 223
11 228
11 234
11 236
11 237
11 241
11 243
11 247
12 17
12 20
12 30
12 33
12 34
12 38
12 40
12 42
12 47
12 52
12 53
12 58
12 60
12 61
12 62
12 67
12 69
12 70
12 71
12 77
12 78
12 79
12 82
12 85
12 86
12 88
12 90
12 94
12 96
12 98
12 99
12 100
12 101
12 103
12 105
12 109
12 110
12 118
12 126
12 132
12 145
12 146
12 149
12 157
12 159
12 163
12 165
12 166
12 178
12 181
12 182
12 186
12 191
12 195
12 198
12 199
12 201
12 204
12 205
12 209
12 210
12 214
12 219
12 221
12 225
12 228
12 231
12 233
12 238
12 245
12 249
13 14
13 16
13 32
13 33
13 34
13 39
13 42
13 49
13 53
13 59
13 63
13 64
13 66
13 68
13 70
13 71
13 74
13 80
13 82
13 83
13 84
13 88
13 89
13 91
13 94
13 97
13 98
13 99
13 104
13 107
13 113
13 116
13 117
13 118
13 127
13 136
13 138
13 139
13 143
13 146
13 147
13 148
13 153
13 157
13 158
13 159
13 165
13 171
13 172
13 173
13 183
13 188
13 195
13 196
13 199
13 204
13 206
13 207
13 221
13 226
13 228
13 229
13 233
13 234
13 240
13 241
13 248
14 23
14 27
14 29
14 34
14 38
14 40
14 41
14 46
14 47
14 49
14 51
14 56
14 70
14 71
14 79
14 80
14 83
14 85
14 91
14 94
14 95
14 96
14 102
14 103
14 106
14 110
14 113
14 114
14 120
14 122
14 129
14 133
14 134
14 148
14 149
14 150
14 151
14 154
14 159
14 162
14 165
14 169
14 170
14 171
14 173
14 174
14 176
14 179
14 182
14 187
14 189
14 190
14 202
14 205
14 208
14 209
14 216
14 221
14 223
14 225
14 226
14 236
14 238
14 246
15 18
15 21
15 24
15 27
15 33
15 34
15 37
15 39
15 42
15 44
15 49
15 51
15 53
15 54
15 56
15 59
15 61
15 62
15 64
15 70
15 72
15 92
15 96
15 97
15 101
15 102
15 103
15 109
15 112
15 114
15 120
15 124
15 127
15 135
15 136
15 138
15 141
15 142
15 143
15 150
15 157
15 165
15 169
15 176
15 177
15 178
15 181
15 182
15 188
15 190
15 193
15 197
15 205
15 208
15 209
15 210
15 211
15 214
15 217
15 220
15 225
15 226
15 228
15 234
15 242
15 243
15 245
16 23
16 24
16 25
16 30
16 37
16 40
16 44
16 45
16 48
16 49
16 56
16 60
16 61
16 63
16 67
16 69
16 72
16 77
16 78
16 79
16 80
16 81
16 82
16 83
16 86
16 91
16 103
16 106
16 108
16 110
16 111
16 117
16 120
16 122
16 124
16 126
16 127
16 128
16 130
16 131
16 138
16 144
16 145
16 148
16 150
16 154
16 156
16 157
16 164
16 174
16 179
16 181
16 185
16 187
16 191
16 196
16 199
16 205
16 206
16 208
16 209
16 213
16 215
16 217
16 218
16 221
16 223
16 225
16 227
16 228
16 233
16 234
16 237
16 244
16 247
16 248
17 19
17 21
17 23
17 26
17 33
17 36
17 37
17 38
17 41
17 45
17 48
17 50
17 52
17 55
17 60
17 64
17 67
17 68
17 69
17 72
17 73
17 74
17 79
17 81
17 91
17 92
17 93
17 99
17 107
17 108
17 114
17 120
17 123
17 125
17 126
17 129
17 131
17 133
17 143
17 146
17 148
17 153
17 154
17 156
17 157
17 163
17 168
17 170
17 171
17 173
17 179
17 180
17 183
17 187
17 188
17 189
17 193
17 195
17 197
17 204
17 205
17 209
17 210
17 211
17 212
17 213
17 215
17 217
17 218
17 220
17 224
17 226
17 227
17 228
17 229
17 231
17 232
17 234
17 235
17 238
17 240
17 247
18 24
18 26
18 28
18 32
18 40
18 41
18 45
18 48
18 49
18 52
18 53
18 55
18 59
18 63
18 72
18 73
18 75
18 77
18 78
18 85
18 90
18 92
18 97
18 102
18 107
18 108
18 119
18 123
18 124
18 125
18 127
18 132
18 139
18 143
18 145
18 151
18 152
18 153
18 158
18 159
18 160
18 161
18 163
18 169
18 174
18 178
18 179
18 182
18 185
18 186
18 187
18 190
18 193
18 196
18 204
18 207
18 214
18 217
18 219
18 220
18 222
18 224
18 225
18 227
18 229
18 233
18 235
18 236
18 246
18 247
19 23
19 24
19 25
19 27
19 30
19 34
19 41
19 42
19 45
19 48
19 51
19 54
19 57
19 58
19 65
19 67
19 72
19 75
19 76
19 79
19 80
19 82
19 86
19 88
19 91
19 92
19 97
19 104
19 105
19 107
19 112
19 113
19 120
19 122
19 128
19 129
19 139
19 140
19 141
19 148
19 152
19 156
19 158
19 160
19 167
19 171
19 172
19 174
19 180
19 186
19 189
19 192
19 196
19 197
19 200
19 204
19 209
19 217
19 218
19 224
19 226
19 231
19 241
19 242
19 244
19 247
19 249
20 24
20 26
20 30
20 33
20 36
20 38
20 40
20 42
20 43
20 45
20 52
20 53
20 57
20 62
20 66
20 72
20 75
20 76
20 80
20 87
20 88
20 91
20 95
20 98
20 99
20 102
20 107
20 109
20 112
20 113
20 116
20 117
20 118
20 119
20 126
20 127
20 128
20 130
20 138
20 143
20 144
20 145
20 147
20 149
20 159
20 164
20 168
20 171
20 172
20 173
20 179
20 182
20 185
20 186
20 188
20 193
20 195
20 197
20 198
20 200
20 205
20 206
20 207
20 211
20 212
20 216
20 219
20 220
20 221
20 223
20 227
20 232
20 234
20 235
20 238
20 244
20 248
20 249
21 22
21 25
21 28
21 30
21 34
21 35
21 36
21 38
21 42
21 44
21 45
21 47
21 51
21 52
21 53
21 54
21 56
21 59
21 67
21 71
21 74
21 78
21 79
21 88
21 91
21 92
21 95
21 96
21 97
21 99
21 100
21 102
21 103
21 105
21 119
21 120
21 121
21 125
21 130
21 132
21 133
21 136
21 143
21 145
21 151
21 154
21 156
21 163
21 164
21 165
21 168
21 169
21 176
21 179
21 182
21 187
21 190
21 191
21 193
21 200
21 205
21 214
21 219
21 234
21 237
21 239
21 241
22 23
22 24
22 25
22 27
22 28
22 35
22 37
22 38
22 43
22 44
22 46
22 49
22 51
22 52
22 55
22 58
22 60
22 62
22 63
22 64
22 66
22 67
22 68
22 73
22 80
22 82
22 89
22 90
22 96
22 99
22 109
22 111
22 114
22 116
22 120
22 122
22 127
22 128
22 130
22 139
22 141
22 142
22 143
22 145
22 156
22 157
22 159
22 160
22 163
22 164
22 165
22 166
22 171
22 178
22 179
22 180
22 188
22 197
22 202
22 205
22 209
22 215
22 219
22 220
22 222
22 224
22 226
22 228
22 233
22 234
22 235
22 236
22 238
22 239
22 244
22 249
23 24
23 26
23 37
23 40
23 45
23 46
23 49
23 51
23 54
23 55
23 58
23 59
23 60
23 66
23 69
23 70
23 72
23 76
23 84
23 85
23 86
23 87
23 91
23 107
23 112
23 113
23 114
23 115
23 116
23 118
23 127
23 130
23 135
23 138
23 145
23 149
23 150
23 156
23 160
23 163
23 174
23 175
23 178
23 184
23 187
23 189
23 194
23 198
23 201
23 203
23 206
23 207
23 213
23 219
23 221
23 224
23 228
23 230
23 231
23 232
23 234
23 247
23 249
24 29
24 32
24 37
24 43
24 54
24 58
24 60
24 68
24 75
24 76
24 77
24 78
24 85
24 86
24 88
24 89
24 92
24 94
24 96
24 98
24 99
24 100
24 109
24 110
24 127
24 132
24 133
24 135
24 138
24 143
24 146
24 147
24 148
24 151
24 154
24 161
24 163
24 164
24 168
24 169
24 173
24 174
24 175
24 181
24 183
24 186
24 187
24 193
24 194
24 195
24 198
24 199
24 200
24 204
24 206
24 208
24 209
24 217
24 218
24 221
24 223
24 228
24 230
24 232
24 235
24 238
24 241
24 244
24 246
24 248
25 28
25 34
25 49
25 51
25 57
25 61
25 62
25 64
25 68
25 70
25 72
25 78
25 80
25 82
25 87
25 89
25 94
25 97
25 103
25 105
25 106
25 115
25 121
25 122
25 135
25 137
25 140
25 144
25 147
25 150
25 157
25 158
25 160
25 163
25 166
25 169
25 173
25 175
25 185
25 187
25 188
25 189
25 191
25 195
25 196
25 197
25 204
25 207
25 210
25 211
25 216
25 219
25 233
25 234
25 240
25 243
26 31
26 32
26 41
26 42
26 44
26 52
26 55
26 57
26 63
26 65
26 72
26 77
26 79
26 81
26 88
26 89
26 91
26 99
26 101
26 102
26 104
26 106
26 108
26 109
26 112
26 118
26 120
26 125
26 126
26 132
26 136
26 140
26 141
26 142
26 145
26 150
26 152
26 153
26 155
26 170
26 172
26 173
26 178
26 181
26 190
26 193
26 196
26 199
26 200
26 203
26 207
26 208
26 212
26 214
26 215
26 216
26 218
26 230
26 232
26 236
26 240
26 244
26 247
27 28
27 29
27 30
27 31
27 32
27 37
27 47
27 48
27 50
27 55
27 57
27 59
27 63
27 66
27 67
27 68
27 82
27 88
27 94
27 96
27 99
27 100
27 104
27 106
27 108
27 117
27 120
27 121
27 122
27 123
27 125
27 128
27 130
27 131
27 132
27 135
27 137
27 142
27 147
27 149
27 152
27 154
27 159
27 163
27 164
27 167
27 168
27 169
27 170
27 171
27 172
27 173
27 174
27 175
27 184
27 187
27 190
27 197
27 200
27 201
27 202
27 204
27 207
27 210
27 211
27 214
27 224
27 226
27 231
27 232
27 236
27 239
27 240
27 241
27 242
27 244
27 246
27 249
28 31
28 34
28 38
28 44
28 53
28 54
28 60
28 68
28 74
28 78
28 80
28 91
28 100
28 104
28 108
28 109
28 111
28 116
28 117
28 119
28 123
28 127
28 128
28 131
28 132
28 133
28 138
28 142
28 144
28 146
28 147
28 148
28 149
28 152
28 158
28 160
28 162
28 169
28 170
28 173
28 176
28 179
28 182
28 184
28 185
28 186
28 188
28 196
28 202
28 206
28 207
28 213
28 215
28 216
28 217
28 218
28 220
28 223
28 236
28 239
28 241
28 245
28 249
29 32
29 34
29 36
29 39
29 46
29 47
29 49
29 50
29 51
29 53
29 61
29 62
29 66
29 67
29 69
29 71
29 72
29 75
29 76
29 80
29 88
29 94
29 98
29 100
29 101
29 105
29 106
29 108
29 109
29 114
29 123
29 126
29 135
29 136
29 138
29 145
29 146
29 149
29 150
29 158
29 159
29 161
29 173
29 181
29 182
29 186
29 190
29 192
29 195
29 197
29 203
29 209
29 211
29 214
29 215
29 217
29 219
29 222
29 228
29 230
29 237
29 244
29 248
30 35
30 43
30 44
30 45
30 57
30 58
30 60
30 69
30 70
30 71
30 74
30 76
30 78
30 93
30 102
30 103
30 107
30 113
30 131
30 133
30 137
30 141
30 142
30 148
30 152
30 154
30 155
30 159
30 160
30 162
30 164
30 165
30 167
30 170
30 173
30 176
30 188
30 191
30 193
30 198
30 199
30 202
30 206
30 207
30 208
30 209
30 210
30 212
30 214
30 223
30 227
30 234
30 235
30 236
30 237
30 239
30 245
30 246
30 247
31 33
31 43
31 46
31 48
31 49
31 50
31 53
31 58
31 63
31 67
31 68
31 69
31 74
31 75
31 78
31 80
31 81
31 82
31 88
31 89
31 90
31 92
31 96
31 97
31 98
31 103
31 119
31 121
31 122
31 132
31 133
31 136
31 140
31 143
31 145
31 146
31 150
31 156
31 163
31 168
31 169
31 170
31 171
31 173
31 175
31 180
31 183
31 185
31 186
31 190
31 195
31 199
31 200
31 205
31 206
31 208
31 210
31 211
31 212
31 215
31 218
31 220
31 221
31 223
31 231
31 240
31 242
32 33
32 35
32 37
32 40
32 46
32 47
32 48
32 59
32 61
32 62
32 63
32 68
32 71
32 72
32 74
32 78
32 79
32 82
32 84
32 89
32 96
32 100
32 102
32 104
32 109
32 110
32 118
32 122
32 127
32 128
32 129
32 138
32 139
32 141
32 142
32 155
32 160
32 163
32 164
32 168
32 174
32 181
32 182
32 184
32 185
32 186
32 193
32 195
32 203
32 218
32 220
32 222
32 224
32 230
32 231
32 240
32 245
32 249
33 35
33 36
33 41
33 43
33 45
33 51
33 54
33 62
33 67
33 75
33 78
33 83
33 86
33 92
33 94
33 96
33 101
33 103
33 108
33 109
33 113
33 114
33 115
33 116
33 118
33 119
33 123
33 126
33 133
33 140
33 141
33 145
33 146
33 153
33 156
33 157
33 159
33 163
33 167
33 168
33 169
33 172
33 173
33 175
33 179
33 182
33 183
33 186
33 188
33 194
33 195
33 196
33 198
33 201
33 202
33 208
33 211
33 212
33 217
33 220
33 221
33 223
33 227
33 240
33 242
33 247
33 248
34 35
34 39
34 42
34 45
34 48
34 49
34 51
34 52
34 53
34 55
34 59
34 60
34 66
34 71
34 75
34 76
34 84
34 87
34 90
34 91
34 93
34 100
34 102
34 105
34 107
34 109
34 110
34 117
34 119
34 123
34 124
34 129
34 135
34 141
34 142
34 143
34 144
34 150
34 162
34 163
34 171
34 172
34 175
34 178
34 188
34 192
34 197
34 206
34 212
34 226
34 227
34 228
34 230
34 231
34 237
34 239
34 242
34 248
35 41
35 42
35 43
35 49
35 52
35 66
35 67
35 80
35 81
35 87
35 88
35 89
35 93
35 94
35 97
35 99
35 101
35 104
35 106
35 110
35 114
35 121
35 125
35 127
35 130
35 132
35 139
35 140
35 150
35 151
35 152
35 155
35 160
35 162
35 166
35 168
35 174
35 175
35 178
35 179
35 182
35 184
35 185
35 187
35 191
35 193
35 195
35 198
35 199
35 204
35 205
35 206
35 208
35 213
35 215
35 225
35 227
35 228
35 230
35 232
35 234
35 238
35 239
35 240
35 242
35 244
35 246
36 37
36 41
36 43
36 46
36 48
36 49
36 50
36 51
36 53
36 54
36 57
36 61
36 62
36 64
36 66
36 72
36 87
36 90
36 92
36 95
36 97
36 101
36 108
36 109
36 114
36 115
36 127
36 134
36 135
36 141
36 142
36 143
36 146
36 147
36 148
36 150
36 155
36 156
36 164
36 165
36 169
36 174
36 179
36 184
36 189
36 192
36 194
36 197
36 201
36 204
36 205
36 206
36 208
36 209
36 213
36 222
36 225
36 226
36 232
36 233
36 237
36 239
36 243
36 247
36 249
37 38
37 41
37 45
37 47
37 49
37 54
37 61
37 65
37 66
37 76
37 77
37 82
37 86
37 92
37 93
37 100
37 104
37 105
37 106
37 110
37 115
37 125
37 126
37 132
37 135
37 137
37 142
37 143
37 148
37 149
37 150
37 157
37 162
37 164
37 165
37 166
37 168
37 169
37 172
37 173
37 177
37 181
37 186
37 190
37 192
37 194
37 196
37 198
37 202
37 203
37 206
37 209
37 211
37 215
37 222
37 223
37 225
37 226
37 228
37 230
37 234
37 243
37 244
37 245
37 247
37 249
38 42
38 45
38 47
38 50
38 51
38 57
38 61
38 62
38 64
38 73
38 75
38 81
38 84
38 88
38 90
38 99
38 101
38 103
38 104
38 113
38 116
38 119
38 121
38 123
38 136
38 143
38 145
38 147
38 150
38 151
38 152
38 157
38 159
38 163
38 165
38 166
38 167
38 169
38 170
38 171
38 172
38 174
38 188
38 189
38 190
38 194
38 195
38 198
38 202
38 204
38 205
38 206
38 208
38 210
38 212
38 214
38 217
38 222
38 226
38 228
38 230
38 240
38 247
38 249
39 40
39 42
39 43
39 45
39 47
39 48
39 52
39 53
39 55
39 56
39 60
39 66
39 68
39 69
39 73
39 77
39 85
39 90
39 92
39 93
39 94
39 95
39 102
39 106
39 107
39 108
39 116
39 117
39 121
39 122
39 124
39 125
39 128
39 130
39 131
39 135
39 138
39 141
39 142
39 143
39 145
39 149
39 151
39 152
39 153
39 158
39 174
39 175
39 176
39 181
39 183
39 185
39 192
39 194
39 195
39 197
39 198
39 201
39 203
39 205
39 207
39 210
39 218
39 221
39 223
39 226
39 233
39 237
39 238
39 240
39 242
39 245
39 247
40 42
40 43
40 44
40 48
40 51
40 53
40 54
40 55
40 60
40 64
40 65
40 66
40 67
40 69
40 70
40 72
40 76
40 90
40 91
40 92
40 98
40 101
40 103
40 109
40 118
40 121
40 126
40 133
40 134
40 137
40 139
40 142
40 150
40 157
40 158
40 166
40 167
40 169
40 178
40 179
40 184
40 185
40 191
40 192
40 195
40 196
40 201
40 202
40 206
40 208
40 209
40 210
40 212
40 215
40 220
40 221
40 226
40 232
40 237
40 240
40 248
41 44
41 45
41 49
41 52
41 53
41 56
41 58
41 66
41 73
41 74
41 77
41 78
41 79
41 81
41 86
41 90
41 93
41 94
41 98
41 101
41 102
41 109
41 115
41 120
41 122
41 123
41 125
41 132
41 134
41 145
41 147
41 151
41 153
41 159
41 160
41 161
41 163
41 166
41 173
41 184
41 186
41 193
41 194
41 195
41 205
41 207
41 211
41 212
41 216
41 217
41 225
41 228
41 233
41 234
41 237
41 239
41 240
41 243
42 49
42 52
42 54
42 55
42 63
42 65
42 66
42 69
42 74
42 82
42 83
42 87
42 93
42 96
42 106
42 107
42 108
42 114
42 117
42 121
42 125
42 128
42 129
42 132
42 134
42 135
42 136
42 141
42 143
42 147
42 159
42 160
42 170
42 172
42 181
42 182
42 187
42 188
42 189
42 190
42 191
42 197
42 198
42 205
42 209
42 210
42 211
42 215
42 216
42 224
42 225
42 227
42 231
42 237
42 243
43 47
43 52
43 55
43 58
43 62
43 64
43 72
43 77
43 78
43 83
43 84
43 88
43 96
43 97
43 99
43 103
43 107
43 114
43 115
43 116
43 119
43 124
43 127
43 128
43 129
43 131
43 132
43 134
43 135
43 136
43 139
43 140
43 141
43 143
43 147
43 149
43 153
43 155
43 158
43 162
43 163
43 171
43 172
43 174
43 175
43 178
43 181
43 183
43 191
43 195
43 196
43 198
43 201
43 202
43 203
43 205
43 209
43 226
43 229
43 234
43 235
43 239
43 243
44 45
44 47
44 51
44 55
44 56
44 57
44 62
44 66
44 69
44 70
44 75
44 76
44 77
44 84
44 85
44 86
44 87
44 89
44 93
44 106
44 110
44 111
44 115
44 120
44 124
44 129
44 136
44 137
44 138
44 139
44 141
44 144
44 147
44 154
44 156
44 158
44 161
44 163
44 168
44 170
44 173
44 176
44 178
44 181
44 188
44 189
44 191
44 193
44 195
44 196
44 202
44 207
44 210
44 212
44 217
44 219
44 223
44 225
44 226
44 234
44 237
44 242
45 47
45 48
45 57
45 61
45 63
45 66
45 71
45 74
45 79
45 91
45 93
45 97
45 98
45 99
45 103
45 104
45 106
45 110
45 112
45 116
45 117
45 118
45 119
45 126
45 130
45 135
45 138
45 141
45 142
45 143
45 147
45 149
45 150
45 160
45 163
45 166
45 170
45 172
45 176
45 177
45 179
45 184
45 185
45 192
45 194
45 200
45 203
45 204
45 207
45 208
45 211
45 217
45 219
45 224
45 227
45 229
45 231
45 233
45 235
45 239
45 240
45 242
46 51
46 52
46 59
46 63
46 81
46 84
46 85
46 88
46 91
46 93
46 97
46 99
46 105
46 106
46 108
46 109
46 114
46 116
46 119
46 123
46 129
46 136
46 145
46 148
46 157
46 159
46 164
46 165
46 179
46 182
46 184
46 185
46 187
46 191
46 197
46 198
46 200
46 204
46 206
46 210
46 213
46 218
46 219
46 220
46 226
46 232
46 234
46 236
46 237
46 244
46 245
46 249
47 57
47 62
47 63
47 69
47 70
47 72
47 78
47 79
47 81
47 82
47 83
47 85
47 88
47 89
47 94
47 95
47 96
47 97
47 98
47 101
47 103
47 111
47 112
47 114
47 117
47 118
47 123
47 126
47 128
47 129
47 130
47 132
47 143
47 144
47 147
47 152
47 155
47 157
47 158
47 159
47 161
47 163
47 168
47 175
47 177
47 184
47 187
47 188
47 190
47 191
47 192
47 194
47 197
47 206
47 208
47 213
47 215
47 216
47 220
47 222
47 226
47 230
47 233
47 234
47 240
47 243
47 244
47 245
47 247
48 50
48 53
48 54
48 55
48 64
48 65
48 66
48 67
48 68
48 69
48 70
48 75
48 79
48 85
48 91
48 92
48 93
48 98
48 104
48 105
48 108
48 110
48 112
48 115
48 118
48 129
48 131
48 139
48 141
48 143
48 147
48 149
48 150
48 151
48 154
48 155
48 158
48 163
48 164
48 175
48 184
48 187
48 196
48 198
48 199
48 200
48 202
48 206
48 207
48 209
48 213
48 217
48 218
48 226
48 228
48 229
48 231
48 234
48 235
48 237
48 238
48 243
48 244
48 247
49 60
49 64
49 69
49 71
49 72
49 75
49 76
49 79
49 87
49 93
49 94
49 98
49 99
49 101
49 107
49 108
49 129
49 130
49 137
49 138
49 143
49 144
49 148
49 149
49 154
49 157
49 158
49 159
49 161
49 165
49 176
49 183
49 190
49 196
49 197
49 199
49 203
49 216
49 217
49 219
49 221
49 222
49 223
49 224
49 225
49 230
49 233
49 237
49 249
50 52
50 54
50 56
50 57
50 62
50 63
50 67
50 68
50 72
50 76
50 78
50 79
50 80
50 81
50 84
50 85
50 91
50 92
50 95
50 97
50 98
50 100
50 104
50 113
50 114
50 115
50 121
50 122
50 124
50 126
50 129
50 135
50 137
50 139
50 142
50 146
50 158
50 162
50 167
50 170
50 171
50 173
50 177
50 182
50 183
50 189
50 193
50 194
50 195
50 196
50 202
50 209
50 210
50 216
50 220
50 222
50 224
50 225
50 226
50 238
50 242
50 247
50 248
50 249
51 55
51 62
51 65
51 67
51 68
51 69
51 74
51 90
51 92
51 95
51 97
51 100
51 103
51 106
51 109
51 114
51 115
51 121
51 123
51 125
51 130
51 131
51 132
51 133
51 137
51 141
51 146
51 148
51 158
51 162
51 168
51 169
51 173
51 179
51 180
51 181
51 184
51 187
51 188
51 190
51 195
51 197
51 207
51 208
51 209
51 212
51 215
51 216
51 220
51 222
51 225
51 228
51 232
51 238
51 240
51 241
51 242
51 243
51 247
51 248
52 60
52 63
52 67
52 73
52 79
52 80
52 85
52 91
52 94
52 95
52 96
52 99
52 100
52 105
52 107
52 108
52 111
52 116
52 119
52 123
52 133
52 134
52 137
52 139
52 141
52 144
52 149
52 152
52 155
52 161
52 162
52 163
52 170
52 171
52 174
52 175
52 178
52 179
52 181
52 189
52 192
52 194
52 195
52 211
52 214
52 215
52 220
52 221
52 223
52 225
52 229
52 232
52 234
52 239
52 240
52 241
52 242
52 245
52 248
53 60
53 63
53 68
53 83
53 86
53 88
53 93
53 95
53 97
53 98
53 101
53 107
53 113
53 114
53 115
53 116
53 119
53 122
53 124
53 125
53 134
53 142
53 143
53 153
53 162
53 167
53 171
53 180
53 183
53 190
53 194
53 195
53 197
53 199
53 200
53 205
53 206
53 211
53 214
53 216
53 222
53 223
53 230
53 231
53 232
53 233
53 241
53 243
53 244
54 56
54 77
54 83
54 84
54 85
54 87
54 89
54 95
54 97
54 102
54 103
54 111
54 112
54 119
54 122
54 125
54 129
54 131
54 135
54 136
54 139
54 140
54 141
54 149
54 152
54 153
54 154
54 161
54 166
54 168
54 171
54 174
54 175
54 177
54 190
54 199
54 201
54 203
54 215
54 217
54 220
54 233
54 237
54 241
54 242
55 58
55 60
55 64
55 67
55 68
55 80
55 82
55 84
55 86
55 89
55 90
55 97
55 101
55 107
55 108
55 109
55 122
55 129
55 130
55 132
55 137
55 138
55 139
55 142
55 144
55 149
55 150
55 152
55 163
55 167
55 168
55 170
55 181
55 183
55 187
55 189
55 193
55 195
55 198
55 206
55 211
55 212
55 216
55 217
55 220
55 227
55 228
55 232
55 233
55 239
55 245
56 67
56 72
56 73
56 74
56 76
56 77
56 83
56 87
56 88
56 89
56 94
56 97
56 98
56 100
56 106
56 110
56 112
56 114
56 116
56 117
56 121
56 125
56 126
56 131
56 132
56 135
56 136
56 141
56 144
56 146
56 148
56 149
56 151
56 153
56 159
56 162
56 163
56 165
56 167
56 171
56 176
56 180
56 181
56 194
56 195
56 196
56 197
56 199
56 202
56 204
56 206
56 208
56 210
56 216
56 218
56 220
56 222
56 226
56 233
56 235
56 241
56 245
56 249
57 61
57 64
57 65
57 74
57 76
57 79
57 84
57 87
57 94
57 102
57 107
57 108
57 109
57 110
57 112
57 114
57 118
57 130
57 134
57 137
57 139
57 142
57 148
57 153
57 154
57 155
57 156
57 159
57 161
57 164
57 171
57 172
57 178
57 179
57 180
57 181
57 184
57 187
57 192
57 194
57 198
57 199
57 208
57 209
57 210
57 214
57 216
57 221
57 222
57 228
57 239
57 240
57 242
57 248
58 59
58 65
58 67
58 68
58 69
58 70
58 74
58 75
58 78
58 86
58 87
58 89
58 97
58 98
58 101
58 102
58 104
58 105
58 106
58 111
58 112
58 124
58 127
58 128
58 134
58 142
58 143
58 151
58 153
58 155
58 163
58 169
58 172
58 176
58 180
58 184
58 186
58 187
58 188
58 189
58 191
58 192
58 195
58 199
58 200
58 204
58 205
58 206
58 212
58 213
58 216
58 219
58 221
58 224
58 225
58 231
58 232
58 233
58 239
58 243
58 246
59 61
59 63
59 75
59 79
59 80
59 85
59 88
59 89
59 90
59 96
59 110
59 112
59 113
59 114
59 117
59 121
59 122
59 126
59 135
59 137
59 140
59 141
59 142
59 148
59 153
59 159
59 161
59 168
59 170
59 173
59 174
59 175
59 176
59 177
59 178
59 181
59 183
59 189
59 193
59 195
59 196
59 199
59 213
59 214
59 216
59 218
59 226
59 227
59 233
59 234
59 238
59 246
59 247
60 61
60 62
60 64
60 70
60 72
60 76
60 79
60 82
60 84
60 93
60 95
60 98
60 101
60 112
60 117
60 120
60 128
60 131
60 134
60 140
60 146
60 148
60 150
60 155
60 160
60 163
60 165
60 166
60 168
60 169
60 170
60 173
60 178
60 180
60 185
60 188
60 189
60 190
60 194
60 196
60 198
60 199
60 201
60 202
60 204
60 205
60 208
60 209
60 213
60 220
60 222
60 231
60 234
60 243
60 244
61 63
61 64
61 68
61 70
61 71
61 74
61 79
61 81
61 83
61 90
61 91
61 92
61 95
61 108
61 109
61 111
61 113
61 114
61 122
61 124
61 127
61 128
61 131
61 134
61 142
61 145
61 147
61 148
61 152
61 154
61 156
61 157
61 158
61 159
61 160
61 162
61 166
61 168
61 169
61 170
61 186
61 194
61 195
61 196
61 197
61 198
61 207
61 210
61 212
61 214
61 215
61 216
61 217
61 218
61 220
61 221
61 223
61 232
61 236
61 241
61 243
62 65
62 68
62 72
62 74
62 82
62 85
62 97
62 101
62 104
62 108
62 115
62 116
62 120
62 123
62 135
62 137
62 141
62 142
62 143
62 145
62 147
62 151
62 152
62 153
62 162
62 166
62 167
62 169
62 171
62 190
62 194
62 196
62 197
62 202
62 205
62 214
62 217
62 225
62 228
62 230
62 232
62 237
62 239
62 241
62 243
62 245
62 247
62 249
63 64
63 65
63 66
63 67
63 68
63 71
63 74
63 78
63 83
63 84
63 86
63 87
63 91
63 94
63 95
63 96
63 97
63 99
63 103
63 105
63 106
63 109
63 110
63 111
63 113
63 117
63 119
63 120
63 131
63 136
63 144
63 146
63 151
63 152
63 157
63 161
63 165
63 168
63 170
63 172
63 174
63 175
63 176
63 178
63 179
63 183
63 187
63 189
63 191
63 194
63 207
63 212
63 214
63 218
63 219
63 222
63 225
63 226
63 232
63 233
63 235
63 236
63 237
63 239
63 242
63 247
64 67
64 71
64 73
64 86
64 89
64 90
64 91
64 92
64 93
64 94
64 99
64 107
64 109
64 125
64 129
64 130
64 136
64 137
64 139
64 140
64 144
64 147
64 148
64 149
64 151
64 152
64 160
64 164
64 168
64 171
64 172
64 174
64 178
64 179
64 180
64 181
64 183
64 187
64 188
64 190
64 193
64 196
64 199
64 200
64 207
64 209
64 210
64 212
64 218
64 221
64 223
64 224
64 231
64 232
64 234
64 235
64 239
64 241
64 243
64 246
64 248
65 72
65 75
65 76
65 78
65 79
65 80
65 81
65 83
65 85
65 86
65 95
65 102
65 104
65 107
65 108
65 113
65 114
65 115
65 116
65 120
65 122
65 124
65 125
65 128
65 130
65 131
65 135
65 144
65 147
65 149
65 151
65 153
65 155
65 157
65 160
65 167
65 171
65 175
65 179
65 180
65 185
65 186
65 187
65 194
65 196
65 199
65 200
65 207
65 214
65 220
65 228
65 229
65 231
65 232
65 236
65 240
65 242
65 243
65 244
65 246
65 249
66 67
66 69
66 71
66 77
66 82
66 86
66 89
66 90
66 92
66 103
66 104
66 105
66 108
66 111
66 116
66 125
66 128
66 129
66 130
66 132
66 133
66 135
66 136
66 137
66 152
66 154
66 155
66 156
66 159
66 163
66 167
66 170
66 175
66 182
66 183
66 186
66 190
66 191
66 193
66 198
66 209
66 216
66 219
66 225
66 226
66 227
66 228
66 235
66 239
66 244
66 245
66 246
66 248
66 249
67 70
67 71
67 72
67 73
67 75
67 77
67 78
67 86
67 87
67 92
67 93
67 94
67 95
67 99
67 101
67 102
67 109
67 110
67 112
67 123
67 129
67 130
67 131
67 133
67 134
67 138
67 140
67 144
67 145
67 146
67 149
67 160
67 164
67 165
67 173
67 174
67 181
67 188
67 189
67 190
67 195
67 197
67 198
67 207
67 208
67 211
67 212
67 213
67 215
67 218
67 234
67 243
67 244
67 246
68 69
68 70
68 72
68 80
68 81
68 82
68 84
68 85
68 89
68 91
68 109
68 112
68 113
68 114
68 118
68 119
68 120
68 124
68 125
68 129
68 137
68 147
68 154
68 158
68 162
68 163
68 171
68 172
68 173
68 175
68 176
68 180
68 181
68 183
68 185
68 186
68 189
68 191
68 195
68 197
68 198
68 199
68 203
68 204
68 206
68 207
68 210
68 211
68 212
68 213
68 215
68 218
68 219
68 226
68 230
68 231
68 238
68 239
68 241
68 242
68 249
69 76
69 79
69 80
69 81
69 82
69 85
69 87
69 89
69 90
69 94
69 95
69 98
69 105
69 110
69 111
69 115
69 119
69 120
69 122
69 127
69 128
69 129
69 130
69 132
69 133
69 141
69 144
69 146
69 148
69 149
69 151
69 158
69 159
69 160
69 161
69 162
69 165
69 166
69 168
69 169
69 171
69 174
69 179
69 184
69 188
69 193
69 195
69 202
69 208
69 209
69 212
69 215
69 217
69 219
69 224
69 229
69 230
69 233
69 235
69 238
69 241
69 244
69 245
69 249
70 73
70 76
70 77
70 78
70 86
70 90
70 105
70 108
70 109
70 112
70 114
70 116
70 119
70 123
70 125
70 126
70 130
70 133
70 141
70 145
70 149
70 150
70 153
70 155
70 157
70 164
70 168
70 169
70 170
70 175
70 177
70 180
70 185
70 190
70 193
70 198
70 199
70 201
70 203
70 206
70 208
70 210
70 211
70 215
70 216
70 222
70 223
70 224
70 225
70 227
70 231
70 232
70 234
70 235
70 236
70 237
70 245
71 75
71 76
71 77
71 78
71 84
71 86
71 87
71 92
71 93
71 98
71 102
71 103
71 116
71 122
71 129
71 130
71 137
71 138
71 139
71 147
71 150
71 153
71 164
71 170
71 171
71 172
71 179
71 180
71 183
71 186
71 188
71 199
71 200
71 201
71 206
71 207
71 208
71 210
71 217
71 218
71 219
71 222
71 229
71 234
71 239
71 244
71 247
72 73
72 75
72 81
72 85
72 90
72 96
72 100
72 106
72 108
72 109
72 113
72 115
72 116
72 124
72 128
72 129
72 130
72 131
72 133
72 139
72 142
72 143
72 146
72 150
72 152
72 155
72 158
72 160
72 161
72 172
72 173
72 178
72 185
72 187
72 202
72 205
72 206
72 208
72 209
72 212
72 215
72 220
72 223
72 226
72 230
72 231
72 233
72 234
72 238
72 239
72 240
72 245
73 75
73 77
73 86
73 88
73 93
73 95
73 96
73 97
73 98
73 100
73 104
73 105
73 106
73 110
73 114
73 120
73 122
73 129
73 130
73 137
73 139
73 141
73 143
73 148
73 150
73 159
73 164
73 165
73 166
73 170
73 173
73 174
73 175
73 178
73 179
73 180
73 187
73 188
73 190
73 193
73 203
73 208
73 209
73 210
73 211
73 218
73 220
73 227
73 230
73 234
73 237
73 242
73 246
73 247
74 75
74 80
74 81
74 82
74 84
74 86
74 90
74 91
74 94
74 95
74 98
74 102
74 103
74 105
74 106
74 107
74 115
74 116
74 124
74 125
74 126
74 137
74 140
74 141
74 144
74 148
74 149
74 154
74 159
74 160
74 161
74 163
74 174
74 178
74 181
74 183
74 189
74 196
74 199
74 202
74 203
74 204
74 211
74 215
74 220
74 237
74 241
74 246
74 247
75 76
75 77
75 78
75 81
75 84
75 86
75 88
75 90
75 93
75 98
75 101
75 109
75 111
75 117
75 119
75 124
75 127
75 129
75 130
75 132
75 138
75 139
75 145
75 150
75 155
75 156
75 158
75 161
75 166
75 169
75 173
75 177
75 178
75 180
75 181
75 187
75 188
75 189
75 192
75 194
75 195
75 197
75 203
75 205
75 207
75 216
75 218
75 225
75 228
75 229
75 233
75 234
75 235
75 238
75 239
75 240
75 241
75 242
75 243
75 244
75 249
76 77
76 83
76 88
76 89
76 90
76 92
76 99
76 113
76 115
76 119
76 122
76 123
76 124
76 140
76 141
76 143
76 151
76 152
76 162
76 169
76 172
76 173
76 174
76 176
76 180
76 181
76 182
76 185
76 189
76 190
76 191
76 194
76 195
76 200
76 201
76 202
76 210
76 214
76 217
76 220
76 223
76 227
76 228
76 230
76 231
76 233
76 235
76 236
76 237
76 248
77 81
77 82
77 90
77 93
77 98
77 99
77 106
77 107
77 108
77 111
77 112
77 114
77 117
77 121
77 122
77 126
77 127
77 132
77 133
77 134
77 138
77 143
77 145
77 148
77 151
77 152
77 153
77 154
77 155
77 157
77 160
77 167
77 173
77 174
77 178
77 182
77 186
77 188
77 195
77 196
77 203
77 204
77 206
77 209
77 215
77 219
77 226
77 227
77 228
77 236
77 238
77 247
77 248
78 80
78 82
78 86
78 89
78 103
78 105
78 106
78 110
78 111
78 112
78 115
78 119
78 121
78 129
78 132
78 135
78 137
78 138
78 142
78 143
78 145
78 146
78 148
78 149
78 153
78 159
78 161
78 166
78 169
78 181
78 183
78 184
78 186
78 192
78 196
78 197
78 199
78 200
78 202
78 208
78 209
78 222
78 233
78 234
78 241
79 81
79 82
79 83
79 91
79 95
79 98
79 99
79 100
79 103
79 107
79 108
79 113
79 120
79 121
79 122
79 124
79 125
79 128
79 133
79 136
79 139
79 140
79 150
79 152
79 153
79 154
79 155
79 164
79 166
79 168
79 171
79 172
79 174
79 177
79 178
79 179
79 180
79 182
79 185
79 198
79 199
79 200
79 204
79 207
79 213
79 214
79 215
79 221
79 222
79 225
79 231
79 232
79 235
79 236
79 240
79 241
79 242
79 246
79 247
80 81
80 83
80 84
80 85
80 97
80 99
80 101
80 102
80 127
80 131
80 133
80 139
80 140
80 141
80 142
80 146
80 149
80 151
80 153
80 156
80 160
80 163
80 164
80 165
80 170
80 172
80 173
80 177
80 179
80 181
80 183
80 190
80 191
80 194
80 196
80 198
80 199
80 200
80 202
80 210
80 213
80 214
80 219
80 222
80 224
80 228
80 230
80 233
80 234
80 236
80 241
81 85
81 89
81 92
81 102
81 107
81 108
81 109
81 113
81 127
81 130
81 131
81 133
81 135
81 136
81 143
81 147
81 151
81 153
81 155
81 159
81 162
81 164
81 171
81 180
81 181
81 182
81 185
81 186
81 190
81 191
81 193
81 194
81 196
81 205
81 209
81 210
81 212
81 219
81 230
81 232
81 233
81 237
81 242
81 243
82 89
82 93
82 94
82 103
82 106
82 107
82 109
82 110
82 113
82 116
82 117
82 128
82 130
82 134
82 139
82 140
82 142
82 145
82 148
82 150
82 151
82 152
82 158
82 164
82 167
82 168
82 169
82 176
82 177
82 178
82 179
82 181
82 187
82 188
82 189
82 190
82 195
82 196
82 199
82 203
82 207
82 212
82 214
82 216
82 222
82 223
82 225
82 226
82 234
82 235
82 247
83 84
83 87
83 96
83 97
83 98
83 100
83 104
83 106
83 109
83 114
83 119
83 124
83 127
83 132
83 133
83 139
83 143
83 147
83 151
83 155
83 166
83 174
83 178
83 184
83 185
83 186
83 189
83 197
83 200
83 204
83 210
83 212
83 214
83 217
83 218
83 220
83 221
83 224
83 231
83 232
83 234
83 236
83 240
83 242
83 243
83 245
83 246
83 249
84 85
84 95
84 101
84 102
84 103
84 114
84 117
84 118
84 121
84 131
84 132
84 133
84 134
84 138
84 140
84 141
84 144
84 151
84 153
84 155
84 160
84 165
84 167
84 168
84 173
84 174
84 176
84 178
84 179
84 182
84 183
84 187
84 188
84 191
84 197
84 206
84 208
84 210
84 213
84 215
84 219
84 223
84 229
84 230
84 235
84 236
84 245
84 247
84 248
85 87
85 90
85 93
85 96
85 98
85 100
85 107
85 114
85 117
85 123
85 129
85 142
85 146
85 148
85 150
85 153
85 154
85 155
85 161
85 164
85 165
85 166
85 171
85 177
85 180
85 182
85 184
85 189
85 192
85 195
85 201
85 206
85 210
85 211
85 214
85 217
85 227
85 231
85 240
85 241
85 242
85 243
85 248
86 93
86 97
86 101
86 102
86 103
86 112
86 118
86 120
86 128
86 130
86 133
86 136
86 137
86 142
86 144
86 150
86 151
86 154
86 158
86 159
86 160
86 162
86 165
86 169
86 171
86 176
86 178
86 179
86 181
86 182
86 184
86 197
86 199
86 202
86 209
86 210
86 216
86 217
86 221
86 222
86 229
86 238
86 239
86 243
86 249
87 94
87 98
87 102
87 107
87 108
87 111
87 115
87 116
87 117
87 120
87 122
87 123
87 136
87 138
87 142
87 144
87 146
87 147
87 149
87 150
87 153
87 155
87 164
87 169
87 170
87 171
87 174
87 178
87 179
87 181
87 190
87 197
87 198
87 207
87 208
87 215
87 216
87 218
87 223
87 225
87 230
87 232
87 233
87 237
87 238
87 240
87 241
87 242
87 245
87 247
88 90
88 97
88 100
88 101
88 103
88 109
88 110
88 120
88 123
88 128
88 130
88 131
88 134
88 146
88 152
88 154
88 162
88 163
88 167
88 170
88 171
88 178
88 181
88 190
88 198
88 199
88 208
88 210
88 213
88 214
88 216
88 220
88 221
88 222
88 224
88 229
88 230
88 232
88 233
88 235
88 238
88 239
88 247
88 248
88 249
89 91
89 92
89 94
89 102
89 111
89 112
89 114
89 135
89 136
89 139
89 146
89 147
89 150
89 152
89 156
89 158
89 163
89 164
89 166
89 168
89 171
89 173
89 176
89 179
89 180
89 183
89 186
89 188
89 198
89 199
89 212
89 221
89 223
89 230
89 236
89 239
89 240
90 92
90 93
90 94
90 95
90 98
90 99
90 101
90 106
90 107
90 110
90 114
90 117
90 118
90 119
90 120
90 129
90 130
90 131
90 133
90 134
90 140
90 142
90 143
90 145
90 146
90 152
90 153
90 168
90 171
90 179
90 180
90 183
90 184
90 185
90 190
90 191
90 193
90 195
90 197
90 199
90 205
90 209
90 210
90 212
90 215
90 217
90 219
90 222
90 224
90 225
90 226
90 227
90 234
90 236
90 238
90 239
90 245
90 247
90 249
91 92
91 95
91 102
91 103
91 105
91 107
91 112
91 115
91 116
91 121
91 124
91 126
91 127
91 128
91 129
91 130
91 134
91 140
91 151
91 152
91 153
91 166
91 169
91 172
91 178
91 182
91 184
91 185
91 186
91 187
91 189
91 190
91 191
91 193
91 194
91 195
91 204
91 209
91 219
91 222
91 223
91 224
91 233
91 236
91 237
91 238
91 239
91 241
92 93
92 94
92 104
92 105
92 111
92 115
92 117
92 118
92 119
92 120
92 123
92 125
92 129
92 138
92 140
92 142
92 152
92 155
92 157
92 160
92 163
92 168
92 170
92 171
92 174
92 179
92 181
92 186
92 187
92 191
92 196
92 199
92 204
92 206
92 208
92 211
92 213
92 214
92 215
92 217
92 221
92 222
92 223
92 224
92 227
92 230
92 236
92 239
92 240
92 241
92 243
92 245
92 246
93 94
93 96
93 101
93 105
93 107
93 108
93 111
93 117
93 123
93 124
93 127
93 128
93 132
93 135
93 136
93 138
93 139
93 141
93 142
93 143
93 146
93 147
93 153
93 158
93 162
93 163
93 166
93 168
93 169
93 171
93 172
93 173
93 175
93 176
93 177
93 180
93 181
93 183
93 189
93 199
93 200
93 201
93 204
93 206
93 208
93 209
93 222
93 223
93 224
93 227
93 236
93 241
93 243
94 96
94 97
94 98
94 99
94 101
94 104
94 107
94 112
94 115
94 120
94 121
94 123
94 126
94 127
94 128
94 129
94 132
94 135
94 136
94 137
94 143
94 144
94 146
94 148
94 154
94 157
94 159
94 165
94 166
94 171
94 174
94 178
94 182
94 189
94 192
94 195
94 205
94 206
94 211
94 215
94 216
94 217
94 218
94 221
94 226
94 232
94 233
94 237
94 238
94 241
94 242
94 246
94 247
95 96
95 98
95 106
95 107
95 110
95 111
95 113
95 116
95 120
95 123
95 124
95 130
95 132
95 150
95 156
95 159
95 160
95 166
95 167
95 172
95 174
95 179
95 181
95 184
95 187
95 188
95 190
95 191
95 192
95 193
95 194
95 197
95 198
95 202
95 203
95 204
95 206
95 211
95 215
95 220
95 224
95 230
95 235
95 237
95 245
95 246
95 248
96 97
96 104
96 106
96 111
96 114
96 115
96 116
96 118
96 119
96 121
96 124
96 125
96 127
96 133
96 134
96 138
96 139
96 140
96 141
96 143
96 148
96 152
96 154
96 155
96 156
96 157
96 158
96 160
96 161
96 163
96 165
96 171
96 172
96 174
96 179
96 185
96 186
96 188
96 190
96 204
96 211
96 215
96 235
96 236
96 238
96 241
96 244
96 245
96 248
97 98
97 100
97 109
97 112
97 113
97 118
97 121
97 124
97 125
97 128
97 132
97 139
97 150
97 151
97 153
97 157
97 159
97 165
97 166
97 171
97 176
97 183
97 184
97 190
97 194
97 195
97 201
97 210
97 211
97 213
97 214
97 216
97 221
97 223
97 225
97 226
97 232
97 233
97 238
97 240
97 244
98 100
98 101
98 120
98 121
98 124
98 127
98 131
98 132
98 134
98 136
98 139
98 141
98 142
98 143
98 145
98 146
98 149
98 153
98 156
98 157
98 161
98 162
98 165
98 177
98 178
98 183
98 184
98 185
98 186
98 191
98 195
98 198
98 203
98 207
98 208
98 209
98 211
98 212
98 213
98 215
98 217
98 218
98 222
98 224
98 226
98 227
98 237
98 241
98 242
98 243
98 245
98 246
99 100
99 101
99 102
99 104
99 106
99 108
99 109
99 118
99 121
99 124
99 126
99 132
99 137
99 147
99 152
99 154
99 158
99 162
99 164
99 165
99 166
99 172
99 176
99 177
99 180
99 192
99 193
99 194
99 195
99 196
99 197
99 203
99 207
99 208
99 210
99 215
99 216
99 217
99 223
99 230
99 231
99 235
99 239
99 243
99 247
99 249
100 103
100 111
100 114
100 115
100 118
100 121
100 126
100 127
100 128
100 131
100 133
100 134
100 137
100 139
100 140
100 143
100 145
100 148
100 149
100 151
100 153
100 154
100 157
100 160
100 161
100 162
100 163
100 164
100 174
100 176
100 179
100 180
100 183
100 187
100 188
100 189
100 191
100 194
100 196
100 197
100 201
100 203
100 218
100 233
100 242
100 249
101 105
101 115
101 119
101 121
101 123
101 124
101 127
101 131
101 134
101 137
101 138
101 139
101 142
101 147
101 150
101 156
101 157
101 161
101 173
101 178
101 181
101 184
101 185
101 194
101 197
101 198
101 205
101 208
101 211
101 214
101 215
101 218
101 222
101 223
101 224
101 226
101 233
101 235
101 236
101 237
101 238
101 240
101 243
101 247
102 104
102 110
102 119
102 121
102 122
102 128
102 132
102 138
102 142
102 154
102 159
102 170
102 171
102 174
102 175
102 181
102 194
102 196
102 199
102 203
102 208
102 210
102 216
102 218
102 219
102 221
102 222
102 223
102 227
102 228
102 231
102 235
102 239
102 240
102 244
103 109
103 110
103 112
103 113
103 115
103 122
103 125
103 128
103 129
103 130
103 133
103 138
103 140
103 141
103 142
103 146
103 147
103 152
103 153
103 159
103 160
103 162
103 166
103 169
103 173
103 183
103 186
103 191
103 195
103 205
103 207
103 208
103 209
103 211
103 212
103 221
103 226
103 227
103 232
103 233
103 238
103 239
103 243
103 247
104 108
104 110
104 111
104 116
104 119
104 131
104 132
104 133
104 134
104 135
104 138
104 139
104 140
104 145
104 146
104 152
104 154
104 159
104 160
104 161
104 164
104 165
104 171
104 172
104 180
104 182
104 184
104 187
104 188
104 191
104 194
104 200
104 202
104 212
104 213
104 220
104 221
104 222
104 223
104 225
104 230
104 232
104 233
104 235
104 236
104 243
104 247
105 115
105 118
105 119
105 120
105 127
105 131
105 135
105 147
105 152
105 153
105 159
105 164
105 167
105 168
105 176
105 180
105 182
105 186
105 188
105 191
105 194
105 196
105 198
105 199
105 203
105 206
105 209
105 210
105 212
105 217
105 218
105 221
105 228
105 230
105 231
105 232
105 235
105 243
105 248
105 249
106 111
106 115
106 116
106 117
106 118
106 119
106 128
106 131
106 132
106 134
106 138
106 146
106 149
106 153
106 154
106 159
106 160
106 163
106 169
106 175
106 176
106 177
106 180
106 181
106 188
106 189
106 190
106 201
106 202
106 203
106 209
106 220
106 222
106 226
106 227
106 231
106 235
106 239
106 242
106 243
106 248
107 108
107 110
107 113
107 119
107 120
107 121
107 122
107 123
107 125
107 131
107 132
107 135
107 140
107 143
107 144
107 148
107 149
107 151
107 152
107 155
107 156
107 160
107 162
107 168
107 170
107 171
107 174
107 176
107 179
107 182
107 186
107 187
107 189
107 192
107 198
107 199
107 200
107 201
107 202
107 205
107 208
107 211
107 219
107 223
107 224
107 228
107 229
107 230
107 232
107 235
107 237
107 238
107 239
107 243
107 246
107 247
107 248
108 112
108 122
108 129
108 130
108 131
108 133
108 134
108 135
108 142
108 143
108 145
108 149
108 152
108 158
108 159
108 162
108 166
108 172
108 173
108 175
108 176
108 182
108 189
108 192
108 197
108 198
108 199
108 203
108 205
108 211
108 224
108 225
108 229
108 236
108 239
108 243
108 247
109 110
109 113
109 116
109 123
109 124
109 125
109 128
109 130
109 136
109 137
109 139
109 140
109 143
109 146
109 149
109 158
109 174
109 178
109 181
109 183
109 190
109 193
109 197
109 200
109 206
109 209
109 219
109 220
109 225
109 226
109 231
109 233
109 235
109 243
109 244
109 246
110 111
110 113
110 116
110 118
110 122
110 128
110 132
110 146
110 148
110 149
110 158
110 161
110 166
110 167
110 175
110 181
110 184
110 186
110 190
110 191
110 194
110 196
110 200
110 212
110 218
110 219
110 220
110 221
110 222
110 223
110 228
110 231
110 236
110 237
110 238
110 239
110 240
110 243
110 244
110 245
110 246
110 247
111 112
111 113
111 115
111 116
111 117
111 120
111 121
111 122
111 134
111 137
111 139
111 148
111 154
111 164
111 168
111 169
111 171
111 177
111 179
111 191
111 192
111 193
111 194
111 196
111 207
111 210
111 221
111 223
111 225
111 226
111 227
111 228
111 229
111 232
111 236
111 247
112 115
112 120
112 122
112 128
112 130
112 132
112 133
112 135
112 138
112 139
112 140
112 141
112 153
112 156
112 159
112 160
112 170
112 173
112 174
112 175
112 177
112 181
112 183
112 186
112 187
112 193
112 197
112 198
112 200
112 202
112 203
112 204
112 209
112 210
112 212
112 216
112 217
112 219
112 224
112 226
112 234
112 236
112 238
112 245
113 114
113 120
113 130
113 132
113 133
113 135
113 140
113 144
113 145
113 148
113 154
113 155
113 157
113 170
113 172
113 174
113 177
113 178
113 179
113 183
113 185
113 187
113 188
113 191
113 192
113 193
113 195
113 201
113 217
113 218
113 219
113 220
113 223
113 224
113 234
113 237
113 239
113 248
113 249
114 115
114 118
114 123
114 125
114 133
114 137
114 138
114 139
114 140
114 145
114 147
114 149
114 152
114 154
114 160
114 163
114 165
114 166
114 168
114 172
114 175
114 176
114 181
114 182
114 185
114 198
114 203
114 205
114 206
114 207
114 209
114 210
114 216
114 220
114 221
114 222
114 229
114 232
114 234
114 235
114 238
114 243
114 244
115 117
115 124
115 126
115 128
115 135
115 138
115 143
115 144
115 156
115 163
115 164
115 166
115 171
115 187
115 190
115 194
115 195
115 198
115 202
115 204
115 212
115 216
115 221
115 225
115 226
115 228
115 232
115 233
115 234
115 242
115 245
115 247
115 249
116 119
116 126
116 127
116 133
116 136
116 140
116 146
116 149
116 152
116 156
116 158
116 162
116 172
116 173
116 177
116 180
116 187
116 188
116 189
116 193
116 194
116 196
116 197
116 199
116 200
116 205
116 206
116 208
116 209
116 213
116 218
116 223
116 226
116 233
116 236
116 238
116 239
116 246
116 248
117 118
117 120
117 122
117 129
117 134
117 135
117 138
117 151
117 156
117 160
117 161
117 163
117 170
117 171
117 173
117 183
117 184
117 185
117 189
117 193
117 195
117 197
117 198
117 199
117 200
117 207
117 208
117 211
117 216
117 218
117 221
117 223
117 224
117 231
117 237
117 238
117 248
117 249
118 119
118 150
118 154
118 156
118 157
118 160
118 161
118 162
118 165
118 172
118 178
118 185
118 188
118 189
118 206
118 212
118 215
118 216
118 219
118 223
118 225
118 226
118 228
118 229
118 231
118 233
118 236
118 237
118 239
118 241
118 246
118 247
118 249
119 125
119 127
119 133
119 138
119 145
119 148
119 153
119 158
119 162
119 165
119 168
119 173
119 175
119 178
119 180
119 181
119 189
119 191
119 192
119 193
119 198
119 215
119 216
119 220
119 221
119 223
119 226
119 227
119 228
119 230
119 233
119 243
119 246
119 247
119 249
120 122
120 129
120 130
120 131
120 133
120 134
120 138
120 142
120 143
120 147
120 152
120 162
120 165
120 169
120 170
120 172
120 173
120 174
120 177
120 178
120 180
120 182
120 185
120 189
120 196
120 197
120 200
120 201
120 209
120 210
120 214
120 221
120 222
120 231
120 240
120 242
120 243
120 245
120 246
121 122
121 123
121 125
121 129
121 136
121 140
121 143
121 144
121 145
121 149
121 152
121 161
121 165
121 172
121 175
121 183
121 188
121 193
121 198
121 201
121 202
121 204
121 208
121 209
121 210
121 222
121 234
121 238
121 239
121 241
121 247
121 248
121 249
122 125
122 130
122 131
122 132
122 134
122 136
122 138
122 142
122 152
122 157
122 158
122 159
122 160
122 161
122 165
122 169
122 176
122 179
122 181
122 184
122 189
122 190
122 192
122 195
122 196
122 200
122 206
122 207
122 210
122 215
122 216
122 218
122 222
122 226
122 227
122 229
122 233
122 234
122 238
122 239
122 240
122 246
122 248
123 127
123 131
123 132
123 139
123 143
123 144
123 145
123 147
123 153
123 154
123 155
123 160
123 162
123 163
123 165
123 169
123 170
123 171
123 174
123 175
123 179
123 180
123 182
123 191
123 194
123 195
123 198
123 199
123 203
123 205
123 215
123 216
123 218
123 221
123 227
123 228
123 235
123 236
123 237
123 238
123 245
123 248
124 129
124 143
124 145
124 147
124 158
124 162
124 163
124 167
124 169
124 172
124 179
124 181
124 188
124 192
124 195
124 204
124 205
124 207
124 208
124 214
124 218
124 219
124 222
124 223
124 224
124 225
124 230
124 234
124 235
124 248
124 249
125 127
125 128
125 132
125 134
125 138
125 145
125 147
125 150
125 157
125 160
125 166
125 168
125 172
125 173
125 175
125 177
125 181
125 184
125 187
125 189
125 192
125 194
125 196
125 200
125 205
125 207
125 208
125 209
125 216
125 217
125 221
125 225
125 226
125 229
125 240
125 241
125 242
125 244
125 247
126 129
126 133
126 141
126 144
126 145
126 155
126 162
126 165
126 171
126 172
126 174
126 181
126 186
126 187
126 189
126 190
126 193
126 194
126 195
126 196
126 197
126 198
126 200
126 201
126 204
126 205
126 206
126 207
126 208
126 213
126 215
126 218
126 225
126 227
126 229
126 234
126 239
126 241
126 249
127 132
127 135
127 136
127 143
127 151
127 154
127 155
127 160
127 168
127 177
127 190
127 195
127 203
127 211
127 212
127 224
127 227
127 230
127 234
127 236
127 241
127 242
128 132
128 138
128 140
128 141
128 142
128 143
128 145
128 149
128 151
128 154
128 156
128 158
128 167
128 168
128 177
128 179
128 181
128 184
128 185
128 186
128 194
128 195
128 196
128 197
128 201
128 205
128 209
128 211
128 214
128 230
128 231
128 235
128 239
128 241
128 242
128 245
129 138
129 141
129 146
129 147
129 149
129 150
129 155
129 163
129 168
129 174
129 175
129 181
129 183
129 188
129 191
129 197
129 200
129 202
129 203
129 204
129 205
129 210
129 215
129 216
129 220
129 224
129 225
129 229
129 234
129 235
129 236
129 239
129 242
129 245
130 131
130 132
130 133
130 135
130 136
130 140
130 144
130 146
130 153
130 155
130 161
130 166
130 168
130 169
130 170
130 176
130 179
130 184
130 193
130 197
130 198
130 207
130 208
130 209
130 210
130 215
130 222
130 225
130 226
130 228
130 229
130 230
130 232
130 239
130 248
131 133
131 135
131 140
131 142
131 143
131 147
131 150
131 152
131 154
131 155
131 158
131 163
131 164
131 165
131 167
131 169
131 171
131 176
131 181
131 182
131 184
131 188
131 196
131 197
131 205
131 207
131 211
131 213
131 217
131 218
131 222
131 226
131 230
131 236
131 244
132 135
132 136
132 138
132 139
132 140
132 141
132 143
132 144
132 149
132 153
132 158
132 159
132 162
132 164
132 165
132 171
132 172
132 177
132 182
132 183
132 184
132 187
132 191
132 193
132 194
132 196
132 200
132 206
132 208
132 216
132 218
132 221
132 231
132 234
132 236
132 238
132 244
132 246
133 135
133 138
133 140
133 143
133 148
133 149
133 152
133 153
133 154
133 160
133 164
133 173
133 181
133 187
133 188
133 189
133 192
133 198
133 201
133 204
133 207
133 213
133 214
133 217
133 222
133 234
133 235
133 237
133 239
133 247
133 248
134 135
134 137
134 139
134 140
134 141
134 146
134 151
134 153
134 156
134 160
134 162
134 163
134 173
134 181
134 182
134 189
134 190
134 193
134 201
134 202
134 203
134 204
134 209
134 210
134 213
134 214
134 215
134 216
134 224
134 226
134 231
134 233
134 237
134 238
134 242
134 243
134 248
135 137
135 138
135 143
135 145
135 147
135 150
135 157
135 159
135 165
135 167
135 169
135 174
135 179
135 181
135 186
135 188
135 194
135 197
135 199
135 200
135 201
135 203
135 204
135 205
135 207
135 208
135 209
135 210
135 212
135 214
135 217
135 218
135 219
135 223
135 227
135 228
135 235
135 240
135 241
135 243
135 244
135 245
135 247
135 249
136 139
136 146
136 147
136 151
136 153
136 154
136 155
136 156
136 157
136 158
136 161
136 164
136 168
136 174
136 179
136 180
136 181
136 188
136 189
136 190
136 192
136 194
136 195
136 200
136 201
136 203
136 204
136 208
136 213
136 214
136 215
136 218
136 220
136 226
136 227
136 239
136 241
136 243
136 245
137 140
137 141
137 145
137 146
137 148
137 149
137 150
137 153
137 155
137 163
137 166
137 167
137 168
137 171
137 175
137 176
137 189
137 192
137 198
137 200
137 201
137 203
137 205
137 209
137 210
137 213
137 219
137 220
137 222
137 223
137 224
137 230
137 231
137 234
138 141
138 142
138 143
138 163
138 166
138 169
138 170
138 171
138 177
138 183
138 184
138 186
138 189
138 192
138 194
138 195
138 197
138 198
138 200
138 205
138 207
138 208
138 210
138 212
138 216
138 221
138 223
138 225
138 236
138 241
138 242
138 247
139 147
139 149
139 151
139 156
139 157
139 159
139 161
139 162
139 173
139 174
139 177
139 179
139 180
139 181
139 182
139 184
139 185
139 188
139 191
139 197
139 201
139 202
139 204
139 205
139 209
139 210
139 213
139 215
139 217
139 222
139 223
139 224
139 227
139 228
139 234
139 238
140 144
140 145
140 149
140 157
140 171
140 179
140 183
140 185
140 191
140 193
140 194
140 197
140 199
140 209
140 210
140 212
140 213
140 215
140 223
140 227
140 228
140 230
140 231
140 232
140 234
140 243
140 247
141 143
141 145
141 147
141 152
141 154
141 156
141 157
141 158
141 161
141 163
141 165
141 171
141 174
141 175
141 177
141 178
141 180
141 185
141 186
141 188
141 192
141 195
141 200
141 202
141 205
141 212
141 213
141 216
141 218
141 219
141 227
141 228
141 231
141 233
141 240
141 246
141 248
141 249
142 144
142 156
142 160
142 161
142 162
142 171
142 173
142 176
142 179
142 180
142 182
142 187
142 188
142 193
142 194
142 198
142 206
142 207
142 210
142 212
142 220
142 221
142 222
142 224
142 230
142 231
142 243
143 147
143 151
143 153
143 154
143 155
143 156
143 157
143 158
143 162
143 163
143 164
143 166
143 169
143 175
143 177
143 181
143 186
143 190
143 195
143 199
143 200
143 201
143 205
143 212
143 213
143 215
143 219
143 221
143 230
143 232
143 234
143 236
143 237
143 240
143 241
143 244
143 245
143 247
144 146
144 151
144 154
144 163
144 170
144 175
144 178
144 184
144 185
144 194
144 198
144 204
144 206
144 208
144 209
144 212
144 213
144 215
144 217
144 220
144 227
144 232
144 234
144 235
144 236
144 238
144 239
144 243
144 245
145 149
145 151
145 158
145 162
145 163
145 165
145 170
145 171
145 174
145 180
145 182
145 184
145 185
145 195
145 203
145 204
145 210
145 212
145 213
145 216
145 223
145 226
145 227
145 228
145 229
145 231
145 232
145 233
145 237
145 245
145 246
145 247
146 154
146 158
146 162
146 163
146 167
146 174
146 179
146 180
146 182
146 185
146 186
146 188
146 194
146 197
146 201
146 203
146 207
146 208
146 209
146 211
146 213
146 215
146 217
146 228
146 237
146 242
146 244
146 246
147 149
147 153
147 155
147 158
147 159
147 161
147 164
147 165
147 177
147 188
147 191
147 196
147 197
147 200
147 204
147 210
147 213
147 221
147 226
147 228
147 230
147 235
147 239
147 240
147 241
147 244
148 151
148 154
148 155
148 156
148 158
148 164
148 166
148 172
148 179
148 184
148 185
148 187
148 189
148 193
148 195
148 200
148 204
148 205
148 207
148 211
148 213
148 214
148 215
148 221
148 226
148 227
148 228
148 235
148 236
148 237
148 242
148 244
148 247
148 248
149 157
149 160
149 161
149 162
149 165
149 169
149 172
149 175
149 177
149 179
149 180
149 181
149 182
149 184
149 189
149 192
149 193
149 194
149 198
149 199
149 200
149 208
149 215
149 216
149 218
149 222
149 223
149 224
149 226
149 236
149 239
150 151
150 154
150 156
150 157
150 159
150 160
150 164
150 168
150 172
150 176
150 177
150 200
150 203
150 207
150 208
150 209
150 211
150 213
150 220
150 221
150 224
150 225
150 227
150 228
150 232
150 233
150 235
150 240
151 152
151 153
151 155
151 157
151 158
151 162
151 163
151 166
151 167
151 169
151 171
151 174
151 176
151 194
151 195
151 198
151 201
151 204
151 211
151 215
151 216
151 218
151 223
151 226
151 227
151 232
151 236
151 237
151 240
151 243
151 247
151 249
152 157
152 161
152 167
152 177
152 178
152 181
152 186
152 187
152 189
152 190
152 194
152 197
152 199
152 202
152 207
152 213
152 221
152 223
152 226
152 229
152 236
152 242
152 245
152 246
152 249
153 156
153 160
153 162
153 164
153 167
153 174
153 178
153 179
153 184
153 185
153 194
153 195
153 202
153 203
153 204
153 206
153 207
153 209
153 216
153 221
153 226
153 228
153 230
153 238
153 247
154 155
154 156
154 162
154 166
154 169
154 170
154 171
154 173
154 174
154 176
154 177
154 181
154 187
154 204
154 213
154 214
154 216
154 217
154 219
154 220
154 224
154 226
154 231
154 232
154 234
154 241
154 242
154 244
154 245
155 157
155 158
155 159
155 162
155 163
155 176
155 178
155 185
155 189
155 190
155 191
155 194
155 198
155 204
155 207
155 210
155 211
155 215
155 216
155 217
155 224
155 227
155 229
155 231
155 233
155 236
155 242
155 247
156 157
156 158
156 160
156 162
156 167
156 168
156 174
156 178
156 183
156 184
156 186
156 187
156 191
156 192
156 194
156 200
156 201
156 203
156 206
156 208
156 211
156 212
156 213
156 217
156 225
156 227
156 230
156 233
156 239
156 249
157 158
157 159
157 165
157 166
157 167
157 169
157 170
157 176
157 177
157 178
157 179
157 181
157 182
157 186
157 187
157 191
157 192
157 194
157 200
157 201
157 204
157 206
157 207
157 208
157 209
157 212
157 217
157 218
157 226
157 230
157 237
157 245
157 246
158 159
158 160
158 163
158 164
158 174
158 176
158 180
158 182
158 185
158 188
158 191
158 193
158 195
158 198
158 203
158 206
158 208
158 210
158 218
158 220
158 222
158 223
158 227
158 238
158 240
158 242
158 246
158 248
158 249
159 160
159 162
159 163
159 164
159 165
159 169
159 172
159 175
159 176
159 180
159 184
159 186
159 188
159 189
159 190
159 198
159 207
159 209
159 210
159 213
159 216
159 217
159 224
159 229
159 233
159 247
160 166
160 167
160 170
160 171
160 178
160 182
160 184
160 187
160 192
160 200
160 201
160 203
160 204
160 212
160 218
160 227
160 229
160 234
160 239
160 241
160 246
160 248
160 249
161 164
161 170
161 175
161 176
161 180
161 182
161 183
161 186
161 187
161 189
161 191
161 193
161 196
161 202
161 204
161 206
161 215
161 216
161 218
161 220
161 221
161 222
161 230
161 236
161 239
161 240
161 241
161 242
161 243
161 245
161 247
162 163
162 168
162 177
162 184
162 190
162 196
162 202
162 203
162 204
162 206
162 209
162 210
162 215
162 216
162 224
162 226
162 229
162 230
162 235
162 236
162 238
162 241
162 244
162 245
162 249
163 168
163 170
163 177
163 180
163 184
163 191
163 195
163 202
163 206
163 207
163 212
163 214
163 217
163 224
163 243
164 171
164 172
164 177
164 178
164 179
164 187
164 194
164 195
164 199
164 204
164 206
164 207
164 211
164 214
164 227
164 230
164 233
164 234
164 236
164 244
164 246
164 249
165 169
165 177
165 180
165 181
165 184
165 193
165 198
165 199
165 201
165 204
165 206
165 222
165 223
165 226
165 229
165 231
165 232
165 233
165 239
165 240
165 246
166 167
166 168
166 170
166 171
166 172
166 178
166 179
166 185
166 187
166 188
166 190
166 193
166 196
166 198
166 199
166 204
166 206
166 210
166 213
166 220
166 222
166 229
166 232
166 235
166 243
167 181
167 182
167 184
167 186
167 191
167 193
167 200
167 202
167 203
167 204
167 206
167 207
167 209
167 211
167 212
167 213
167 214
167 216
167 220
167 226
167 227
167 228
167 232
167 239
167 246
168 171
168 172
168 176
168 180
168 185
168 186
168 188
168 195
168 197
168 202
168 203
168 204
168 207
168 211
168 221
168 228
168 235
168 236
168 238
168 241
168 242
168 247
169 175
169 176
169 181
169 182
169 183
169 184
169 185
169 191
169 193
169 197
169 201
169 203
169 204
169 206
169 210
169 211
169 219
169 222
169 223
169 224
169 246
169 249
170 171
170 177
170 191
170 196
170 202
170 204
170 206
170 209
170 228
170 231
170 234
170 236
170 239
171 172
171 177
171 183
171 184
171 185
171 194
171 205
171 206
171 209
171 214
171 219
171 220
171 222
171 223
171 227
171 231
171 236
171 240
171 245
171 246
171 248
172 178
172 184
172 188
172 189
172 192
172 193
172 194
172 198
172 202
172 203
172 207
172 208
172 209
172 210
172 214
172 215
172 217
172 219
172 220
172 222
172 225
172 227
172 238
172 244
172 249
173 177
173 184
173 195
173 197
173 198
173 201
173 203
173 204
173 206
173 213
173 215
173 219
173 221
173 224
173 227
173 241
173 248
174 176
174 182
174 184
174 191
174 192
174 193
174 195
174 197
174 202
174 205
174 207
174 211
174 212
174 213
174 223
174 224
174 225
174 232
174 238
174 241
174 242
174 245
174 248
175 176
175 178
175 181
175 186
175 189
175 190
175 191
175 197
175 200
175 201
175 202
175 205
175 209
175 211
175 216
175 217
175 221
175 225
175 227
175 231
175 239
175 240
175 244
175 246
175 249
176 184
176 195
176 197
176 199
176 200
176 203
176 205
176 210
176 211
176 216
176 217
176 221
176 233
176 237
176 241
176 245
176 248
176 249
177 179
177 181
177 183
177 184
177 187
177 192
177 200
177 205
177 213
177 214
177 218
177 222
177 223
177 238
177 239
177 245
177 246
177 247
178 181
178 184
178 185
178 186
178 188
178 189
178 193
178 194
178 196
178 203
178 206
178 208
178 214
178 216
178 218
178 220
178 222
178 226
178 230
178 242
178 247
179 182
179 184
179 185
179 186
179 189
179 195
179 197
179 209
179 212
179 220
179 225
179 231
179 232
179 235
179 236
179 244
179 247
179 249
180 182
180 184
180 186
180 187
180 188
180 194
180 195
180 197
180 203
180 209
180 213
180 214
180 222
180 225
180 227
180 230
180 238
180 245
181 182
181 186
181 196
181 198
181 203
181 212
181 217
181 219
181 225
181 231
181 236
181 241
181 243
181 244
181 246
182 184
182 185
182 187
182 190
182 191
182 199
182 204
182 207
182 215
182 216
182 223
182 224
182 230
182 231
182 234
182 235
182 238
182 240
182 248
183 184
183 186
183 192
183 194
183 195
183 201
183 202
183 203
183 210
183 221
183 222
183 228
183 230
183 234
183 242
183 247
183 249
184 185
184 190
184 200
184 204
184 206
184 214
184 216
184 220
184 222
184 223
184 229
184 230
184 243
184 244
184 247
184 248
184 249
185 187
185 188
185 194
185 196
185 199
185 200
185 203
185 205
185 208
185 210
185 212
185 214
185 215
185 220
185 223
185 224
185 226
185 231
185 233
185 239
185 244
185 246
185 248
185 249
186 188
186 189
186 191
186 199
186 200
186 203
186 204
186 205
186 213
186 218
186 220
186 222
186 223
186 224
186 235
186 236
186 240
186 248
187 196
187 203
187 213
187 216
187 217
187 221
187 223
187 227
187 231
187 234
187 235
187 236
187 237
187 241
187 246
187 248
187 249
188 190
188 196
188 197
188 198
188 199
188 204
188 209
188 217
188 218
188 220
188 226
188 228
188 231
188 232
188 234
188 236
188 238
188 240
188 241
188 243
188 247
189 190
189 191
189 200
189 202
189 204
189 206
189 208
189 210
189 211
189 213
189 214
189 220
189 224
189 226
189 227
189 229
189 232
189 233
189 234
189 235
189 239
189 242
189 244
189 245
189 247
189 249
190 200
190 202
190 204
190 206
190 215
190 216
190 225
190 231
190 232
190 233
190 234
190 240
190 242
190 245
190 248
191 194
191 195
191 198
191 199
191 200
191 205
191 209
191 210
191 214
191 223
191 224
191 226
191 227
191 228
191 232
191 233
191 234
191 237
191 238
191 247
192 197
192 198
192 201
192 214
192 219
192 220
192 222
192 235
192 237
192 238
192 241
192 245
193 194
193 197
193 204
193 212
193 217
193 222
193 223
193 224
193 225
193 228
193 237
193 239
193 240
194 195
194 196
194 198
194 200
194 203
194 204
194 205
194 207
194 210
194 213
194 215
194 217
194 218
194 221
194 225
194 228
194 235
194 238
194 240
194 241
194 244
194 248
195 200
195 201
195 202
195 203
195 206
195 207
195 208
195 215
195 216
195 217
195 219
195 221
195 223
195 224
195 228
195 229
195 234
195 242
195 243
195 244
196 197
196 202
196 203
196 204
196 208
196 211
196 213
196 215
196 221
196 223
196 225
196 230
196 233
196 234
196 240
196 244
196 245
196 247
197 200
197 205
197 206
197 209
197 213
197 214
197 215
197 219
197 221
197 223
197 225
197 233
197 239
197 241
197 247
198 199
198 200
198 203
198 205
198 206
198 208
198 209
198 214
198 218
198 221
198 230
198 237
198 240
198 247
198 248
199 207
199 215
199 216
199 219
199 221
199 223
199 226
199 227
199 228
199 235
199 238
199 239
199 240
199 241
199 243
199 244
199 247
199 248
200 203
200 207
200 210
200 213
200 217
200 218
200 221
200 222
200 229
200 232
200 234
200 237
200 238
200 239
200 241
200 245
200 246
200 247
200 249
201 203
201 206
201 207
201 213
201 218
201 221
201 224
201 225
201 226
201 228
201 232
201 234
201 235
201 238
201 244
201 248
202 203
202 208
202 214
202 215
202 216
202 220
202 222
202 230
202 234
202 239
202 240
202 242
202 247
203 207
203 208
203 215
203 216
203 225
203 227
203 228
203 230
203 235
203 238
203 241
203 244
203 249
204 206
204 212
204 217
204 221
204 231
204 232
204 243
204 246
204 248
205 213
205 214
205 216
205 221
205 224
205 225
205 232
205 235
205 236
205 240
205 241
205 244
205 246
205 249
206 210
206 212
206 214
206 216
206 227
206 230
206 232
206 237
206 242
206 244
206 247
206 248
206 249
207 214
207 217
207 223
207 224
207 235
207 238
207 239
207 240
207 241
207 243
207 246
207 247
208 210
208 218
208 219
208 231
208 233
208 235
208 236
208 237
208 249
209 211
209 214
209 216
209 223
209 226
209 229
209 232
209 233
209 238
209 239
209 241
209 242
209 244
209 245
209 247
210 221
210 225
210 228
210 235
210 236
210 237
210 244
210 246
211 215
211 221
211 228
211 230
211 233
211 239
211 241
211 243
211 249
212 220
212 224
212 226
212 232
212 234
212 238
212 240
212 241
212 242
212 246
213 217
213 219
213 223
213 232
213 233
213 235
213 247
213 249
214 216
214 218
214 219
214 220
214 222
214 224
214 226
214 233
214 240
214 242
214 246
214 247
214 248
215 220
215 223
215 227
215 231
215 232
215 233
215 235
215 237
215 240
215 246
216 217
216 220
216 223
216 227
216 231
216 234
216 236
216 239
216 241
216 245
216 246
216 247
216 248
217 219
217 221
217 223
217 224
217 227
217 229
217 230
217 233
217 234
217 236
217 245
217 247
218 220
218 225
218 228
218 235
218 236
218 237
218 240
218 246
219 222
219 224
219 226
219 229
219 231
219 232
219 234
219 237
219 248
219 249
220 221
220 222
220 223
220 225
220 226
220 227
220 228
220 231
220 232
220 234
220 235
220 237
220 238
220 245
221 227
221 233
221 235
221 238
221 241
222 225
222 227
222 230
222 231
222 234
222 239
222 241
223 224
223 226
223 227
223 233
223 234
223 235
223 239
223 240
223 241
223 242
223 243
223 245
223 248
223 249
224 226
224 230
224 232
224 234
224 235
224 240
224 241
224 242
224 247
224 249
225 231
225 232
225 233
225 234
225 236
225 242
225 244
225 245
225 248
225 249
226 227
226 228
226 229
226 230
226 232
226 238
226 241
226 242
226 244
226 246
226 248
227 231
227 238
227 239
227 242
227 243
228 231
228 237
228 239
228 242
228 246
228 248
229 230
229 235
229 237
229 238
229 241
229 242
229 245
229 247
229 249
230 247
231 232
231 233
231 234
231 236
231 238
231 239
231 241
231 243
231 246
231 248
232 233
232 234
232 235
232 236
232 237
232 241
232 242
232 243
232 246
232 247
232 249
233 234
233 235
233 237
233 243
233 244
233 245
233 248
234 245
234 246
234 249
235 236
235 238
235 239
235 241
236 238
236 240
236 244
236 248
236 249
237 238
237 239
237 241
237 246
237 248
237 249
238 243
238 246
238 248
239 243
239 244
239 245
239 246
239 247
241 243
241 245
241 247
241 248
242 243
242 246
242 248
243 245
243 248
244 245
244 246
244 248
244 249
245 246
246 247
