250 3024
0 6
0 11
0 13
0 22
0 25
0 42
0 57
0 65
0 81
0 92
0 93
0 102
0 103
0 111
0 114
0 122
0 123
0 130
0 131
0 137
0 142
0 145
0 149
0 171
0 185
0 189
0 191
0 198
0 206
0 216
0 226
0 231
0 238
0 246
1 5
1 20
1 54
1 55
1 60
1 68
1 79
1 89
1 90
1 97
1 99
1 114
1 121
1 122
1 153
1 164
1 167
1 171
1 192
1 205
1 222
1 232
1 233
1 240
1 247
1 249
2 3
2 5
2 7
2 16
2 22
2 33
2 44
2 45
2 52
2 58
2 99
2 104
2 106
2 113
2 117
2 124
2 133
2 135
2 138
2 141
2 143
2 155
2 167
2 175
2 194
2 202
2 216
2 217
2 228
2 229
2 237
3 12
3 18
3 27
3 77
3 78
3 85
3 117
3 122
3 123
3 126
3 136
3 162
3 166
3 181
3 196
3 234
3 239
3 245
4 10
4 15
4 19
4 22
4 34
4 40
4 43
4 46
4 48
4 49
4 53
4 56
4 60
4 61
4 79
4 88
4 147
4 170
4 189
4 194
4 198
4 232
4 239
4 248
5 6
5 10
5 17
5 28
5 40
5 55
5 59
5 64
5 65
5 71
5 78
5 90
5 98
5 113
5 114
5 117
5 120
5 172
5 173
5 179
5 186
5 191
5 194
5 203
5 210
5 231
5 233
5 248
5 249
6 9
6 13
6 15
6 55
6 59
6 84
6 89
6 100
6 101
6 113
6 116
6 135
6 137
6 155
6 157
6 190
6 195
6 215
6 230
6 239
6 244
7 12
7 14
7 19
7 25
7 30
7 38
7 44
7 54
7 58
7 60
7 72
7 75
7 118
7 125
7 155
7 162
7 163
7 200
7 218
7 219
7 229
7 230
7 237
7 244
8 20
8 33
8 41
8 66
8 71
8 117
8 123
8 126
8 128
8 145
8 157
8 167
8 174
8 175
8 180
8 183
8 187
8 193
8 194
8 227
8 231
8 232
8 235
8 237
8 243
9 36
9 44
9 54
9 75
9 89
9 91
9 96
9 100
9 107
9 115
9 121
9 136
9 201
9 208
9 214
9 223
10 13
10 22
10 34
10 37
10 59
10 60
10 71
10 73
10 109
10 123
10 128
10 152
10 177
10 198
10 200
10 205
10 209
10 222
10 236
10 241
10 247
11 15
11 17
11 47
11 65
11 70
11 73
11 92
11 96
11 99
11 120
11 126
11 147
11 157
11 158
11 164
11 173
11 175
11 182
11 195
11 232
11 241
12 20
12 33
12 38
12 42
12 65
12 68
12 73
12 74
12 89
12 90
12 94
12 96
12 110
12 115
12 117
12 127
12 131
12 134
12 150
12 160
12 176
12 193
12 201
12 213
12 215
12 217
12 240
12 244
12 248
12 249
13 18
13 53
13 80
13 101
13 142
13 147
13 159
13 160
13 163
13 169
13 170
13 177
13 182
13 195
13 197
13 211
13 212
13 213
13 221
13 225
13 226
13 242
14 34
14 37
14 65
14 94
14 136
14 138
14 152
14 155
14 156
14 161
14 166
14 171
14 186
14 193
14 219
14 230
14 240
14 249
15 28
15 42
15 49
15 50
15 56
15 74
15 80
15 83
15 101
15 109
15 113
15 123
15 124
15 136
15 138
15 140
15 141
15 148
15 149
15 183
15 188
15 194
15 200
15 245
16 17
16 38
16 55
16 57
16 63
16 64
16 69
16 73
16 104
16 108
16 124
16 128
16 129
16 138
16 140
16 145
16 156
16 168
16 171
16 175
16 183
16 203
16 216
16 228
16 237
16 239
17 22
17 33
17 40
17 49
17 88
17 106
17 107
17 122
17 139
17 153
17 174
17 210
17 215
18 26
18 32
18 40
18 49
18 54
18 58
18 65
18 72
18 74
18 89
18 96
18 109
18 113
18 122
18 139
18 145
18 166
18 168
18 189
18 194
18 197
18 210
18 222
18 225
18 236
18 238
19 38
19 41
19 47
19 58
19 71
19 76
19 98
19 115
19 135
19 136
19 145
19 156
19 162
19 168
19 174
19 177
19 180
19 200
19 203
19 204
19 211
20 21
20 34
20 54
20 62
20 72
20 86
20 87
20 88
20 100
20 101
20 106
20 169
20 204
20 212
20 224
21 33
21 34
21 43
21 49
21 53
21 55
21 60
21 61
21 65
21 68
21 72
21 93
21 97
21 103
21 107
21 115
21 124
21 143
21 146
21 151
21 198
21 206
21 208
21 214
21 219
21 234
21 237
21 244
22 32
22 35
22 36
22 50
22 53
22 56
22 87
22 89
22 102
22 106
22 121
22 137
22 146
22 152
22 181
22 196
22 197
22 204
22 215
22 218
22 224
22 231
23 30
23 44
23 54
23 64
23 75
23 88
23 107
23 115
23 117
23 120
23 133
23 138
23 159
23 166
23 170
23 172
23 173
23 176
23 186
23 213
23 218
23 231
23 235
23 237
23 243
23 246
24 30
24 45
24 54
24 55
24 62
24 84
24 103
24 111
24 117
24 144
24 146
24 149
24 168
24 173
24 185
24 186
24 197
24 221
24 231
24 246
25 29
25 74
25 82
25 98
25 104
25 112
25 115
25 116
25 121
25 140
25 141
25 144
25 160
25 163
25 169
25 172
25 178
25 181
25 192
25 194
25 195
25 200
25 212
25 240
25 241
25 248
26 38
26 40
26 88
26 91
26 97
26 102
26 118
26 121
26 138
26 144
26 147
26 156
26 157
26 167
26 168
26 186
26 220
26 238
26 240
26 248
27 30
27 97
27 100
27 117
27 118
27 122
27 127
27 144
27 179
27 189
27 190
27 209
27 210
27 216
27 227
27 231
27 241
27 246
28 67
28 85
28 96
28 99
28 120
28 124
28 152
28 156
28 157
28 160
28 187
28 188
28 189
28 193
28 195
28 198
28 200
28 206
28 207
28 210
28 216
28 217
28 236
28 247
29 31
29 57
29 72
29 86
29 89
29 96
29 97
29 102
29 104
29 107
29 114
29 117
29 119
29 141
29 178
29 181
29 206
29 207
29 222
29 230
30 35
30 59
30 75
30 83
30 119
30 125
30 132
30 135
30 158
30 172
30 175
30 195
30 233
31 47
31 50
31 69
31 75
31 83
31 120
31 139
31 153
31 157
31 161
31 192
31 193
31 199
31 212
31 215
31 221
31 235
31 245
32 36
32 39
32 40
32 58
32 62
32 68
32 84
32 95
32 104
32 115
32 139
32 155
32 189
32 230
32 232
32 240
32 248
33 35
33 51
33 59
33 70
33 79
33 80
33 83
33 88
33 96
33 114
33 117
33 119
33 125
33 129
33 130
33 137
33 145
33 160
33 164
33 178
33 208
33 209
33 210
33 224
34 51
34 56
34 57
34 73
34 99
34 114
34 141
34 142
34 145
34 146
34 150
34 160
34 171
34 184
34 188
34 192
34 193
34 197
34 199
34 200
34 207
34 214
34 219
34 231
34 241
34 244
35 42
35 49
35 52
35 53
35 54
35 60
35 66
35 77
35 114
35 122
35 132
35 140
35 145
35 154
35 164
35 174
35 195
35 207
35 228
36 43
36 47
36 66
36 81
36 92
36 95
36 100
36 115
36 116
36 119
36 133
36 142
36 146
36 149
36 151
36 161
36 165
36 176
36 177
36 185
36 194
36 197
36 204
36 219
36 227
36 243
36 245
37 43
37 52
37 53
37 55
37 61
37 67
37 70
37 88
37 105
37 115
37 142
37 151
37 152
37 168
37 170
37 184
37 194
37 199
37 230
37 241
37 245
37 247
38 54
38 57
38 58
38 62
38 63
38 81
38 84
38 101
38 103
38 110
38 117
38 145
38 157
38 165
38 175
38 200
38 206
38 246
38 249
39 57
39 89
39 98
39 106
39 117
39 118
39 119
39 146
39 147
39 159
39 165
39 184
39 187
39 194
39 210
39 224
39 229
39 236
39 240
40 60
40 69
40 78
40 83
40 89
40 99
40 107
40 113
40 114
40 137
40 150
40 161
40 186
40 193
40 200
40 224
40 241
41 73
41 86
41 106
41 148
41 160
41 194
41 199
41 200
41 201
41 215
41 221
41 222
41 230
41 237
41 240
41 247
41 248
42 52
42 56
42 60
42 61
42 68
42 77
42 79
42 105
42 113
42 126
42 132
42 169
42 171
42 189
42 197
42 199
42 202
42 204
42 208
42 210
42 214
42 215
42 217
42 233
42 235
42 247
43 51
43 59
43 63
43 67
43 81
43 83
43 102
43 146
43 158
43 177
43 183
43 201
43 221
43 223
43 233
43 241
43 246
43 248
44 55
44 60
44 61
44 71
44 81
44 84
44 88
44 105
44 108
44 121
44 181
44 193
44 203
44 210
44 213
44 216
44 237
45 48
45 53
45 55
45 77
45 79
45 92
45 98
45 100
45 104
45 112
45 119
45 128
45 133
45 134
45 136
45 150
45 159
45 172
45 173
45 180
45 188
45 190
45 197
45 224
45 236
45 240
46 53
46 79
46 83
46 89
46 98
46 103
46 125
46 128
46 133
46 135
46 148
46 152
46 157
46 168
46 177
46 192
46 198
46 203
46 207
46 211
47 60
47 61
47 65
47 126
47 129
47 138
47 139
47 142
47 148
47 165
47 170
47 181
47 187
47 191
47 211
47 228
47 246
47 247
48 57
48 66
48 93
48 96
48 107
48 132
48 186
48 192
48 201
48 213
48 227
48 238
48 245
49 50
49 54
49 61
49 103
49 104
49 115
49 134
49 154
49 158
49 178
49 180
49 182
49 187
49 211
49 218
49 241
49 249
50 51
50 79
50 84
50 93
50 94
50 119
50 120
50 122
50 147
50 161
50 174
50 203
50 213
50 217
50 236
50 240
50 246
51 65
51 68
51 71
51 72
51 75
51 82
51 88
51 93
51 97
51 112
51 135
51 159
51 175
51 201
51 206
51 212
51 231
51 240
51 242
52 55
52 56
52 58
52 62
52 76
52 83
52 95
52 111
52 115
52 149
52 159
52 163
52 165
52 185
52 190
52 196
52 210
52 214
52 226
52 236
52 241
53 65
53 73
53 78
53 107
53 124
53 128
53 136
53 141
53 169
53 179
53 181
53 197
53 200
53 213
54 67
54 84
54 95
54 111
54 117
54 120
54 124
54 139
54 142
54 151
54 163
54 177
54 179
54 191
54 196
54 233
55 61
55 77
55 84
55 113
55 145
55 156
55 166
55 202
55 203
55 205
55 226
56 58
56 59
56 67
56 78
56 81
56 94
56 105
56 108
56 111
56 115
56 132
56 133
56 142
56 143
56 160
56 170
56 208
56 209
56 219
56 224
56 227
56 234
56 249
57 66
57 82
57 87
57 90
57 98
57 108
57 112
57 116
57 124
57 129
57 154
57 162
57 167
57 186
57 192
57 206
57 208
57 229
57 236
57 237
57 238
57 239
58 65
58 70
58 86
58 92
58 97
58 117
58 119
58 122
58 129
58 135
58 170
58 173
58 208
58 214
58 220
58 232
59 63
59 72
59 82
59 88
59 102
59 113
59 116
59 118
59 122
59 143
59 145
59 161
59 164
59 167
59 170
59 171
59 189
59 205
59 238
59 243
60 61
60 77
60 90
60 91
60 100
60 103
60 104
60 106
60 110
60 121
60 133
60 139
60 160
60 175
60 206
60 217
60 218
60 239
60 242
60 243
60 244
61 72
61 73
61 98
61 110
61 119
61 122
61 130
61 138
61 148
61 158
61 171
61 180
61 194
61 205
61 207
61 208
61 217
61 230
61 233
61 240
62 70
62 90
62 92
62 114
62 121
62 130
62 141
62 147
62 150
62 151
62 153
62 155
62 165
62 168
62 177
62 186
62 194
62 208
62 209
62 222
62 244
63 78
63 83
63 87
63 100
63 109
63 112
63 114
63 120
63 131
63 140
63 160
63 196
63 207
63 219
63 240
63 246
64 81
64 95
64 96
64 105
64 125
64 133
64 135
64 161
64 169
64 181
64 198
64 232
64 241
64 243
65 71
65 76
65 77
65 87
65 89
65 101
65 106
65 109
65 110
65 124
65 131
65 147
65 165
65 167
65 170
65 180
65 195
65 220
65 221
65 226
65 237
65 239
66 71
66 78
66 79
66 82
66 100
66 102
66 103
66 106
66 116
66 143
66 144
66 162
66 180
66 187
66 192
66 205
66 230
66 234
66 242
67 87
67 97
67 101
67 104
67 119
67 157
67 181
67 185
67 205
67 221
67 222
67 239
67 244
68 70
68 71
68 86
68 87
68 98
68 122
68 136
68 140
68 141
68 144
68 151
68 153
68 167
68 181
68 186
68 188
68 202
68 213
68 217
68 229
68 231
68 234
68 236
68 241
68 242
69 73
69 78
69 79
69 82
69 88
69 99
69 124
69 126
69 134
69 177
69 195
69 201
69 207
69 215
69 241
70 72
70 74
70 80
70 92
70 94
70 96
70 109
70 116
70 120
70 149
70 152
70 160
70 198
70 205
70 233
70 235
70 243
71 76
71 83
71 84
71 102
71 133
71 137
71 138
71 165
71 178
71 179
71 181
71 196
71 198
71 206
71 210
71 213
71 218
71 224
72 78
72 99
72 106
72 132
72 138
72 146
72 150
72 162
72 166
72 169
72 170
72 189
72 206
72 216
72 235
72 237
72 242
73 76
73 82
73 85
73 90
73 97
73 106
73 134
73 142
73 146
73 148
73 154
73 167
73 175
73 176
73 188
73 193
73 202
73 213
73 232
73 233
73 234
73 246
73 247
74 98
74 146
74 147
74 149
74 165
74 178
74 181
74 189
74 200
74 206
74 230
74 237
75 84
75 88
75 94
75 97
75 101
75 107
75 108
75 144
75 166
75 181
75 190
75 191
75 193
75 202
75 234
75 247
76 92
76 93
76 102
76 109
76 142
76 168
76 170
76 174
76 229
76 231
77 90
77 101
77 104
77 109
77 110
77 112
77 125
77 138
77 142
77 144
77 186
77 187
77 194
77 201
77 203
77 213
77 221
77 241
77 242
77 249
78 87
78 92
78 108
78 122
78 127
78 131
78 133
78 139
78 171
78 173
78 182
78 211
78 216
78 227
79 94
79 116
79 149
79 162
79 168
79 186
79 192
79 204
79 205
79 212
79 214
79 226
79 227
79 237
79 248
80 83
80 89
80 93
80 109
80 130
80 132
80 137
80 151
80 163
80 165
80 170
80 175
80 199
80 207
80 213
80 220
80 224
80 234
81 91
81 115
81 155
81 165
81 183
81 186
81 197
81 199
81 206
81 207
81 212
81 214
81 216
81 223
81 232
82 106
82 144
82 147
82 167
82 174
82 183
82 194
82 210
82 247
83 102
83 106
83 148
83 160
83 175
83 176
83 182
83 196
83 207
83 222
83 226
83 235
83 237
83 238
83 244
83 246
84 88
84 97
84 109
84 115
84 121
84 160
84 161
84 170
84 185
84 239
84 242
85 88
85 96
85 103
85 105
85 106
85 111
85 112
85 118
85 122
85 130
85 145
85 163
85 165
85 173
85 183
85 184
85 192
85 194
85 208
85 223
85 227
85 239
85 243
86 91
86 99
86 126
86 132
86 135
86 140
86 141
86 149
86 152
86 160
86 163
86 177
86 178
86 184
86 188
86 194
86 196
86 198
86 206
86 223
86 226
86 235
86 238
86 244
87 92
87 107
87 127
87 131
87 137
87 153
87 156
87 167
87 170
87 197
87 205
87 215
87 216
87 226
87 233
88 91
88 123
88 125
88 142
88 173
88 180
88 185
88 192
88 195
88 217
88 229
88 240
88 241
88 249
89 101
89 105
89 108
89 118
89 127
89 146
89 155
89 173
89 176
89 193
89 198
89 220
89 232
89 233
89 237
89 239
89 249
90 97
90 105
90 106
90 111
90 112
90 121
90 122
90 124
90 125
90 127
90 136
90 165
90 166
90 172
90 186
90 193
90 199
90 201
90 206
90 209
90 213
90 217
90 219
90 233
90 237
90 248
91 99
91 101
91 109
91 111
91 133
91 139
91 145
91 154
91 164
91 171
91 172
91 190
91 194
91 195
91 197
91 210
91 213
91 234
91 235
92 127
92 130
92 151
92 152
92 160
92 168
92 173
92 183
92 189
92 194
92 195
92 199
92 209
92 220
92 223
92 246
92 249
93 111
93 131
93 143
93 145
93 149
93 167
93 175
93 188
93 209
93 213
93 232
93 249
94 100
94 108
94 128
94 133
94 134
94 159
94 194
94 196
94 229
95 97
95 100
95 109
95 111
95 119
95 124
95 127
95 129
95 131
95 134
95 141
95 146
95 160
95 171
95 178
95 179
95 180
95 201
95 208
95 215
95 217
96 102
96 121
96 140
96 166
96 176
96 183
96 189
96 204
96 215
96 223
96 237
96 242
97 106
97 107
97 111
97 119
97 126
97 139
97 143
97 146
97 147
97 151
97 159
97 229
97 248
97 249
98 114
98 129
98 138
98 146
98 158
98 170
98 178
98 196
98 199
98 206
98 208
98 210
98 237
99 105
99 121
99 128
99 129
99 146
99 150
99 151
99 217
99 221
99 245
100 112
100 114
100 126
100 127
100 128
100 134
100 136
100 139
100 148
100 170
100 175
100 191
100 200
100 215
100 220
100 224
100 230
100 231
101 120
101 131
101 134
101 153
101 161
101 169
101 171
101 189
101 216
101 239
101 242
102 108
102 110
102 137
102 145
102 175
102 177
102 187
102 192
102 196
102 197
102 221
102 226
102 228
102 233
102 236
102 237
103 121
103 125
103 129
103 158
103 200
103 204
103 220
103 231
103 249
104 137
104 140
104 143
104 161
104 168
104 188
104 189
104 198
104 215
104 218
104 221
104 230
104 237
104 240
104 241
105 107
105 113
105 128
105 153
105 156
105 174
105 183
105 225
106 107
106 110
106 115
106 117
106 121
106 122
106 124
106 159
106 174
106 187
106 190
106 191
106 194
106 222
106 236
106 241
106 243
107 126
107 141
107 145
107 149
107 152
107 184
107 195
107 197
107 200
107 204
107 210
107 220
107 227
107 239
107 247
108 150
108 154
108 157
108 171
108 174
108 177
108 178
108 181
108 197
108 221
108 223
108 243
108 246
109 113
109 130
109 132
109 143
109 148
109 149
109 169
109 192
109 217
109 224
109 228
109 233
110 125
110 135
110 156
110 162
110 168
110 207
110 219
110 224
110 230
110 237
110 247
111 125
111 132
111 141
111 155
111 159
111 162
111 189
111 191
111 210
111 216
111 228
112 122
112 129
112 135
112 139
112 148
112 149
112 154
112 165
112 179
112 182
112 187
112 226
112 227
112 238
112 242
112 249
113 128
113 132
113 169
113 191
113 195
113 212
113 220
113 227
113 230
113 239
113 242
114 122
114 129
114 130
114 134
114 135
114 142
114 145
114 149
114 155
114 167
114 216
114 219
114 225
114 231
114 244
114 248
115 116
115 128
115 138
115 140
115 152
115 154
115 161
115 164
115 166
115 172
115 181
115 182
115 215
115 218
115 224
115 227
115 235
116 133
116 134
116 136
116 197
116 204
116 205
116 212
116 215
116 222
116 231
116 234
116 246
116 247
117 120
117 135
117 143
117 144
117 148
117 152
117 168
117 184
117 188
117 189
117 194
117 200
117 207
117 227
117 229
118 124
118 137
118 146
118 149
118 170
118 175
118 203
118 211
118 248
119 126
119 145
119 152
119 161
119 179
119 187
119 202
119 207
119 215
119 234
119 243
119 246
120 127
120 138
120 180
120 198
120 202
120 211
120 212
120 221
120 233
121 142
121 156
121 158
121 171
121 185
121 186
121 206
121 217
121 229
121 236
121 243
121 246
121 249
122 128
122 131
122 132
122 135
122 141
122 147
122 148
122 153
122 157
122 168
122 193
122 222
122 240
122 244
122 248
123 129
123 150
123 182
123 183
123 200
123 212
123 216
123 233
123 244
124 128
124 136
124 155
124 178
124 180
124 186
124 195
124 205
124 216
124 233
124 246
124 247
125 134
125 147
125 156
125 178
125 216
125 234
126 128
126 129
126 131
126 143
126 175
126 181
126 184
126 190
126 197
126 201
126 203
126 215
126 224
126 225
126 234
126 247
126 249
127 144
127 160
127 176
127 178
127 182
127 188
127 192
127 232
127 236
127 242
127 244
127 249
128 134
128 143
128 148
128 161
128 162
128 167
128 178
128 187
128 191
128 198
128 210
128 212
128 221
128 247
129 136
129 148
129 154
129 159
129 170
129 173
129 176
129 186
129 189
129 202
129 211
129 221
129 222
129 238
130 131
130 133
130 143
130 155
130 169
130 186
130 192
130 195
130 196
130 199
130 222
130 223
130 233
130 247
131 137
131 143
131 151
131 154
131 164
131 216
131 218
131 226
131 229
131 241
131 246
132 138
132 145
132 162
132 166
132 171
132 174
132 177
132 182
132 187
132 189
132 191
132 202
132 206
132 211
132 220
132 222
132 226
132 237
133 141
133 170
133 178
133 188
133 192
133 198
133 207
133 212
133 232
133 241
133 243
133 247
133 249
134 162
134 165
134 176
134 182
134 190
134 191
134 206
134 226
134 227
134 243
135 169
135 185
135 190
135 224
135 239
135 240
136 141
136 143
136 145
136 174
136 178
136 179
136 188
136 200
136 201
136 216
136 240
137 144
137 152
137 155
137 171
137 178
137 179
137 182
137 186
137 187
137 195
137 199
137 218
137 228
137 231
138 139
138 140
138 143
138 150
138 167
138 172
138 177
138 179
138 180
138 188
138 189
138 194
138 203
138 215
138 222
138 224
138 225
138 230
138 243
139 147
139 148
139 149
139 160
139 169
139 185
139 189
139 210
139 219
139 220
139 221
139 229
139 233
139 242
140 154
140 167
140 169
140 180
140 190
140 195
140 204
140 214
140 225
140 235
141 182
141 188
141 220
141 226
141 227
141 237
141 240
141 244
142 146
142 149
142 157
142 159
142 166
142 181
142 192
142 195
142 210
142 219
142 226
142 229
142 230
142 240
142 244
143 198
143 204
143 208
143 226
143 240
143 246
143 247
144 147
144 165
144 167
144 175
144 184
144 200
144 207
144 221
144 222
144 225
145 171
145 173
145 175
145 178
145 205
145 241
146 150
146 152
146 173
146 180
146 187
146 194
146 212
146 228
146 232
146 238
146 241
146 247
147 148
147 153
147 155
147 171
147 174
147 179
147 183
147 203
147 220
147 224
147 225
147 232
147 233
147 241
147 244
148 158
148 159
148 162
148 183
148 184
148 200
148 207
148 209
148 211
148 226
148 246
149 160
149 188
149 197
149 202
149 204
149 213
149 223
149 229
149 233
149 241
149 247
149 248
150 173
150 183
150 198
150 203
150 205
150 212
150 219
150 228
150 234
150 239
150 240
150 242
150 243
151 173
151 191
151 192
151 195
151 200
151 204
151 207
151 210
151 215
151 216
151 217
151 220
151 238
151 245
151 247
152 156
152 160
152 163
152 173
152 179
152 216
152 220
152 234
152 241
152 244
152 248
153 160
153 164
153 175
153 188
153 189
153 193
153 196
153 199
153 209
153 225
153 235
153 241
153 244
153 249
154 174
154 178
154 189
154 203
154 216
154 217
154 226
154 238
155 164
155 198
155 237
156 165
156 168
156 186
156 188
156 198
156 210
156 229
156 239
156 246
157 162
157 164
157 169
157 175
157 177
157 179
157 197
157 201
157 209
157 218
157 238
157 241
158 162
158 175
158 196
158 199
158 212
158 215
158 218
158 226
158 229
158 239
158 240
158 245
158 246
159 170
159 181
159 193
159 196
159 208
159 236
160 163
160 166
160 173
160 184
160 187
160 196
160 221
161 170
161 192
161 197
161 199
161 212
161 219
161 224
161 230
162 194
162 195
162 211
162 218
162 223
162 228
162 230
162 232
162 239
162 245
163 203
163 213
163 216
164 168
164 186
164 202
164 217
164 231
164 232
164 235
164 242
165 169
165 183
165 186
165 207
165 214
165 226
165 241
165 243
166 171
166 174
166 177
166 193
166 203
166 209
166 227
166 240
166 242
166 245
166 247
167 175
167 176
167 212
167 221
167 240
168 169
168 171
168 176
168 190
168 191
168 193
168 202
168 209
169 196
169 224
169 238
169 240
169 245
169 248
170 177
170 187
170 204
170 208
170 212
170 214
170 215
170 217
170 226
170 229
170 243
170 245
170 248
171 173
171 179
171 185
171 195
171 209
171 226
171 231
171 238
172 175
172 187
172 196
172 217
172 222
172 243
172 247
173 177
173 179
173 180
173 184
173 195
173 200
173 214
173 215
173 237
173 240
173 242
174 175
174 193
174 201
174 203
174 210
174 224
174 232
174 241
174 249
175 184
175 214
175 215
175 221
175 234
175 237
175 242
175 246
176 178
176 185
176 193
176 202
176 203
176 208
176 220
176 223
176 236
177 182
177 213
177 239
177 241
178 184
178 218
178 220
178 233
179 193
179 206
179 226
179 232
179 236
179 243
180 190
180 191
180 209
180 230
180 232
180 236
180 238
180 239
180 244
181 196
181 213
181 226
181 232
182 183
182 184
182 190
182 194
182 198
182 201
182 225
182 239
182 242
183 188
183 207
183 212
183 213
183 229
183 232
184 189
184 206
184 228
184 229
184 231
184 236
184 242
185 200
185 211
185 217
185 223
185 234
185 240
185 247
186 195
186 208
186 211
186 212
186 221
186 225
186 226
186 231
187 200
187 201
187 220
188 204
188 206
188 210
188 220
189 191
189 201
190 200
190 207
190 209
190 221
190 248
191 209
191 214
191 239
191 246
192 197
192 207
192 209
192 210
192 218
192 220
192 226
192 243
193 197
193 200
193 221
193 223
193 232
193 234
193 242
194 205
195 205
195 227
195 240
196 221
196 236
196 244
197 206
197 209
197 220
197 221
197 234
198 207
198 212
198 217
198 219
198 231
198 245
199 205
199 206
199 212
199 237
199 245
200 216
201 207
201 209
201 219
201 231
201 242
202 217
202 221
202 225
202 234
203 208
203 233
203 242
203 244
203 247
204 232
205 219
205 227
205 230
205 241
206 218
206 223
206 232
206 238
206 242
206 244
207 211
207 242
208 227
208 236
209 219
209 226
209 232
210 211
210 222
210 235
210 237
210 241
211 220
211 225
211 230
211 234
211 241
211 245
212 214
212 218
212 240
213 233
213 237
213 244
213 249
214 216
214 221
214 236
214 246
215 217
215 227
215 235
215 244
216 224
216 227
216 244
216 245
217 227
217 233
218 219
218 236
218 239
218 247
218 248
219 236
219 238
219 239
220 222
220 225
220 226
220 227
220 232
220 234
220 235
220 240
221 223
221 226
221 235
221 243
222 225
222 244
222 249
223 230
223 233
223 243
223 247
225 229
225 233
225 238
226 227
227 229
228 242
228 244
229 239
229 248
230 240
230 242
230 247
231 234
232 239
232 243
233 234
235 236
235 243
235 249
238 242
239 240
241 242
248 249
