50 865
0 1
0 2
0 3
0 4
0 5
0 6
0 7
0 8
0 9
0 10
0 11
0 12
0 13
0 14
0 15
0 17
0 21
0 22
0 23
0 24
0 25
0 26
0 27
0 29
0 30
0 32
0 33
0 34
0 35
0 36
0 37
0 38
0 39
0 42
0 46
0 47
1 3
1 4
1 5
1 9
1 10
1 11
1 12
1 15
1 16
1 18
1 20
1 21
1 22
1 23
1 25
1 26
1 27
1 28
1 29
1 30
1 31
1 33
1 35
1 36
1 37
1 40
1 42
1 43
1 44
1 46
1 48
1 49
2 3
2 5
2 6
2 8
2 9
2 10
2 11
2 12
2 14
2 15
2 16
2 19
2 20
2 21
2 23
2 24
2 26
2 27
2 28
2 30
2 31
2 35
2 36
2 40
2 41
2 43
2 45
2 46
2 47
2 48
2 49
3 4
3 6
3 7
3 8
3 9
3 10
3 11
3 12
3 15
3 18
3 19
3 20
3 21
3 22
3 23
3 24
3 25
3 26
3 27
3 28
3 29
3 30
3 31
3 32
3 33
3 37
3 38
3 39
3 40
3 41
3 44
3 46
3 47
3 48
4 5
4 6
4 8
4 9
4 10
4 11
4 12
4 14
4 15
4 17
4 18
4 19
4 20
4 21
4 24
4 26
4 27
4 32
4 33
4 35
4 36
4 37
4 38
4 39
4 40
4 42
4 43
4 44
4 45
4 46
4 47
4 48
4 49
5 6
5 9
5 10
5 13
5 15
5 16
5 17
5 19
5 21
5 22
5 25
5 27
5 28
5 29
5 30
5 31
5 32
5 33
5 34
5 35
5 36
5 37
5 40
5 42
5 43
5 44
5 45
5 47
5 48
5 49
6 7
6 8
6 9
6 10
6 11
6 12
6 15
6 16
6 17
6 19
6 21
6 22
6 23
6 27
6 28
6 30
6 31
6 32
6 33
6 35
6 36
6 37
6 38
6 39
6 41
6 44
6 45
6 48
6 49
7 9
7 13
7 15
7 16
7 17
7 18
7 19
7 20
7 21
7 22
7 23
7 24
7 25
7 27
7 28
7 29
7 30
7 31
7 33
7 34
7 35
7 37
7 38
7 40
7 41
7 45
7 47
7 48
8 9
8 11
8 12
8 14
8 16
8 17
8 18
8 21
8 22
8 23
8 24
8 27
8 28
8 30
8 33
8 34
8 35
8 36
8 37
8 38
8 39
8 40
8 41
8 42
8 43
8 44
8 47
9 11
9 12
9 13
9 14
9 16
9 17
9 18
9 19
9 21
9 22
9 23
9 26
9 27
9 28
9 29
9 34
9 35
9 38
9 39
9 40
9 41
9 43
9 46
9 48
9 49
10 11
10 12
10 13
10 14
10 16
10 17
10 18
10 19
10 20
10 21
10 22
10 23
10 24
10 25
10 26
10 27
10 28
10 30
10 32
10 33
10 35
10 36
10 38
10 39
10 40
10 41
10 42
10 45
10 48
10 49
11 12
11 13
11 14
11 15
11 16
11 17
11 18
11 19
11 20
11 21
11 22
11 23
11 24
11 25
11 27
11 28
11 29
11 30
11 31
11 32
11 33
11 34
11 35
11 36
11 37
11 38
11 39
11 40
11 41
11 42
11 43
11 45
11 46
11 47
11 48
11 49
12 14
12 16
12 17
12 19
12 20
12 21
12 22
12 24
12 25
12 26
12 28
12 29
12 30
12 31
12 32
12 36
12 38
12 40
12 41
12 42
12 44
12 46
12 48
12 49
13 15
13 17
13 19
13 21
13 22
13 24
13 25
13 26
13 27
13 28
13 29
13 30
13 31
13 32
13 34
13 35
13 36
13 37
13 38
13 39
13 40
13 41
13 42
13 44
13 45
13 46
13 48
13 49
14 15
14 17
14 18
14 19
14 20
14 22
14 23
14 24
14 25
14 27
14 28
14 29
14 30
14 31
14 32
14 33
14 35
14 36
14 37
14 38
14 39
14 43
14 44
14 45
14 47
14 49
15 18
15 19
15 21
15 24
15 25
15 26
15 27
15 30
15 31
15 32
15 33
15 34
15 38
15 39
15 42
15 43
15 44
15 45
15 47
15 48
15 49
16 17
16 18
16 19
16 20
16 26
16 27
16 29
16 31
16 33
16 34
16 35
16 37
16 38
16 41
16 44
16 45
16 47
16 48
16 49
17 19
17 20
17 21
17 23
17 27
17 28
17 29
17 30
17 31
17 32
17 33
17 34
17 35
17 36
17 38
17 40
17 42
17 43
17 45
17 46
17 47
18 19
18 20
18 22
18 23
18 25
18 26
18 28
18 29
18 30
18 31
18 32
18 33
18 34
18 35
18 36
18 38
18 39
18 40
18 41
18 43
18 44
18 45
18 46
18 47
18 48
18 49
19 24
19 27
19 28
19 29
19 30
19 31
19 32
19 34
19 35
19 36
19 37
19 39
19 40
19 41
19 42
19 43
19 45
19 46
19 48
19 49
20 23
20 24
20 25
20 26
20 28
20 31
20 33
20 34
20 35
20 39
20 40
20 41
20 42
20 43
20 46
20 47
20 48
21 22
21 25
21 26
21 27
21 28
21 29
21 31
21 32
21 34
21 35
21 37
21 38
21 40
21 41
21 43
21 44
21 46
21 47
21 48
22 23
22 24
22 25
22 26
22 27
22 28
22 29
22 30
22 33
22 34
22 35
22 36
22 38
22 39
22 41
22 42
22 43
22 45
22 46
22 47
22 48
23 24
23 26
23 29
23 30
23 31
23 32
23 33
23 34
23 35
23 36
23 37
23 38
23 40
23 41
23 42
23 43
23 44
23 45
23 47
23 48
23 49
24 25
24 26
24 28
24 29
24 30
24 32
24 34
24 35
24 36
24 38
24 39
24 40
24 41
24 42
24 46
24 47
24 48
25 26
25 27
25 28
25 29
25 30
25 31
25 32
25 33
25 34
25 39
25 40
25 41
25 44
25 45
25 46
25 48
25 49
26 27
26 28
26 31
26 32
26 35
26 37
26 38
26 41
26 42
26 43
26 44
26 45
26 47
26 48
27 28
27 29
27 31
27 32
27 33
27 34
27 35
27 36
27 40
27 42
27 43
27 44
27 48
28 30
28 31
28 33
28 34
28 36
28 37
28 38
28 39
28 40
28 41
28 43
28 47
29 31
29 33
29 34
29 36
29 37
29 39
29 40
29 41
29 42
29 43
29 44
29 45
29 47
29 49
30 31
30 32
30 34
30 36
30 38
30 39
30 41
30 42
30 45
30 46
30 48
30 49
31 32
31 33
31 35
31 36
31 37
31 38
31 39
31 40
31 41
31 43
31 44
31 45
31 46
31 47
31 48
31 49
32 33
32 34
32 35
32 36
32 37
32 38
32 40
32 41
32 42
32 44
32 45
32 46
32 47
32 49
33 34
33 35
33 37
33 38
33 39
33 41
33 42
33 43
33 44
33 45
33 47
33 48
33 49
34 35
34 36
34 37
34 38
34 39
34 40
34 43
34 44
34 46
34 48
34 49
35 36
35 37
35 38
35 40
35 42
35 43
35 46
35 47
35 49
36 37
36 38
36 39
36 40
36 41
36 42
36 43
36 44
36 45
36 46
36 47
36 49
37 38
37 40
37 41
37 42
37 43
37 44
37 45
37 46
37 47
37 48
37 49
38 39
38 40
38 41
38 42
38 43
38 45
38 46
38 47
38 49
39 40
39 41
39 42
39 43
39 44
39 45
39 46
39 47
39 48
39 49
40 41
40 42
40 43
40 45
40 46
40 47
40 48
40 49
41 43
41 48
42 43
42 48
42 49
43 44
43 45
43 47
43 48
43 49
44 45
44 47
45 46
46 47
46 48
46 49
47 48
47 49
48 49
