50 592
0 3
0 5
0 6
0 7
0 9
0 11
0 12
0 13
0 14
0 15
0 18
0 19
0 20
0 23
0 24
0 26
0 27
0 28
0 30
0 31
0 33
0 36
0 38
0 40
0 41
0 43
0 44
0 46
0 48
1 7
1 8
1 9
1 11
1 13
1 14
1 15
1 18
1 19
1 20
1 21
1 23
1 24
1 29
1 37
1 42
1 45
1 48
1 49
2 3
2 4
2 6
2 7
2 10
2 12
2 13
2 15
2 17
2 18
2 20
2 21
2 22
2 27
2 28
2 29
2 32
2 33
2 34
2 38
2 39
2 41
2 42
2 46
2 48
3 5
3 6
3 7
3 8
3 10
3 12
3 13
3 14
3 16
3 19
3 20
3 24
3 26
3 29
3 30
3 31
3 34
3 35
3 37
3 38
3 40
3 41
3 42
3 46
3 48
3 49
4 7
4 9
4 10
4 11
4 12
4 17
4 18
4 19
4 20
4 22
4 23
4 24
4 25
4 26
4 27
4 30
4 32
4 35
4 36
4 37
4 39
4 40
4 42
4 43
4 45
4 46
4 47
4 48
4 49
5 7
5 8
5 9
5 11
5 13
5 16
5 21
5 22
5 24
5 25
5 28
5 30
5 31
5 34
5 35
5 37
5 38
5 40
5 41
5 43
5 44
5 47
6 7
6 11
6 12
6 13
6 14
6 16
6 17
6 20
6 21
6 23
6 26
6 28
6 29
6 30
6 31
6 32
6 34
6 38
6 41
6 44
6 46
7 8
7 13
7 21
7 25
7 27
7 28
7 30
7 33
7 37
7 39
7 44
7 47
7 49
8 9
8 11
8 16
8 17
8 18
8 19
8 22
8 26
8 28
8 29
8 30
8 32
8 35
8 36
8 37
8 40
8 41
8 46
8 48
8 49
9 11
9 12
9 14
9 15
9 17
9 20
9 21
9 23
9 25
9 33
9 35
9 38
9 42
9 43
9 44
9 45
9 48
9 49
10 12
10 16
10 18
10 20
10 29
10 34
10 37
10 38
10 39
10 41
10 42
10 44
10 46
10 48
10 49
11 12
11 14
11 16
11 18
11 20
11 22
11 26
11 28
11 31
11 33
11 34
11 35
11 37
11 41
11 42
11 47
11 49
12 14
12 16
12 20
12 24
12 25
12 27
12 28
12 30
12 34
12 36
12 39
12 41
12 44
12 46
12 48
12 49
13 16
13 18
13 19
13 20
13 21
13 23
13 25
13 27
13 30
13 31
13 33
13 35
13 36
13 37
13 38
13 39
13 41
13 42
13 43
13 47
13 48
13 49
14 16
14 17
14 20
14 22
14 23
14 29
14 30
14 31
14 32
14 33
14 35
14 36
14 42
14 43
14 48
14 49
15 16
15 18
15 19
15 21
15 25
15 26
15 28
15 29
15 33
15 35
15 36
15 37
15 39
15 45
15 48
15 49
16 17
16 18
16 20
16 21
16 27
16 28
16 29
16 32
16 33
16 36
16 37
16 38
16 39
16 40
16 44
16 45
16 47
16 49
17 18
17 19
17 26
17 28
17 29
17 31
17 33
17 34
17 39
17 40
17 41
17 42
17 43
17 45
17 46
17 48
17 49
18 23
18 26
18 29
18 31
18 32
18 33
18 34
18 35
18 39
18 41
18 45
18 48
18 49
19 22
19 23
19 24
19 25
19 30
19 34
19 35
19 37
19 38
19 40
19 41
19 42
19 43
19 45
19 48
20 23
20 24
20 25
20 28
20 30
20 34
20 41
20 45
20 46
20 48
20 49
21 22
21 24
21 25
21 29
21 31
21 32
21 34
21 38
21 42
21 44
21 46
21 47
22 23
22 25
22 27
22 35
22 38
22 40
22 43
22 45
22 46
22 47
22 48
22 49
23 28
23 30
23 31
23 33
23 35
23 36
23 39
23 43
23 44
23 45
23 47
23 48
24 25
24 29
24 33
24 34
24 35
24 36
24 37
24 38
24 40
24 41
24 44
24 45
24 48
24 49
25 26
25 27
25 29
25 32
25 40
25 41
25 42
25 43
25 44
25 47
26 28
26 29
26 30
26 31
26 32
26 34
26 42
26 44
26 46
26 48
26 49
27 37
27 39
27 40
27 41
27 42
27 46
28 30
28 31
28 34
28 40
28 41
28 43
28 46
28 48
29 30
29 31
29 33
29 34
29 35
29 39
29 40
29 41
29 43
29 44
30 33
30 34
30 35
30 38
30 39
30 40
30 42
30 43
30 44
30 45
30 47
30 48
30 49
31 33
31 35
31 36
31 37
31 38
31 40
31 42
31 43
31 44
31 46
32 35
32 36
32 39
32 43
32 44
32 46
32 49
33 37
33 43
33 44
33 47
33 49
34 35
34 36
34 37
34 38
34 39
34 40
34 41
34 42
34 43
34 45
34 48
35 37
35 43
35 44
35 46
35 47
35 48
36 37
36 44
36 45
36 47
36 48
37 39
37 42
37 43
37 44
37 45
37 48
37 49
38 40
38 44
38 47
38 49
39 40
39 44
39 45
39 47
39 49
40 41
40 43
40 47
40 49
41 42
41 43
41 44
41 46
41 47
41 49
42 43
42 44
42 45
43 44
43 46
43 48
44 45
44 46
44 48
44 49
45 48
45 49
46 47
46 48
47 48
47 49
