70 1235
0 3
0 8
0 10
0 15
0 16
0 19
0 23
0 24
0 25
0 27
0 28
0 29
0 30
0 32
0 33
0 34
0 37
0 39
0 42
0 43
0 45
0 46
0 47
0 51
0 52
0 55
0 62
0 64
0 66
1 2
1 7
1 9
1 12
1 13
1 14
1 15
1 16
1 17
1 18
1 20
1 21
1 23
1 25
1 26
1 28
1 32
1 35
1 37
1 38
1 40
1 43
1 44
1 46
1 48
1 52
1 53
1 54
1 55
1 61
1 63
1 65
1 66
1 68
1 69
2 3
2 4
2 9
2 10
2 11
2 13
2 16
2 17
2 18
2 19
2 23
2 24
2 25
2 27
2 29
2 30
2 31
2 33
2 37
2 41
2 42
2 44
2 45
2 46
2 47
2 49
2 50
2 51
2 54
2 55
2 56
2 57
2 58
2 59
2 61
2 63
2 64
2 67
2 68
3 5
3 6
3 12
3 14
3 19
3 24
3 25
3 27
3 28
3 29
3 30
3 32
3 34
3 35
3 36
3 37
3 38
3 41
3 42
3 45
3 46
3 47
3 48
3 50
3 56
3 57
3 58
3 59
3 64
3 65
3 66
3 69
4 5
4 6
4 8
4 9
4 10
4 15
4 16
4 17
4 21
4 25
4 27
4 31
4 32
4 34
4 36
4 42
4 45
4 47
4 48
4 49
4 50
4 54
4 55
4 56
4 59
4 60
4 63
4 66
5 6
5 9
5 15
5 21
5 26
5 27
5 28
5 30
5 33
5 35
5 36
5 37
5 39
5 40
5 42
5 45
5 49
5 53
5 54
5 55
5 56
5 59
5 60
5 65
5 66
5 67
6 7
6 8
6 9
6 11
6 12
6 14
6 15
6 16
6 28
6 29
6 30
6 31
6 32
6 33
6 39
6 44
6 45
6 46
6 47
6 48
6 51
6 52
6 53
6 55
6 56
6 58
6 60
6 61
6 63
6 64
6 65
6 68
6 69
7 11
7 14
7 18
7 19
7 24
7 26
7 27
7 28
7 30
7 32
7 33
7 34
7 39
7 40
7 41
7 42
7 43
7 45
7 48
7 52
7 54
7 55
7 57
7 58
7 60
7 61
7 62
7 65
7 68
7 69
8 9
8 12
8 13
8 16
8 18
8 19
8 20
8 21
8 24
8 25
8 26
8 28
8 30
8 31
8 33
8 34
8 35
8 37
8 38
8 39
8 43
8 47
8 48
8 50
8 52
8 54
8 55
8 58
8 60
8 61
8 62
8 63
8 64
8 67
8 69
9 10
9 11
9 12
9 14
9 21
9 22
9 25
9 31
9 37
9 38
9 39
9 40
9 41
9 42
9 44
9 45
9 47
9 48
9 50
9 51
9 54
9 55
9 62
9 63
9 66
9 69
10 11
10 13
10 14
10 16
10 17
10 19
10 20
10 22
10 25
10 26
10 28
10 31
10 32
10 34
10 37
10 38
10 40
10 41
10 46
10 47
10 51
10 53
10 54
10 56
10 57
10 58
10 59
10 61
10 65
10 67
10 68
10 69
11 12
11 16
11 17
11 18
11 20
11 22
11 23
11 26
11 27
11 28
11 29
11 31
11 33
11 34
11 36
11 37
11 38
11 41
11 47
11 48
11 49
11 51
11 52
11 53
11 56
11 57
11 59
11 60
11 61
11 63
11 64
11 66
11 67
11 69
12 13
12 17
12 20
12 23
12 26
12 27
12 28
12 30
12 33
12 34
12 35
12 39
12 41
12 42
12 43
12 45
12 49
12 53
12 54
12 61
12 65
12 66
12 67
12 68
12 69
13 18
13 21
13 29
13 31
13 32
13 35
13 36
13 37
13 39
13 42
13 43
13 44
13 46
13 48
13 50
13 52
13 53
13 55
13 57
13 58
13 59
13 60
13 62
13 63
13 64
13 65
13 66
13 67
13 69
14 19
14 20
14 21
14 25
14 26
14 28
14 29
14 31
14 35
14 36
14 38
14 41
14 44
14 45
14 49
14 51
14 52
14 53
14 55
14 57
14 61
14 62
14 63
14 64
14 65
14 66
14 67
15 18
15 19
15 21
15 22
15 29
15 32
15 33
15 38
15 43
15 45
15 49
15 50
15 52
15 53
15 54
15 55
15 57
15 58
15 61
15 63
15 64
15 65
15 66
15 67
15 68
15 69
16 17
16 20
16 22
16 25
16 26
16 29
16 30
16 33
16 37
16 40
16 41
16 44
16 45
16 47
16 48
16 51
16 52
16 53
16 54
16 56
16 57
16 59
16 61
16 63
16 66
16 68
17 18
17 20
17 21
17 25
17 26
17 30
17 31
17 32
17 34
17 36
17 38
17 40
17 41
17 44
17 46
17 47
17 48
17 50
17 51
17 59
17 60
17 61
17 62
17 66
17 67
18 19
18 22
18 23
18 24
18 25
18 26
18 30
18 35
18 39
18 43
18 44
18 45
18 46
18 49
18 50
18 53
18 54
18 59
18 60
18 69
19 20
19 23
19 25
19 28
19 31
19 34
19 36
19 38
19 41
19 45
19 47
19 48
19 50
19 52
19 53
19 55
19 58
19 59
19 61
19 63
19 64
19 66
19 69
20 23
20 28
20 29
20 32
20 33
20 40
20 41
20 42
20 43
20 45
20 46
20 49
20 50
20 51
20 52
20 53
20 55
20 56
20 57
20 61
20 62
20 63
20 65
20 66
21 24
21 27
21 28
21 29
21 30
21 31
21 32
21 33
21 34
21 41
21 43
21 44
21 45
21 47
21 48
21 49
21 50
21 52
21 55
21 56
21 59
21 61
21 62
21 63
21 64
21 68
22 23
22 25
22 27
22 29
22 31
22 33
22 34
22 37
22 38
22 40
22 43
22 44
22 45
22 46
22 47
22 48
22 49
22 55
22 57
22 58
22 59
22 60
22 64
22 68
22 69
23 24
23 26
23 27
23 28
23 29
23 33
23 34
23 37
23 38
23 39
23 41
23 43
23 45
23 47
23 50
23 51
23 52
23 53
23 54
23 55
23 57
23 58
23 60
23 62
23 63
23 65
23 66
23 67
24 25
24 26
24 28
24 33
24 34
24 37
24 38
24 39
24 40
24 42
24 43
24 44
24 45
24 48
24 49
24 50
24 52
24 54
24 55
24 56
24 57
24 59
24 60
24 63
24 65
24 67
24 68
24 69
25 26
25 27
25 28
25 29
25 30
25 31
25 32
25 33
25 38
25 39
25 41
25 44
25 46
25 47
25 48
25 50
25 51
25 52
25 53
25 54
25 55
25 61
25 66
25 68
25 69
26 28
26 29
26 30
26 32
26 33
26 34
26 40
26 41
26 43
26 44
26 47
26 49
26 51
26 52
26 53
26 55
26 57
26 59
26 60
26 61
26 65
26 66
26 68
26 69
27 28
27 30
27 31
27 32
27 34
27 38
27 39
27 40
27 45
27 52
27 53
27 55
27 56
27 58
27 59
27 60
27 61
27 63
27 64
27 65
27 66
27 67
27 68
27 69
28 30
28 38
28 40
28 42
28 47
28 49
28 50
28 53
28 56
28 57
28 58
28 61
28 62
28 64
28 65
28 66
28 68
29 34
29 37
29 38
29 39
29 42
29 44
29 45
29 46
29 47
29 49
29 50
29 51
29 52
29 55
29 57
29 58
29 61
29 62
29 65
29 66
29 67
29 68
30 32
30 33
30 37
30 48
30 49
30 51
30 52
30 55
30 56
30 57
30 58
30 61
30 63
30 65
30 66
31 32
31 34
31 35
31 37
31 38
31 40
31 42
31 43
31 44
31 46
31 47
31 49
31 50
31 51
31 52
31 54
31 55
31 56
31 57
31 62
31 63
31 64
31 66
31 67
31 69
32 34
32 35
32 36
32 37
32 38
32 39
32 44
32 45
32 50
32 52
32 53
32 60
32 61
32 62
32 65
32 66
32 67
33 35
33 36
33 37
33 39
33 40
33 41
33 45
33 47
33 49
33 52
33 53
33 55
33 56
33 57
33 59
33 60
33 61
33 62
33 63
33 64
33 66
33 67
33 68
33 69
34 35
34 36
34 39
34 40
34 41
34 44
34 45
34 47
34 48
34 49
34 50
34 52
34 57
34 59
34 63
34 64
34 65
34 68
35 36
35 37
35 41
35 43
35 49
35 50
35 52
35 55
35 56
35 57
35 58
35 61
35 62
35 64
35 66
35 69
36 37
36 40
36 42
36 43
36 44
36 46
36 48
36 49
36 50
36 52
36 54
36 55
36 56
36 57
36 60
36 61
36 62
36 68
37 40
37 41
37 42
37 44
37 48
37 50
37 51
37 54
37 57
37 58
37 59
37 60
37 61
37 62
37 65
37 67
37 68
37 69
38 39
38 42
38 43
38 44
38 47
38 48
38 51
38 52
38 55
38 61
38 62
38 66
38 67
38 69
39 42
39 44
39 47
39 49
39 51
39 52
39 54
39 55
39 59
39 60
39 61
39 62
39 64
39 66
39 67
40 41
40 44
40 45
40 51
40 52
40 53
40 55
40 59
40 60
40 61
40 65
40 67
41 42
41 43
41 44
41 47
41 49
41 53
41 56
41 57
41 58
41 59
41 60
41 61
41 62
41 63
41 64
41 65
41 66
41 68
41 69
42 44
42 46
42 47
42 49
42 55
42 58
42 59
42 60
42 63
42 65
42 66
42 67
43 45
43 46
43 47
43 48
43 49
43 50
43 58
43 60
43 61
43 65
43 66
43 67
43 68
44 45
44 46
44 47
44 48
44 50
44 52
44 53
44 55
44 57
44 58
44 59
44 60
44 63
44 64
44 65
44 67
44 68
44 69
45 46
45 47
45 48
45 50
45 51
45 53
45 55
45 59
45 60
45 65
45 67
45 68
45 69
46 48
46 49
46 50
46 51
46 52
46 53
46 54
46 55
46 61
46 62
46 63
46 66
46 68
46 69
47 50
47 53
47 54
47 55
47 60
47 61
47 66
47 68
47 69
48 49
48 51
48 52
48 55
48 57
48 58
48 61
48 62
48 64
48 65
48 66
48 68
49 50
49 52
49 53
49 54
49 59
49 60
49 61
49 63
49 64
49 66
49 67
49 68
49 69
50 52
50 53
50 54
50 55
50 56
50 57
50 58
50 59
50 60
50 62
50 65
50 66
50 67
50 69
51 52
51 54
51 55
51 57
51 59
51 60
51 62
51 63
51 65
51 66
51 67
52 53
52 59
52 61
52 62
52 64
52 67
52 68
53 54
53 55
53 58
53 63
53 64
53 65
53 66
53 67
53 68
53 69
54 59
54 61
54 63
54 65
54 67
54 69
55 58
55 60
55 64
55 67
56 58
56 64
57 60
57 63
57 64
57 65
57 66
57 67
57 68
58 60
58 62
58 64
58 65
58 66
58 68
58 69
59 60
59 61
59 62
59 63
59 64
59 67
59 69
60 61
60 62
60 65
60 66
60 67
60 69
61 64
61 65
62 64
62 65
62 67
63 68
63 69
64 65
64 66
64 68
64 69
65 66
65 68
66 69
67 69
68 69
