1323
1.15520e+04 8.44800e+03
1.17600e+04 8.44800e+03
1.18880e+04 8.44800e+03
1.20800e+04 8.44800e+03
1.22400e+04 8.44800e+03
1.27200e+04 5.72000e+02
1.27200e+04 1.98000e+03
1.27200e+04 3.71800e+03
1.27200e+04 5.36800e+03
1.27200e+04 6.99600e+03
2.80000e+03 7.32600e+03
2.92800e+03 7.70000e+03
2.99200e+03 7.70000e+03
3.10400e+03 7.70000e+03
3.26400e+03 7.70000e+03
4.20800e+03 7.70000e+03
8.11200e+03 2.06800e+03
8.11200e+03 2.50800e+03
8.11200e+03 3.08000e+03
8.11200e+03 3.60800e+03
8.11200e+03 4.26800e+03
8.11200e+03 7.48000e+03
9.58400e+03 2.72800e+03
9.58400e+03 3.38800e+03
9.84000e+03 2.28800e+03
1.14400e+04 2.28800e+03
1.17280e+04 2.28800e+03
1.18240e+04 2.28800e+03
1.19840e+04 2.28800e+03
1.21120e+04 2.28800e+03
1.22560e+04 2.28800e+03
1.23840e+04 2.28800e+03
1.24640e+04 2.28800e+03
1.24960e+04 5.72000e+02
1.24960e+04 1.23200e+03
1.26080e+04 1.01200e+03
5.58400e+03 7.92000e+03
5.68000e+03 7.92000e+03
5.76000e+03 7.92000e+03
6.89600e+03 7.92000e+03
7.56800e+03 7.92000e+03
8.14400e+03 7.92000e+03
8.20800e+03 7.92000e+03
9.13600e+03 7.59000e+03
1.05440e+04 6.11600e+03
1.10880e+04 6.11600e+03
1.11680e+04 6.11600e+03
1.12640e+04 6.11600e+03
1.13120e+04 5.72000e+02
1.13120e+04 1.49600e+03
1.13120e+04 5.25800e+03
1.07680e+04 5.72000e+02
1.07680e+04 1.34200e+03
1.07680e+04 4.48800e+03
1.07680e+04 5.03800e+03
1.07680e+04 5.58800e+03
1.07680e+04 6.99600e+03
1.07680e+04 9.28400e+03
1.07680e+04 9.87800e+03
5.58400e+03 8.84400e+03
5.61600e+03 3.08000e+03
6.16000e+03 3.08000e+03
6.49600e+03 3.08000e+03
6.60800e+03 3.08000e+03
6.73600e+03 3.08000e+03
6.84800e+03 3.08000e+03
6.94400e+03 3.08000e+03
7.79200e+03 3.08000e+03
7.85600e+03 3.08000e+03
7.92000e+03 3.08000e+03
8.38400e+03 3.08000e+03
8.46400e+03 3.08000e+03
8.56000e+03 3.08000e+03
8.68800e+03 3.08000e+03
8.80000e+03 3.08000e+03
8.91200e+03 3.08000e+03
9.00800e+03 3.08000e+03
8.68800e+03 2.28800e+03
8.46400e+03 6.11600e+03
8.52800e+03 2.06800e+03
8.52800e+03 2.50800e+03
8.52800e+03 3.60800e+03
8.46400e+03 2.06800e+03
8.46400e+03 2.50800e+03
8.46400e+03 3.60800e+03
1.74560e+04 5.72000e+02
1.74560e+04 2.99200e+03
1.74560e+04 7.23800e+03
1.17280e+04 2.94800e+03
1.18240e+04 2.94800e+03
1.19840e+04 2.94800e+03
1.21120e+04 2.94800e+03
1.22560e+04 2.94800e+03
1.23840e+04 2.94800e+03
1.24640e+04 2.94800e+03
1.25600e+04 5.72000e+02
1.25600e+04 1.98000e+03
1.25600e+04 2.72800e+03
1.75520e+04 7.23800e+03
1.76320e+04 8.18400e+03
1.77760e+04 8.18400e+03
1.80800e+04 8.18400e+03
1.82560e+04 9.06400e+03
1.04480e+04 1.00320e+04
1.05600e+04 1.00320e+04
1.07040e+04 1.00320e+04
1.08640e+04 1.00320e+04
1.09760e+04 1.00320e+04
1.11360e+04 1.00320e+04
1.17600e+04 1.00320e+04
1.18880e+04 1.00320e+04
1.20320e+04 1.00320e+04
1.21440e+04 1.00320e+04
1.28800e+04 1.00320e+04
1.30080e+04 1.00320e+04
1.31680e+04 1.00320e+04
1.33120e+04 1.00320e+04
1.34720e+04 1.00320e+04
1.35840e+04 1.00320e+04
1.36800e+04 3.60800e+03
1.36800e+04 4.26800e+03
1.36800e+04 6.02800e+03
1.36800e+04 6.77600e+03
1.36800e+04 8.00800e+03
1.36800e+04 9.50400e+03
1.77600e+04 6.90800e+03
1.80480e+04 6.90800e+03
1.81280e+04 7.34800e+03
1.26400e+04 3.38800e+03
1.27840e+04 2.64000e+03
1.27840e+04 3.16800e+03
1.09760e+04 8.00800e+03
1.10880e+04 8.00800e+03
1.12640e+04 8.00800e+03
1.16640e+04 8.00800e+03
1.17280e+04 8.00800e+03
1.17920e+04 8.00800e+03
1.18880e+04 8.00800e+03
1.29120e+04 8.00800e+03
1.30080e+04 8.00800e+03
1.31840e+04 8.00800e+03
1.33280e+04 8.00800e+03
1.34560e+04 8.00800e+03
1.35680e+04 8.00800e+03
8.40000e+03 2.06800e+03
8.40000e+03 2.50800e+03
8.40000e+03 3.60800e+03
9.32800e+03 1.45200e+03
9.52000e+03 1.45200e+03
9.63200e+03 1.45200e+03
9.84000e+03 1.45200e+03
1.01600e+04 1.45200e+03
1.02560e+04 1.45200e+03
1.03360e+04 1.45200e+03
1.05440e+04 1.45200e+03
1.06080e+04 1.45200e+03
1.06720e+04 1.45200e+03
1.08640e+04 1.45200e+03
1.09920e+04 1.45200e+03
1.10880e+04 1.45200e+03
1.11680e+04 1.45200e+03
1.23040e+04 5.72000e+02
1.48640e+04 3.60800e+03
1.48640e+04 4.04800e+03
1.48640e+04 6.13800e+03
1.48640e+04 7.56800e+03
1.48640e+04 8.22800e+03
1.48640e+04 9.06400e+03
1.48640e+04 9.50400e+03
1.48640e+04 1.02520e+04
1.48640e+04 1.08900e+04
7.79200e+03 2.06800e+03
7.79200e+03 2.50800e+03
7.79200e+03 3.60800e+03
7.79200e+03 4.04800e+03
7.79200e+03 4.48800e+03
7.79200e+03 6.44600e+03
1.53760e+04 3.60800e+03
1.53760e+04 4.18000e+03
1.53760e+04 6.13800e+03
1.53760e+04 7.34800e+03
6.86400e+03 2.06800e+03
6.86400e+03 3.60800e+03
6.86400e+03 4.77400e+03
6.92800e+03 5.36800e+03
1.05440e+04 5.36800e+03
1.06720e+04 5.36800e+03
1.07040e+04 9.28400e+03
1.24640e+04 1.10000e+04
1.25920e+04 1.10000e+04
1.27360e+04 1.10000e+04
1.28800e+04 1.10000e+04
1.30080e+04 1.10000e+04
1.31680e+04 1.10000e+04
1.33120e+04 1.10000e+04
1.34560e+04 1.10000e+04
1.35840e+04 1.10000e+04
1.41440e+04 1.10000e+04
1.42240e+04 1.10000e+04
1.43360e+04 1.10000e+04
1.44160e+04 1.10000e+04
1.49920e+04 1.10000e+04
1.54400e+04 1.10000e+04
1.56320e+04 1.10000e+04
1.57600e+04 1.10000e+04
1.58240e+04 1.10000e+04
1.61600e+04 1.10000e+04
1.64640e+04 1.10000e+04
1.59520e+04 5.72000e+02
1.59520e+04 1.45200e+03
1.60480e+04 2.99200e+03
1.62080e+04 2.99200e+03
1.64640e+04 2.99200e+03
1.67040e+04 2.99200e+03
1.70720e+04 2.99200e+03
1.71360e+04 2.99200e+03
1.72960e+04 2.99200e+03
1.56640e+04 5.72000e+02
1.56640e+04 3.60800e+03
1.56640e+04 4.18000e+03
1.56640e+04 7.34800e+03
1.56640e+04 7.78800e+03
1.56640e+04 9.06400e+03
1.56640e+04 9.50400e+03
1.56640e+04 1.02520e+04
1.64320e+04 1.45200e+03
8.14400e+03 9.54800e+03
8.14400e+03 1.14400e+04
9.61600e+03 5.72000e+02
1.21120e+04 5.72000e+02
1.21120e+04 3.93800e+03
1.21120e+04 5.25800e+03
8.30400e+03 9.54800e+03
8.30400e+03 1.14400e+04
1.29120e+04 8.84400e+03
1.30080e+04 8.84400e+03
1.31840e+04 8.84400e+03
1.33280e+04 8.84400e+03
1.34560e+04 8.84400e+03
1.35520e+04 3.60800e+03
1.35520e+04 4.37800e+03
1.35520e+04 5.36800e+03
1.35520e+04 6.02800e+03
1.35520e+04 6.77600e+03
1.19200e+04 6.99600e+03
1.19200e+04 9.28400e+03
1.19520e+04 5.72000e+02
1.19520e+04 3.93800e+03
1.19520e+04 5.25800e+03
1.03200e+04 5.72000e+02
1.04480e+04 1.14400e+04
1.18240e+04 5.72000e+02
1.18240e+04 3.93800e+03
1.18240e+04 5.25800e+03
1.26560e+04 5.36800e+03
5.00800e+03 1.06920e+04
5.00800e+03 1.11320e+04
1.31680e+04 1.98000e+03
1.31680e+04 2.64000e+03
1.31680e+04 3.60800e+03
1.31680e+04 4.37800e+03
1.31680e+04 5.47800e+03
1.32320e+04 6.02800e+03
1.33760e+04 6.02800e+03
1.34880e+04 6.02800e+03
1.40320e+04 6.02800e+03
1.41440e+04 6.02800e+03
1.42240e+04 6.02800e+03
1.43200e+04 6.02800e+03
1.44640e+04 6.02800e+03
1.49760e+04 6.02800e+03
1.67040e+04 6.02800e+03
3.28000e+03 1.09120e+04
3.28000e+03 1.14400e+04
6.73600e+03 3.08000e+02
6.73600e+03 2.06800e+03
6.73600e+03 3.60800e+03
6.73600e+03 4.77400e+03
6.73600e+03 5.69800e+03
6.73600e+03 6.33600e+03
8.78400e+03 1.14400e+04
1.02880e+04 1.14400e+04
1.05120e+04 1.14400e+04
1.17920e+04 6.99600e+03
8.72000e+03 4.15800e+03
6.80000e+03 5.80800e+03
6.80000e+03 6.33600e+03
6.91200e+03 6.55600e+03
7.85600e+03 6.55600e+03
8.89600e+03 6.55600e+03
8.94400e+03 2.28800e+03
8.94400e+03 3.60800e+03
7.56800e+03 9.50400e+03
7.85600e+03 9.50400e+03
8.78400e+03 9.50400e+03
1.41440e+04 8.22800e+03
1.42240e+04 8.22800e+03
1.43360e+04 8.22800e+03
1.44160e+04 8.22800e+03
1.44800e+04 8.22800e+03
1.54400e+04 8.22800e+03
1.55040e+04 8.22800e+03
1.55360e+04 3.60800e+03
1.55360e+04 4.18000e+03
1.55360e+04 7.34800e+03
1.55680e+04 5.72000e+02
1.57600e+04 5.72000e+02
1.58400e+04 5.72000e+02
1.60480e+04 5.72000e+02
1.62080e+04 5.72000e+02
1.67040e+04 5.72000e+02
1.71040e+04 5.72000e+02
1.72960e+04 5.72000e+02
1.80000e+04 5.72000e+02
1.80800e+04 5.72000e+02
1.17280e+04 5.72000e+02
1.17280e+04 3.93800e+03
1.17280e+04 5.25800e+03
1.17280e+04 6.99600e+03
1.17600e+04 9.28400e+03
1.22720e+04 3.93800e+03
1.22720e+04 5.25800e+03
1.05120e+04 9.28400e+03
7.85600e+03 4.04800e+03
7.92000e+03 4.04800e+03
8.78400e+03 2.28800e+03
8.78400e+03 3.60800e+03
8.78400e+03 4.26800e+03
7.92000e+03 2.06800e+03
7.92000e+03 2.50800e+03
7.92000e+03 3.60800e+03
7.92000e+03 4.48800e+03
8.88000e+03 4.26800e+03
1.05440e+04 5.72000e+02
1.05440e+04 6.99600e+03
1.06080e+04 4.48800e+03
9.00800e+03 2.28800e+03
9.31200e+03 2.28800e+03
1.14400e+04 5.72000e+02
1.14400e+04 5.25800e+03
1.14400e+04 6.99600e+03
1.15360e+04 6.99600e+03
1.58240e+04 7.34800e+03
1.58240e+04 7.78800e+03
1.58240e+04 9.06400e+03
1.58240e+04 9.50400e+03
1.58240e+04 1.02520e+04
6.60800e+03 2.06800e+03
6.60800e+03 3.60800e+03
6.60800e+03 4.66400e+03
6.89600e+03 5.80800e+03
1.12000e+02 1.11980e+04
1.06720e+04 4.48800e+03
1.08320e+04 4.48800e+03
1.08640e+04 5.72000e+02
1.08640e+04 5.03800e+03
1.10880e+04 6.99600e+03
9.52000e+03 5.72000e+02
9.52000e+03 2.06800e+03
1.22400e+04 6.99600e+03
3.28000e+03 8.71200e+03
3.28000e+03 9.15200e+03
3.63200e+03 1.04720e+04
3.63200e+03 1.09120e+04
3.63200e+03 1.14400e+04
1.15680e+04 9.28400e+03
1.41280e+04 1.04720e+04
1.41600e+04 1.34200e+03
1.41600e+04 3.60800e+03
1.41600e+04 4.04800e+03
1.41600e+04 6.77600e+03
1.41600e+04 7.67800e+03
1.41600e+04 9.50400e+03
4.08000e+03 1.04720e+04
4.33600e+03 1.04720e+04
4.57600e+03 1.04720e+04
4.97600e+03 1.00320e+04
5.28000e+02 7.37000e+03
1.60160e+04 1.45200e+03
1.60160e+04 7.34800e+03
1.60160e+04 9.06400e+03
1.60160e+04 9.50400e+03
1.61600e+04 9.92200e+03
1.64640e+04 9.92200e+03
1.66400e+04 9.92200e+03
1.67200e+04 9.92200e+03
1.70880e+04 9.92200e+03
1.74400e+03 1.09120e+04
2.11200e+03 1.09120e+04
2.36800e+03 1.09120e+04
2.54400e+03 1.09120e+04
2.94400e+03 1.09120e+04
3.05600e+03 8.71200e+03
3.05600e+03 9.15200e+03
3.08800e+03 1.09120e+04
4.08000e+03 1.09120e+04
4.33600e+03 1.09120e+04
4.43200e+03 1.09120e+04
1.34560e+04 9.50400e+03
1.42240e+04 7.78800e+03
1.43360e+04 7.78800e+03
1.44160e+04 7.78800e+03
1.44480e+04 1.34200e+03
1.44480e+04 3.60800e+03
1.44480e+04 4.04800e+03
1.28000e+03 8.40400e+03
1.74400e+03 8.40400e+03
1.90400e+03 8.40400e+03
2.16000e+03 8.40400e+03
2.22400e+03 8.40400e+03
2.36800e+03 8.40400e+03
2.54400e+03 8.40400e+03
2.70400e+03 7.54600e+03
1.40320e+04 1.34200e+03
1.40320e+04 3.60800e+03
1.40320e+04 6.77600e+03
1.49760e+04 7.56800e+03
1.43200e+04 4.04800e+03
1.47680e+04 4.04800e+03
1.33920e+04 1.98000e+03
1.33920e+04 3.60800e+03
1.33920e+04 4.37800e+03
1.33920e+04 5.36800e+03
1.66880e+04 1.45200e+03
1.33600e+04 6.77600e+03
1.62080e+04 1.45200e+03
1.62080e+04 7.34800e+03
1.50400e+03 6.33600e+03
2.06400e+03 6.33600e+03
2.16000e+03 6.33600e+03
2.22400e+03 6.33600e+03
2.38400e+03 6.33600e+03
2.54400e+03 6.33600e+03
4.56000e+03 7.37000e+03
4.30400e+03 7.26000e+03
4.38400e+03 7.26000e+03
4.46400e+03 7.26000e+03
4.81600e+03 7.26000e+03
4.88000e+03 7.26000e+03
1.43520e+04 1.34200e+03
1.43520e+04 3.60800e+03
1.43520e+04 9.50400e+03
1.43520e+04 1.02520e+04
5.74400e+03 8.84400e+03
4.33600e+03 1.14400e+04
6.16000e+03 3.60800e+03
6.16000e+03 4.66400e+03
6.16000e+03 1.11320e+04
6.51200e+03 3.60800e+03
6.51200e+03 4.66400e+03
6.92800e+03 2.06800e+03
6.92800e+03 3.60800e+03
6.92800e+03 4.66400e+03
1.12800e+04 6.99600e+03
1.25920e+04 6.99600e+03
1.34880e+04 3.60800e+03
1.47680e+04 3.60800e+03
1.49600e+04 3.60800e+03
1.57600e+04 3.60800e+03
1.58400e+04 3.60800e+03
1.59200e+04 7.34800e+03
1.23680e+04 5.72000e+02
1.23680e+04 1.23200e+03
1.23680e+04 3.93800e+03
1.23680e+04 5.25800e+03
1.16640e+04 6.99600e+03
1.77760e+04 2.68400e+03
1.24640e+04 3.93800e+03
1.34880e+04 4.26800e+03
1.32320e+04 6.66600e+03
1.01920e+04 5.72000e+02
9.44000e+02 7.37000e+03
1.08480e+04 9.28400e+03
1.70880e+04 9.28400e+03
1.73440e+04 9.28400e+03
4.59200e+03 4.84000e+03
4.59200e+03 6.02800e+03
1.10240e+04 5.72000e+02
1.10240e+04 5.03800e+03
2.38400e+03 7.43600e+03
2.38400e+03 9.15200e+03
2.38400e+03 1.14400e+04
2.92800e+03 8.71200e+03
2.92800e+03 9.15200e+03
2.92800e+03 1.14400e+04
2.54400e+03 7.54600e+03
2.54400e+03 9.15200e+03
2.54400e+03 1.14400e+04
9.64800e+03 7.48000e+03
2.04800e+03 7.17200e+03
2.16000e+03 7.17200e+03
2.22400e+03 7.17200e+03
3.44000e+03 7.17200e+03
1.74400e+03 9.04200e+03
1.74400e+03 1.14400e+04
2.09600e+03 9.15200e+03
2.09600e+03 1.14400e+04
3.05600e+03 1.14400e+04
1.09600e+04 6.99600e+03
2.99200e+03 8.71200e+03
2.99200e+03 9.15200e+03
1.08960e+04 6.99600e+03
4.08000e+03 1.14400e+04
1.61440e+04 9.06400e+03
1.61440e+04 9.50400e+03
1.42240e+04 6.77600e+03
1.42240e+04 9.50400e+03
1.42240e+04 1.02520e+04
1.71040e+04 8.62400e+03
1.71360e+04 7.34800e+03
1.54400e+04 9.06400e+03
1.54400e+04 9.50400e+03
1.54400e+04 1.02520e+04
1.57600e+04 7.78800e+03
1.58560e+04 1.45200e+03
4.20800e+03 4.84000e+03
1.83200e+04 7.34800e+03
1.57600e+04 4.18000e+03
9.71200e+03 7.48000e+03
1.70720e+04 1.45200e+03
1.70720e+04 7.34800e+03
1.64640e+04 9.50400e+03
7.85600e+03 2.06800e+03
7.85600e+03 2.50800e+03
7.85600e+03 3.60800e+03
7.85600e+03 4.48800e+03
1.67200e+04 7.34800e+03
1.55040e+04 9.06400e+03
4.36800e+03 4.84000e+03
6.00000e+03 1.11320e+04
6.06400e+03 1.11320e+04
4.68800e+03 5.80800e+03
4.81600e+03 5.80800e+03
4.88000e+03 5.80800e+03
9.00800e+03 3.60800e+03
1.57600e+04 9.06400e+03
1.74240e+04 9.06400e+03
1.85120e+04 8.29400e+03
4.88000e+03 4.66400e+03
4.88000e+03 5.36800e+03
4.88000e+03 6.77600e+03
4.68800e+03 4.48800e+03
4.75200e+03 4.48800e+03
4.81600e+03 4.48800e+03
1.86080e+04 8.86600e+03
1.44160e+04 9.50400e+03
1.44160e+04 1.02520e+04
1.57600e+04 7.34800e+03
1.82240e+04 7.34800e+03
1.34240e+04 6.77600e+03
1.87040e+04 8.86600e+03
1.10880e+04 4.92800e+03
1.11680e+04 4.92800e+03
1.24640e+04 5.36800e+03
1.57600e+04 1.45200e+03
1.57600e+04 9.50400e+03
1.57600e+04 1.02520e+04
4.32000e+02 7.48000e+03
1.11680e+04 6.99600e+03
1.34880e+04 6.77600e+03
1.35840e+04 9.50400e+03
1.34880e+04 5.36800e+03
1.11840e+04 5.72000e+02
4.46400e+03 4.84000e+03
4.52800e+03 4.84000e+03
4.81600e+03 5.36800e+03
4.81600e+03 6.77600e+03
1.10880e+04 5.72000e+02
1.06720e+04 5.72000e+02
1.02560e+04 5.72000e+02
9.84000e+03 5.72000e+02
4.43200e+03 2.20000e+02
5.80800e+03 2.20000e+02
1.55200e+03 8.93200e+03
5.13600e+03 1.15280e+04
5.55200e+03 1.15280e+04
5.96800e+03 1.15280e+04
5.48800e+03 7.30400e+03
1.65760e+04 8.18400e+03
6.09600e+03 2.64000e+02
6.09600e+03 5.94000e+02
1.82400e+03 6.86400e+03
1.66400e+03 8.18400e+03
5.93600e+03 3.30000e+02
1.16160e+04 8.22800e+03
1.95200e+03 8.18400e+03
6.30400e+03 8.53600e+03
6.36800e+03 8.84400e+03
1.66880e+04 1.14070e+04
3.48800e+03 7.48000e+03
1.39200e+03 2.90400e+03
1.39200e+03 5.85200e+03
1.40800e+03 6.02800e+03
1.17280e+04 1.13300e+04
1.17280e+04 1.08680e+04
6.89600e+03 2.20000e+02
9.23200e+03 2.20000e+02
8.27200e+03 8.75600e+03
7.02400e+03 7.26000e+03
1.47200e+04 4.92800e+03
1.30720e+04 4.84000e+02
1.54080e+04 4.84000e+02
8.08000e+03 7.70000e+03
1.00160e+04 9.06400e+03
7.77600e+03 8.44800e+03
1.53440e+04 7.78800e+03
1.24000e+04 1.14840e+04
1.24000e+04 1.11760e+04
1.64960e+04 1.14840e+04
1.64960e+04 1.11760e+04
1.19360e+04 6.77600e+03
1.18400e+04 6.33600e+03
1.26720e+04 6.77600e+03
3.31200e+03 1.06920e+04
1.05440e+04 1.15280e+04
1.18080e+04 8.22800e+03
1.55360e+04 4.84000e+02
1.81280e+04 3.52000e+02
7.60000e+03 6.11600e+03
1.17440e+04 8.22800e+03
7.88800e+03 9.06400e+03
1.09920e+04 1.15500e+04
1.09920e+04 1.13080e+04
1.20000e+04 6.77600e+03
4.99200e+03 9.81200e+03
5.88800e+03 5.06000e+03
2.70400e+03 8.25000e+03
1.66720e+04 6.24800e+03
3.40800e+03 3.05800e+03
3.40800e+03 6.16000e+03
5.76000e+03 8.62400e+03
6.52800e+03 8.84400e+03
6.94400e+03 7.26000e+03
7.40800e+03 1.09120e+04
1.26080e+04 3.60800e+03
1.23520e+04 6.11600e+03
1.16480e+04 6.33600e+03
1.24160e+04 6.11600e+03
1.20960e+04 9.50400e+03
1.32480e+04 9.28400e+03
9.12000e+02 3.41000e+03
9.12000e+02 6.86400e+03
9.28000e+02 7.04000e+03
1.48000e+04 8.00800e+03
6.64000e+03 2.20000e+02
6.83200e+03 2.20000e+02
2.94400e+03 6.95200e+03
9.66400e+03 7.78800e+03
5.60000e+02 3.41000e+03
5.60000e+02 6.86400e+03
5.76000e+02 7.04000e+03
1.72800e+03 8.18400e+03
5.12000e+03 7.92000e+03
2.08000e+03 8.93200e+03
3.07200e+03 1.12200e+04
2.97600e+03 1.06920e+04
1.08480e+04 6.77600e+03
8.84800e+03 9.06400e+03
1.61120e+04 8.84400e+03
1.71200e+04 8.40400e+03
1.21600e+04 9.06400e+03
1.35520e+04 1.14180e+04
1.81920e+04 8.95400e+03
1.81920e+04 9.85600e+03
1.81920e+04 1.13190e+04
1.82720e+04 8.62400e+03
1.84160e+04 7.34800e+03
1.84160e+04 8.29400e+03
1.20000e+03 7.37000e+03
1.20000e+03 8.18400e+03
1.20000e+03 1.09120e+04
1.20000e+03 1.14400e+04
1.79040e+04 5.72000e+02
1.79040e+04 2.68400e+03
1.79040e+04 6.90800e+03
1.79040e+04 7.34800e+03
1.79040e+04 8.62400e+03
8.27200e+03 3.08000e+02
8.27200e+03 2.06800e+03
8.27200e+03 2.50800e+03
8.27200e+03 3.08000e+03
8.27200e+03 3.60800e+03
8.27200e+03 5.30200e+03
8.33600e+03 7.26000e+03
8.46400e+03 7.26000e+03
8.49600e+03 9.54800e+03
8.49600e+03 1.05820e+04
8.49600e+03 1.14400e+04
1.58880e+04 9.06400e+03
1.58880e+04 9.50400e+03
1.58880e+04 1.02520e+04
1.58880e+04 1.10000e+04
1.59360e+04 8.18400e+03
1.60480e+04 8.18400e+03
1.62080e+04 8.18400e+03
1.63360e+04 5.72000e+02
1.63360e+04 1.01200e+03
1.63360e+04 1.45200e+03
1.63360e+04 2.99200e+03
1.63360e+04 4.81800e+03
1.63360e+04 6.02800e+03
1.63360e+04 7.34800e+03
1.04000e+03 7.37000e+03
1.04000e+03 8.18400e+03
1.04000e+03 1.09120e+04
1.04000e+03 1.14400e+04
4.46400e+03 3.08000e+02
4.64000e+03 3.08000e+02
4.81600e+03 3.08000e+02
4.94400e+03 3.08000e+02
5.16800e+03 3.08000e+02
5.44000e+03 3.08000e+02
5.61600e+03 3.08000e+02
5.72800e+03 3.08000e+02
5.80800e+03 3.08000e+03
5.80800e+03 3.60800e+03
5.80800e+03 4.66400e+03
5.80800e+03 5.36800e+03
5.80800e+03 6.07200e+03
5.80800e+03 7.12800e+03
5.93600e+03 9.65800e+03
5.93600e+03 1.12860e+04
1.68480e+04 5.72000e+02
1.68480e+04 1.45200e+03
1.68480e+04 2.99200e+03
1.68480e+04 4.70800e+03
1.68480e+04 6.02800e+03
1.68480e+04 7.34800e+03
1.68480e+04 8.51400e+03
1.68480e+04 9.28400e+03
1.68480e+04 9.92200e+03
1.68480e+04 1.11980e+04
8.24000e+03 7.48000e+03
8.40000e+03 9.54800e+03
8.40000e+03 1.05820e+04
8.40000e+03 1.14400e+04
1.52000e+03 9.15200e+03
1.52000e+03 1.09120e+04
1.52000e+03 1.14400e+04
1.58400e+03 6.44600e+03
1.58400e+03 7.59000e+03
1.58400e+03 8.29400e+03
5.16800e+03 1.14400e+04
5.28000e+03 1.14400e+04
5.45600e+03 1.14400e+04
5.58400e+03 1.14400e+04
5.71200e+03 1.14400e+04
2.67200e+03 6.33600e+03
2.78400e+03 6.55600e+03
2.97600e+03 6.55600e+03
3.10400e+03 6.55600e+03
3.26400e+03 6.55600e+03
3.36000e+03 6.55600e+03
3.60000e+03 6.55600e+03
3.85600e+03 6.55600e+03
3.92000e+03 6.55600e+03
4.01600e+03 6.55600e+03
4.14400e+03 6.55600e+03
4.20800e+03 6.55600e+03
4.35200e+03 6.55600e+03
4.46400e+03 6.55600e+03
4.56000e+03 6.55600e+03
4.68800e+03 6.55600e+03
4.72000e+03 7.26000e+03
4.72000e+03 8.14000e+03
4.72000e+03 9.70200e+03
4.72000e+03 1.05820e+04
4.72000e+03 1.11320e+04
1.70080e+04 5.72000e+02
1.70080e+04 1.45200e+03
1.70080e+04 2.99200e+03
1.70080e+04 5.87400e+03
1.70080e+04 7.34800e+03
1.70720e+04 8.09600e+03
1.71360e+04 8.09600e+03
1.72800e+04 8.09600e+03
1.74560e+04 8.09600e+03
1.75200e+04 8.40400e+03
1.75200e+04 8.95400e+03
1.75200e+04 1.01420e+04
1.75200e+04 1.13190e+04
8.80000e+02 7.37000e+03
8.80000e+02 8.18400e+03
8.80000e+02 1.14400e+04
4.14400e+03 4.84000e+03
4.14400e+03 7.70000e+03
4.30400e+03 8.36000e+03
4.41600e+03 8.36000e+03
4.57600e+03 8.36000e+03
4.65600e+03 8.36000e+03
4.86400e+03 8.36000e+03
5.04000e+03 8.36000e+03
5.29600e+03 8.36000e+03
5.45600e+03 8.84400e+03
5.45600e+03 9.81200e+03
5.52000e+03 3.60800e+03
5.52000e+03 4.66400e+03
5.52000e+03 5.36800e+03
5.52000e+03 5.91800e+03
5.52000e+03 6.93000e+03
1.65600e+04 8.95400e+03
1.65600e+04 9.92200e+03
1.65920e+04 5.72000e+02
1.65920e+04 1.45200e+03
1.65920e+04 2.99200e+03
1.65920e+04 4.81800e+03
1.65920e+04 6.13800e+03
1.65920e+04 7.34800e+03
7.72800e+03 7.74400e+03
7.72800e+03 9.54800e+03
7.72800e+03 1.08460e+04
7.79200e+03 7.04000e+03
7.85600e+03 7.04000e+03
7.95200e+03 7.04000e+03
8.01600e+03 3.08000e+02
8.01600e+03 2.06800e+03
8.01600e+03 2.50800e+03
8.01600e+03 3.08000e+03
8.01600e+03 3.60800e+03
8.01600e+03 4.26800e+03
8.01600e+03 5.85200e+03
1.62720e+04 9.06400e+03
1.62720e+04 9.50400e+03
1.62720e+04 9.92200e+03
1.62720e+04 1.10000e+04
1.66400e+04 8.84400e+03
1.67200e+04 8.84400e+03
1.67840e+04 6.02800e+03
1.67840e+04 7.34800e+03
1.67840e+04 8.51400e+03
4.64000e+02 1.14400e+04
5.28000e+02 8.18400e+03
6.40000e+02 8.18400e+03
7.84000e+02 7.37000e+03
7.84000e+02 7.96400e+03
7.66400e+03 6.44600e+03
7.66400e+03 8.07400e+03
7.66400e+03 9.54800e+03
7.66400e+03 1.08460e+04
7.72800e+03 3.08000e+02
7.72800e+03 2.06800e+03
7.72800e+03 2.50800e+03
7.72800e+03 3.08000e+03
7.72800e+03 3.60800e+03
7.72800e+03 4.04800e+03
7.72800e+03 4.48800e+03
5.23200e+03 3.60800e+03
5.23200e+03 4.66400e+03
5.23200e+03 5.36800e+03
5.23200e+03 5.91800e+03
5.23200e+03 6.77600e+03
5.52000e+03 7.92000e+03
3.85600e+03 7.48000e+03
3.92000e+03 7.92000e+03
4.01600e+03 7.92000e+03
4.17600e+03 9.15200e+03
4.17600e+03 9.92200e+03
4.17600e+03 1.04720e+04
4.17600e+03 1.09120e+04
4.17600e+03 1.14400e+04
5.98400e+03 7.48000e+02
6.09600e+03 3.08000e+03
6.09600e+03 3.60800e+03
6.09600e+03 4.66400e+03
6.16000e+03 5.36800e+03
6.22400e+03 5.36800e+03
6.32000e+03 5.36800e+03
6.49600e+03 5.36800e+03
6.60800e+03 5.69800e+03
6.60800e+03 6.33600e+03
6.60800e+03 7.50200e+03
6.60800e+03 9.06400e+03
6.60800e+03 1.01420e+04
6.60800e+03 1.10220e+04
1.72000e+04 5.87400e+03
1.72000e+04 7.34800e+03
1.72000e+04 9.28400e+03
1.72000e+04 9.92200e+03
1.72000e+04 1.11980e+04
1.72960e+04 5.19200e+03
1.74400e+04 5.19200e+03
1.75680e+04 5.19200e+03
1.76160e+04 5.72000e+02
1.76160e+04 2.99200e+03
7.24800e+03 1.03620e+04
7.24800e+03 1.12860e+04
7.37600e+03 3.08000e+02
7.37600e+03 9.68000e+02
7.37600e+03 2.06800e+03
7.37600e+03 2.50800e+03
7.37600e+03 3.08000e+03
7.37600e+03 3.60800e+03
7.37600e+03 4.48800e+03
7.37600e+03 5.58800e+03
7.37600e+03 6.55600e+03
7.37600e+03 7.74400e+03
1.80800e+03 6.44600e+03
1.84000e+03 7.43600e+03
1.84000e+03 8.40400e+03
1.84000e+03 9.04200e+03
1.84000e+03 1.09120e+04
1.84000e+03 1.14400e+04
1.22720e+04 9.87800e+03
1.24640e+04 9.06400e+03
1.25920e+04 9.06400e+03
1.27360e+04 9.06400e+03
1.28480e+04 9.02000e+02
1.28480e+04 1.98000e+03
1.28480e+04 2.64000e+03
1.28480e+04 3.16800e+03
1.28480e+04 3.60800e+03
1.28480e+04 4.15800e+03
1.28480e+04 5.36800e+03
1.28480e+04 6.55600e+03
1.28480e+04 6.99600e+03
1.28480e+04 8.00800e+03
1.28480e+04 8.84400e+03
1.64800e+03 8.40400e+03
1.64800e+03 9.15200e+03
1.64800e+03 1.09120e+04
1.64800e+03 1.14400e+04
1.68000e+03 6.44600e+03
1.68000e+03 7.59000e+03
6.25600e+03 9.65800e+03
6.25600e+03 1.10220e+04
1.69760e+04 8.51400e+03
1.69760e+04 9.28400e+03
1.69760e+04 9.92200e+03
1.69760e+04 1.11980e+04
1.70720e+04 5.72000e+03
1.71360e+04 5.72000e+03
1.74400e+04 5.72000e+03
1.76000e+04 5.72000e+03
1.16000e+04 5.72000e+02
1.16000e+04 1.76000e+03
1.16000e+04 3.38800e+03
1.16000e+04 5.25800e+03
1.16000e+04 6.55600e+03
1.16000e+04 6.99600e+03
1.16000e+04 7.89800e+03
1.16320e+04 8.60200e+03
1.16320e+04 9.28400e+03
1.16320e+04 1.02080e+04
1.73760e+04 1.01420e+04
1.77280e+04 1.01420e+04
1.84160e+04 1.01420e+04
1.86080e+04 1.01420e+04
1.87040e+04 1.01420e+04
1.88640e+04 1.01420e+04
1.89920e+04 1.01420e+04
1.90880e+04 1.01420e+04
6.22400e+03 9.68000e+02
6.22400e+03 3.08000e+03
6.22400e+03 3.60800e+03
6.22400e+03 4.66400e+03
6.40000e+03 1.09120e+04
6.76800e+03 1.09120e+04
6.86400e+03 1.12860e+04
1.93600e+03 6.33600e+03
1.93600e+03 7.43600e+03
1.96800e+03 8.40400e+03
1.96800e+03 9.15200e+03
1.96800e+03 1.09120e+04
1.96800e+03 1.14400e+04
3.98400e+03 8.71200e+03
4.30400e+03 8.93200e+03
4.41600e+03 8.93200e+03
4.49600e+03 1.08020e+04
1.54400e+04 1.23200e+03
1.54400e+04 3.60800e+03
1.54400e+04 4.18000e+03
1.54400e+04 4.81800e+03
1.55360e+04 5.80800e+03
1.56480e+04 5.80800e+03
1.57600e+04 5.80800e+03
1.58400e+04 5.80800e+03
1.59360e+04 5.80800e+03
1.60480e+04 5.80800e+03
1.62080e+04 5.80800e+03
5.58400e+03 1.02520e+04
5.72800e+03 1.02520e+04
6.00000e+03 1.02520e+04
6.06400e+03 1.02520e+04
6.16000e+03 1.02520e+04
6.32000e+03 9.68000e+02
6.32000e+03 3.08000e+03
6.32000e+03 3.60800e+03
6.32000e+03 4.66400e+03
6.38400e+03 9.54800e+03
6.38400e+03 1.04720e+04
1.67200e+04 1.11980e+04
1.70880e+04 1.11980e+04
1.73760e+04 1.11980e+04
1.77280e+04 1.11980e+04
1.84160e+04 1.11980e+04
1.86080e+04 1.11980e+04
1.87040e+04 1.11980e+04
1.88480e+04 1.11980e+04
1.52800e+04 5.72000e+02
1.52800e+04 1.23200e+03
1.52800e+04 3.60800e+03
1.52800e+04 4.18000e+03
1.52800e+04 4.81800e+03
1.52800e+04 6.13800e+03
1.52800e+04 7.34800e+03
1.52800e+04 8.22800e+03
1.52800e+04 9.06400e+03
1.52800e+04 9.50400e+03
1.52800e+04 1.02520e+04
1.52800e+04 1.10000e+04
3.47200e+03 7.92000e+03
3.47200e+03 8.71200e+03
3.47200e+03 9.37200e+03
3.47200e+03 1.04720e+04
3.47200e+03 1.09120e+04
3.47200e+03 1.14400e+04
2.08000e+02 1.14400e+04
4.32000e+02 7.96400e+03
9.44000e+02 7.96400e+03
1.10400e+03 7.37000e+03
1.42400e+03 6.44600e+03
1.42400e+03 7.37000e+03
1.42400e+03 8.29400e+03
1.00960e+04 4.37800e+03
1.00960e+04 5.47800e+03
1.00960e+04 6.55600e+03
1.00960e+04 7.48000e+03
1.00960e+04 8.00800e+03
1.00960e+04 8.60200e+03
1.00960e+04 9.28400e+03
1.00960e+04 1.03180e+04
1.00960e+04 1.14400e+04
1.02560e+04 3.60800e+03
1.03360e+04 3.60800e+03
1.04480e+04 3.60800e+03
1.05440e+04 3.60800e+03
1.06080e+04 3.60800e+03
1.06720e+04 3.60800e+03
1.07520e+04 3.60800e+03
1.08640e+04 3.60800e+03
1.09920e+04 3.60800e+03
1.10880e+04 3.60800e+03
1.11680e+04 3.60800e+03
1.12800e+04 3.60800e+03
1.14080e+04 3.60800e+03
6.88000e+02 7.37000e+03
6.88000e+02 1.14400e+04
6.16000e+03 9.68000e+02
6.49600e+03 9.68000e+02
6.59200e+03 9.68000e+02
6.73600e+03 9.68000e+02
6.84800e+03 9.68000e+02
6.94400e+03 9.68000e+02
7.10400e+03 9.68000e+02
7.23200e+03 9.68000e+02
7.55200e+03 9.68000e+02
7.60000e+03 3.08000e+02
7.60000e+03 2.06800e+03
7.60000e+03 2.50800e+03
7.60000e+03 3.08000e+03
7.60000e+03 3.60800e+03
7.60000e+03 4.04800e+03
7.60000e+03 4.48800e+03
7.63200e+03 5.14800e+03
7.79200e+03 5.14800e+03
7.85600e+03 5.14800e+03
7.92000e+03 5.14800e+03
8.11200e+03 5.14800e+03
8.38400e+03 5.14800e+03
8.46400e+03 5.14800e+03
8.62400e+03 5.14800e+03
8.80000e+03 5.14800e+03
8.91200e+03 5.14800e+03
9.21600e+03 5.14800e+03
9.50400e+03 5.14800e+03
9.61600e+03 5.14800e+03
9.74400e+03 5.14800e+03
9.88800e+03 5.14800e+03
9.93600e+03 6.55600e+03
9.93600e+03 7.48000e+03
9.93600e+03 8.38200e+03
9.93600e+03 9.28400e+03
9.93600e+03 1.14400e+04
1.00320e+04 5.72000e+02
1.00320e+04 1.45200e+03
1.00320e+04 2.72800e+03
6.49600e+03 7.08400e+03
6.73600e+03 7.08400e+03
6.76800e+03 9.06400e+03
6.76800e+03 1.01420e+04
9.93600e+03 5.72000e+02
9.93600e+03 1.45200e+03
5.20000e+03 1.00320e+04
7.40800e+03 1.03620e+04
7.56800e+03 1.06920e+04
7.85600e+03 1.06920e+04
7.93600e+03 1.06920e+04
8.03200e+03 1.06920e+04
8.14400e+03 1.06920e+04
8.22400e+03 1.06920e+04
8.32000e+03 1.06920e+04
8.78400e+03 1.06920e+04
8.97600e+03 1.06920e+04
9.40800e+03 1.06920e+04
1.02880e+04 1.06920e+04
1.04000e+04 1.06920e+04
1.05600e+04 1.06920e+04
1.07040e+04 1.06920e+04
1.08640e+04 1.06920e+04
1.09600e+04 1.06920e+04
1.11360e+04 1.06920e+04
1.12640e+04 1.06920e+04
1.13920e+04 1.06920e+04
1.14720e+04 1.06920e+04
1.15680e+04 1.06920e+04
4.88000e+03 9.21800e+03
4.88000e+03 1.00320e+04
4.88000e+03 1.05820e+04
4.88000e+03 1.11320e+04
4.94400e+03 3.60800e+03
4.94400e+03 4.66400e+03
4.94400e+03 5.36800e+03
4.94400e+03 5.91800e+03
4.94400e+03 6.77600e+03
4.94400e+03 7.43600e+03
6.94400e+03 3.08000e+02
7.10400e+03 3.08000e+02
7.23200e+03 3.08000e+02
7.79200e+03 3.08000e+02
7.85600e+03 3.08000e+02
7.92000e+03 3.08000e+02
8.12800e+03 3.08000e+02
8.38400e+03 3.08000e+02
8.46400e+03 3.08000e+02
8.52800e+03 3.08000e+02
8.59200e+03 3.08000e+02
8.68800e+03 3.08000e+02
8.80000e+03 3.08000e+02
8.91200e+03 3.08000e+02
9.00800e+03 3.08000e+02
9.10400e+03 3.08000e+02
9.20000e+03 3.08000e+02
9.23200e+03 1.45200e+03
9.23200e+03 2.28800e+03
9.23200e+03 3.38800e+03
9.34400e+03 7.26000e+03
9.45600e+03 8.60200e+03
9.45600e+03 1.14400e+04
3.56800e+03 7.92000e+03
3.66400e+03 7.92000e+03
3.72800e+03 7.92000e+03
8.24000e+03 9.54800e+03
8.24000e+03 1.14400e+04
9.37600e+03 6.77600e+03
9.77600e+03 5.72000e+02
9.77600e+03 1.45200e+03
9.77600e+03 2.50800e+03
9.77600e+03 3.38800e+03
6.99200e+03 7.85400e+03
6.99200e+03 9.17400e+03
6.99200e+03 9.81200e+03
6.99200e+03 1.03620e+04
7.05600e+03 2.06800e+03
7.05600e+03 3.08000e+03
7.05600e+03 3.60800e+03
7.05600e+03 4.66400e+03
7.05600e+03 5.58800e+03
7.05600e+03 6.55600e+03
1.45120e+04 6.82000e+02
1.46400e+04 3.60800e+03
1.46400e+04 4.04800e+03
1.46400e+04 4.59800e+03
1.46400e+04 6.13800e+03
1.46400e+04 7.56800e+03
1.46400e+04 8.22800e+03
1.46400e+04 9.06400e+03
1.46400e+04 9.50400e+03
1.46400e+04 1.02520e+04
1.46400e+04 1.10000e+04
1.47680e+04 1.01200e+03
1.48480e+04 1.01200e+03
1.49600e+04 1.01200e+03
1.53760e+04 1.01200e+03
1.55360e+04 1.01200e+03
1.56640e+04 1.01200e+03
1.57600e+04 1.01200e+03
1.58400e+04 1.01200e+03
1.59360e+04 1.01200e+03
1.60480e+04 1.01200e+03
1.62080e+04 1.01200e+03
1.64640e+04 1.01200e+03
1.65280e+04 5.72000e+02
1.47360e+04 6.13800e+03
1.47360e+04 7.56800e+03
1.47360e+04 8.22800e+03
1.47360e+04 9.06400e+03
1.47360e+04 9.50400e+03
1.47360e+04 1.02520e+04
1.47360e+04 1.08900e+04
1.47680e+04 4.92800e+03
1.48800e+04 4.92800e+03
1.49760e+04 4.92800e+03
1.53760e+04 4.92800e+03
1.55360e+04 4.92800e+03
1.56480e+04 4.92800e+03
1.57600e+04 4.92800e+03
1.58400e+04 4.92800e+03
1.59360e+04 4.92800e+03
1.60480e+04 4.92800e+03
1.62080e+04 4.92800e+03
1.64640e+04 4.92800e+03
1.67040e+04 4.92800e+03
1.38080e+04 6.02800e+03
1.38080e+04 6.77600e+03
1.38080e+04 7.78800e+03
1.38080e+04 8.22800e+03
1.38080e+04 9.50400e+03
1.38080e+04 1.03620e+04
1.38080e+04 1.11100e+04
1.40320e+04 4.70800e+03
1.41440e+04 4.70800e+03
1.43200e+04 4.70800e+03
1.44640e+04 4.70800e+03
1.69440e+04 4.70800e+03
3.66400e+03 8.71200e+03
3.72800e+03 9.28400e+03
3.76000e+03 9.70200e+03
3.76000e+03 1.04720e+04
3.76000e+03 1.09120e+04
3.76000e+03 1.14400e+04
3.60000e+03 8.71200e+03
3.60000e+03 9.48200e+03
4.04800e+03 9.81200e+03
4.33600e+03 9.81200e+03
4.57600e+03 9.81200e+03
4.65600e+03 9.81200e+03
4.97600e+03 8.84400e+03
8.97600e+03 8.11800e+03
8.97600e+03 9.39400e+03
8.97600e+03 1.14400e+04
1.01760e+04 6.55600e+03
1.03040e+04 6.55600e+03
1.04480e+04 6.55600e+03
1.05760e+04 6.55600e+03
1.07360e+04 6.55600e+03
1.08320e+04 6.55600e+03
1.08960e+04 6.55600e+03
1.09760e+04 6.55600e+03
1.10880e+04 6.55600e+03
1.11680e+04 6.55600e+03
1.12640e+04 6.55600e+03
1.14240e+04 6.55600e+03
1.15360e+04 6.55600e+03
1.16640e+04 6.55600e+03
1.17280e+04 6.55600e+03
1.17920e+04 6.55600e+03
1.18720e+04 6.55600e+03
1.19680e+04 6.55600e+03
1.21120e+04 6.55600e+03
1.22720e+04 6.55600e+03
1.24480e+04 6.55600e+03
1.26080e+04 6.55600e+03
1.27360e+04 6.55600e+03
1.30080e+04 6.55600e+03
1.30720e+04 1.01200e+03
1.30720e+04 1.98000e+03
1.30720e+04 2.64000e+03
1.30720e+04 3.60800e+03
1.30720e+04 4.26800e+03
1.30720e+04 5.36800e+03
1.31680e+04 5.72000e+02
1.32640e+04 5.72000e+02
1.34080e+04 5.72000e+02
1.35680e+04 5.72000e+02
1.36960e+04 5.72000e+02
1.40160e+04 5.72000e+02
1.41600e+04 5.72000e+02
1.43200e+04 5.72000e+02
1.51200e+04 5.72000e+02
1.53760e+04 5.72000e+02
1.04800e+04 5.72000e+02
1.04800e+04 1.45200e+03
1.04800e+04 6.00600e+03
7.12000e+03 2.50800e+03
7.12000e+03 3.08000e+03
7.12000e+03 3.60800e+03
7.12000e+03 4.66400e+03
7.12000e+03 5.58800e+03
7.12000e+03 6.55600e+03
7.12000e+03 7.74400e+03
7.12000e+03 9.06400e+03
7.12000e+03 9.81200e+03
7.12000e+03 1.03620e+04
7.12000e+03 1.12860e+04
3.72800e+03 8.71200e+03
4.01600e+03 1.04720e+04
4.01600e+03 1.09120e+04
4.01600e+03 1.14400e+04
6.48000e+03 9.06400e+03
6.89600e+03 9.06400e+03
7.24800e+03 2.06800e+03
7.24800e+03 2.50800e+03
7.24800e+03 3.08000e+03
7.24800e+03 3.60800e+03
7.24800e+03 4.66400e+03
7.24800e+03 5.58800e+03
7.24800e+03 6.55600e+03
7.24800e+03 7.48000e+03
3.92000e+03 8.71200e+03
5.05600e+03 9.37200e+03
3.53600e+03 9.37200e+03
3.53600e+03 1.04720e+04
3.53600e+03 1.09120e+04
3.53600e+03 1.14400e+04
8.78400e+03 8.44800e+03
1.03040e+04 8.44800e+03
1.05600e+04 8.44800e+03
1.07040e+04 8.44800e+03
1.07680e+04 8.44800e+03
1.08480e+04 8.44800e+03
1.09760e+04 8.44800e+03
1.11200e+04 8.44800e+03
1.12640e+04 8.44800e+03
