4461
7355 8602
7356 6721
7357 7389
7357 8309
7358 5751
7358 5973
7359 5943
7359 9431
7360 6863
7360 7096
7363 6317
7363 9563
7364 7005
7365 10210
7366 6267
7367 6469
7367 6924
7367 9017
7367 9947
7367 10159
7368 6682
7369 9199
7369 10351
7370 7551
7370 10331
7372 6358
7372 6591
7372 9593
7372 10281
7374 9088
7374 9320
7375 9533
7376 6722
7377 5995
7377 6015
7377 6237
7377 6702
7377 10392
7378 7369
7379 6197
7379 6652
7379 6894
7379 7127
7380 6632
7380 6864
7380 8259
7380 8937
7380 9412
7381 7066
7381 7299
7382 8209
7383 9119
7383 9806
7384 6763
7384 8158
7385 6045
7386 5803
7386 9968
7387 6480
7387 7168
7390 7087
7390 8725
7390 10100
7391 5914
7391 6612
7392 7744
7392 8897
7393 8411
7393 8644
7394 6541
7395 7208
7397 6925
7397 7856
7397 9008
7398 5975
7398 6218
7398 8311
7398 10150
7399 6430
7399 8978
7399 9665
7400 6400
7400 6632
7401 7765
7401 8230
7401 10312
7402 6127
7403 10272
7404 7462
7404 9089
7404 10242
7405 6976
7406 6501
7406 7431
7409 8503
7409 9201
7410 6168
7410 7806
7410 9878
7411 6855
7411 8463
7412 7280
7412 9373
7413 6097
7413 6572
7413 9575
7414 7240
7416 8129
7416 9049
7416 9514
7416 10212
7417 6006
7418 6694
7419 7129
7421 6391
7421 7543
7421 9636
7423 6340
7423 6795
7423 7038
7423 7958
7423 8433
7424 7705
7424 10020
7425 6522
7426 6037
7426 8362
7426 8595
7427 6714
7427 7634
7427 8787
7428 7392
7429 6664
7430 5936
7431 7999
7431 8019
7432 9151
7433 8656
7434 6310
7434 9798
7435 7463
7436 6958
7436 9738
7437 6937
7438 7847
7438 8312
7438 8767
7438 10172
7439 7584
7439 9910
7440 6644
7441 7312
7442 6594
7442 7534
7443 7726
7444 5856
7444 8181
7445 6078
7445 7908
7446 6736
7447 6250
7447 6483
7448 8080
7449 5967
7449 9445
7450 8262
7451 8717
7451 9172
7452 5897
7452 10072
7454 7029
7454 7484
7455 9081
7456 6049
7456 10214
7459 6210
7462 6615
7462 6837
7462 8455
7464 7252
7465 8617
7466 6504
7466 8364
7467 6949
7467 7181
7468 8789
7469 6433
7471 6858
7472 6140
7472 9618
7473 7980
7474 8405
7475 6080
7475 6777
7475 7697
7475 9325
7476 7212
7476 7444
7477 6039
7477 9962
7478 6009
7478 6474
7478 7627
7478 8082
7478 9012
7478 9709
7479 6211
7479 6686
7479 7596
7480 6889
7480 9436
7481 8719
7482 9851
7483 6353
7483 6575
7483 7040
7483 9356
7483 10296
7484 7263
7485 6545
7485 7000
7485 8153
7486 6292
7487 8567
7487 9507
7489 6919
7489 7142
7489 9912
7490 6667
7490 7112
7490 8962
7490 9669
7493 6818
7493 8679
7494 9578
7494 10033
7498 6232
7498 7870
7499 8315
7499 9225
7500 10125
7501 6394
7501 8254
7502 6839
7502 9397
7503 7062
7503 7739
7503 8214
7503 8912
7504 6576
7504 7961
7504 8426
7506 6061
7506 8831
7507 6263
7507 7416
7507 9983
7508 6708
7508 6951
7508 9033
7508 9953
7509 8538
7510 10145
7511 7790
7511 9650
7512 6607
7512 7537
7512 8932
7514 6344
7514 9114
7514 9802
7515 7466
7515 8164
7515 9084
7517 9519
7518 6243
7518 8336
7519 6001
7519 6911
7519 7153
7519 7851
7519 9468
7520 8043
7522 9863
7522 10318
7523 7760
7524 6810
7524 7265
7524 9357
7525 7942
7526 6992
7527 7194
7528 8094
7529 10389
7530 8286
7530 8529
7531 6183
7531 6416
7531 6638
7532 5931
7532 8013
7533 7073
7535 6315
7535 9570
7535 10258
7537 7670
7539 6224
7539 9004
7542 8701
7542 10096
7543 8226
7544 7033
7544 7731
7545 6780
7545 8186
7546 6760
7546 8145
7546 9995
7547 6285
7547 9753
7549 9935
7550 8984
7550 9682
7550 10147
7551 5952
7551 6872
7552 8024
7552 8469
7552 10339
7553 6376
7553 10309
7554 8894
7554 9834
7555 6103
7555 7488
7555 8631
7556 6083
7556 7236
7556 8611
7557 6518
7557 8833
7558 6710
7561 6660
7561 7357
7562 9642
7563 6609
7563 9157
7564 6811
7565 7711
7565 9116
7565 9582
7566 8379
7566 10249
7567 7903
7568 7196
7568 9491
7569 6003
7569 7155
7569 8096
7569 9248
7569 9703
7569 10168
7570 6448
7572 6175
7572 7782
7572 8955
7572 9420
7572 9875
7573 8460
7573 8682
7574 7520
7574 8197
7575 9804
7576 9087
7577 6276
7577 9531
7578 7641
7579 7853
7579 8551
7580 6913
7580 8763
7581 8278
7582 7318
7582 8723
7583 9380
7584 6135
7585 6570
7585 8420
7587 6762
7587 7439
7588 6044
7588 6964
7589 6479
7589 7389
7590 6904
7590 9006
7592 6873
7592 7561
7592 9178
7593 8006
7594 7045
7595 6105
7595 8653
7595 8885
7596 8633
7597 7682
7597 8612
7598 6257
7598 9270
7598 9502
7600 8077
7600 9462
7600 9704
7601 7581
7601 10372
7602 7106
7602 8259
7604 8218
7604 9846
7605 6338
7606 9331
7607 6288
7607 6985
7607 7460
7607 8835
7607 9533
7611 7814
7611 8522
7613 5924
7613 6621
7613 6854
7614 7056
7615 6793
7615 7724
7615 10049
7616 6318
7617 6763
7617 7228
7618 6510
7618 8118
7618 9978
7619 8330
7620 7845
7620 10160
7624 6137
7625 7269
7625 8654
7626 7936
7626 8169
7626 9099
7627 6076
7628 6268
7628 8361
7629 6248
7629 9038
7630 6450
7630 6693
7630 6915
7632 7350
7632 10130
7633 6400
7633 8007
7633 9170
7633 9413
7634 9382
7634 10312
7635 6339
7635 9817
7635 10505
7636 6087
7636 9564
7636 9797
7637 7007
7638 7896
7639 6016
7639 7654
7639 7886
7639 8099
7640 6704
7640 7148
7640 9939
7642 7118
7642 9656
7642 10576
7644 6370
7644 6603
7644 10545
7646 7482
7646 8170
7646 10262
7648 6522
7648 7432
7649 8807
7650 7614
7650 9019
7650 10182
7651 5976
7652 6886
7653 6168
7653 7786
7653 8241
7653 8473
7654 7523
7654 8453
7654 9151
7654 9393
7655 10061
7656 9333
7657 7240
7658 6057
7658 9302
7659 8120
7659 8342
7659 9505
7659 9727
7660 6229
7660 6462
7660 6937
7661 8302
7662 6432
7663 8716
7663 9879
7664 8221
7665 6351
7665 6816
7665 8676
7665 10294
7667 6078
7667 6765
7667 9081
7668 7453
7669 7180
7669 8585
7671 6907
7672 8747
7672 9677
7675 7291
7676 7029
7676 8879
7677 6088
7677 6998
7677 7928
7678 8151
7680 7858
7680 8100
7680 9030
7681 5977
7682 9202
7684 6149
7684 6847
7685 7059
7685 8212
7686 6574
7686 9567
7687 6786
7688 6301
7689 6726
7690 6018
7690 9486
7691 6463
7691 6686
7691 9466
7692 8273
7692 9900
7693 7333
7693 8495
7693 8718
7693 8728
7693 8950
7693 9415
7694 7545
7695 8910
7695 9365
7696 7262
7696 7505
7696 8415
7696 9122
7696 10032
7696 10497
7698 7909
7698 9992
7699 6039
7699 8354
7699 8587
7699 10437
7700 7181
7700 7626
7700 10194
7700 10406
7701 8769
7702 6191
7702 8293
7704 7768
7704 9163
7704 9861
7705 6595
7706 7738
7706 9810
7707 7697
7707 7950
7708 6525
7708 6757
7708 9295
7709 6959
7709 8830
7710 10407
7711 6221
7712 7121
7713 6424
7713 6636
7714 10326
7715 8213
7715 8678
7716 8426
7717 6090
7718 6303
7719 6737
7719 6980
7719 7425
7720 6485
7720 8577
7720 9265
7720 9952
7721 8537
7721 9002
7721 10154
7721 10620
7723 6869
7723 8042
7725 7061
7725 7294
7725 10084
7726 6808
7727 10266
7730 7183
7731 6242
7731 7395
7732 7365
7732 7840
7736 8194
7737 6779
7737 8406
7737 8871
7739 6748
7739 7213
7739 7446
7740 9508
7740 9731
7741 6708
7741 6930
7741 10165
7744 8942
7745 6607
7745 9145
7745 9610
7747 6567
7747 7709
7747 10024
7747 10499
7748 9539
7749 6294
7749 7669
7749 8144
7749 9296
7750 10429
7752 6446
7752 8761
7752 10621
7753 7800
7753 7821
7753 8053
7753 8508
7754 8023
7754 8720
7754 9650
7754 9883
7755 6142
7755 6375
7756 7052
7758 7002
7758 9084
7759 6527
7759 9064
7760 6264
7760 8801
7762 6668
7762 8296
7762 9004
7762 9226
7765 9843
7766 7275
7766 7973
7766 9823
7767 10268
7769 6972
7770 6022
7770 7184
7770 7649
7770 7882
7770 10197
7771 8084
7771 9014
7772 6922
7772 9924
7773 6194
7773 7114
7774 7336
7775 10329
7778 6538
7779 9763
7779 9985
7779 10450
7780 6487
7780 8590
7781 8327
7781 8802
7782 7610
7782 10380
7784 8267
7784 9874
7785 8236
7785 10562
7786 6124
7786 7519
7787 7721
7787 9116
7787 9338
7788 6073
7789 7458
7789 9076
7789 9531
7790 6265
7790 7650
7791 6943
7791 9258
7792 6457
7792 8065
7792 10633
7794 6872
7794 7802
7794 10107
7795 6164
7795 6619
7796 6832
7796 8682
7796 10542
7797 8884
7797 9592
7798 7236
7799 6761
7799 8389
7799 8834
7801 6246
7802 5993
7802 7378
7803 9208
7803 10613
7804 6650
7805 5922
7806 8450
7807 7975
7807 8429
7808 8642
7808 9794
7809 7681
7809 10229
7810 6741
7810 7206
7810 9279
7810 10431
7810 10674
7811 6024
7812 7853
7812 9006
7813 7126
7813 8531
7814 8025
7814 9431
7816 8693
7817 6105
7817 7045
7817 10290
7818 9330
7819 6529
7819 9542
7819 10240
7820 6044
7820 6964
7820 10209
7823 7591
7824 6408
7824 8734
7824 8956
7824 9653
7826 6135
7826 6378
7826 6611
7826 10068
7828 7723
7828 7935
7830 7197
7831 9957
7832 6459
7832 6924
7833 6207
7834 5954
7834 10351
7835 6864
7835 8471
7835 9866
7836 7521
7836 8916
7836 9856
7837 7036
7837 7966
7837 8663
7837 10048
7838 9806
7838 10503
7839 6298
7839 8855
7840 8603
7840 9300
7840 10675
7841 8118
7841 9280
7843 6905
7843 8057
7844 8512
7847 9371
7848 8421
7849 6066
7851 6733
7851 7643
7851 8805
7851 9503
7851 9736
7852 6238
7852 6703
7853 7845
7854 7582
7854 9200
7854 9675
7855 7795
7855 8027
7856 6147
7856 7067
7856 7764
7856 10322
7857 7279
7857 9604
7859 6996
7859 8866
7860 6289
7860 7441
7860 8149
7861 8573
7861 9049
7862 7158
7862 8098
7862 9251
7862 10403
7863 6683
7864 6188
7865 6410
7865 6643
7865 7108
7865 8725
7866 9625
7867 6370
7867 6592
7868 8877
7869 7229
7869 7927
7869 8169
7870 7684
7871 8816
7872 9494
7872 9939
7873 8533
7873 8766
7874 9211
7874 9443
7875 9878
7875 10576
7876 7998
7877 6582
7877 7513
7877 9140
7878 6795
7878 7957
7878 9575
7878 9818
7879 9332
7880 6532
7881 6027
7881 8584
7884 7826
7884 8524
7885 8039
7886 8706
7887 6361
7887 9373
7889 6310
7889 7928
7890 6067
7890 7463
7890 7907
7891 6725
7892 6472
7892 7402
7892 10415
7893 6927
7894 6209
7896 8474
7896 10334
7897 6604
7897 7069
7897 8454
7899 6098
7900 8150
7900 10011
7902 8787
7902 9718
7902 9960
7903 7625
7904 7837
7905 6644
7906 6159
7906 6624
7906 10324
7907 7767
7907 10072
7909 9111
7909 9566
7910 6291
7911 8121
7911 9758
7912 6493
7912 8565
7913 7393
7913 10395
7914 7373
7914 9910
7915 8040
7915 8970
7915 10345
7917 6827
7918 6584
7918 7979
7918 8424
7918 9819
7919 7484
7919 9334
7920 6311
7920 10477
7921 7444
7921 9294
7923 6928
7923 8081
7924 9456
7924 9688
7925 7353
7925 7808
7925 9890
7926 8940
7926 9405
7926 9648
7927 7060
7928 8677
7929 10032
7930 6079
7930 6544
7930 8849
7931 6969
7931 7667
7932 6716
7932 8799
7932 9507
7934 7131
7934 9234
7935 6191
7935 6423
7935 9193
7936 7566
7937 9153
7937 9851
7938 6353
7938 7283
7938 7970
7938 10528
7940 6777
7940 7232
7940 9790
7944 6221
7945 6879
7946 8021
7947 7526
7947 10073
7949 6323
7951 6990
7952 6262
7952 6505
7952 8577
7952 9730
7953 6464
7953 9012
7954 9932
7955 9204
7958 9134
7959 8426
7959 8891
7959 10509
7961 6050
7961 7456
7961 9538
7962 7890
7963 9255
7963 9710
7964 6687
7964 8527
7965 8052
7965 10590
7966 6859
7966 7800
7966 9174
7966 9872
7967 6384
7967 7769
7967 8002
7967 9387
7971 6526
7971 6758
7971 7689
7971 8133
7972 7416
7973 6253
7973 7183
7974 6920
7975 8295
7975 9448
7976 7578
7978 6354
7978 9145
7979 6809
7982 7659
7983 7163
7983 7396
7983 7871
7983 8104
7984 6466
7984 10398
7985 6193
7986 6648
7986 7103
7986 7335
7986 10105
7988 8690
7989 6122
7989 6567
7990 7245
7990 7932
7991 9064
7992 9287
7993 6941
7994 9014
7995 8529
7996 8043
7996 8721
7996 8953
7996 10348
7998 6608
7998 7285
7998 10531
7999 9348
7999 9580
8000 6315
8000 6547
8001 7700
8001 8842
8002 6729
8002 6962
8002 8822
8004 8094
8004 9924
8005 8762
8006 6881
8006 7569
8007 8004
8007 8479
8007 9176
8008 6831
8008 8448
8009 9116
8010 6336
8010 7256
8010 8175
8011 7933
8012 6275
8012 7893
8013 6497
8013 9490
8015 6437
8016 7812
8016 9429
8016 10349
8017 9874
8017 10572
8019 9834
8020 6781
8020 9349
8021 8146
8022 8125
8022 8601
8022 9763
8024 7155
8026 6650
8026 7347
8026 8035
8026 9197
8027 6407
8027 9400
8027 10330
8028 7074
8028 7297
8029 7519
8029 10299
8030 7954
8030 9561
8031 6316
8031 7004
8031 10016
8032 9056
8033 6721
8033 7196
8033 7661
8033 8813
8034 6923
8034 6943
8034 7398
8034 9016
8035 6438
8036 6883
8036 10118
8036 10350
8036 10370
8037 7782
8038 6145
8039 6357
8039 8662
8039 10067
8040 6569
8040 6802
8040 7722
8041 9087
8042 7904
8043 6499
8044 7166
8044 9481
8044 9956
8045 6216
8045 7601
8045 9451
8045 9683
8047 7571
8047 8015
8047 8723
8049 6600
8049 9128
8049 9593
8050 10270
8051 8167
8054 6701
8055 7136
8056 6883
8056 9199
8058 6621
8058 6843
8061 7480
8061 8400
8062 6297
8063 7652
8065 9462
8066 6439
8066 7116
8067 6651
8067 8481
8068 9391
8068 10089
8068 10331
8069 8684
8070 8421
8071 7248
8071 8633
8071 9321
8071 9563
8071 9796
8072 9988
8073 6733
8073 9523
8074 6490
8076 8057
8077 6187
8077 7329
8077 8037
8077 9887
8079 8451
8080 6339
8080 6814
8081 8876
8081 9099
8082 8138
8084 8573
8084 9260
8085 6450
8085 9008
8085 9705
8085 9928
8087 10110
8088 7775
8089 7057
8089 9139
8089 9847
8090 8654
8091 6319
8091 6551
8091 6774
8091 7714
8091 10019
8092 6521
8092 6541
8092 7451
8092 9069
8095 6936
8096 8513
8096 9453
8098 8007
8098 8948
8098 9170
8100 7967
8103 6269
8103 8129
8103 8351
8103 8372
8104 6481
8104 7421
8104 9029
8105 6239
8107 9201
8108 8483
8108 9636
8109 6380
8109 6603
8112 9777
8113 7209
8113 9070
8114 9727
8115 7392
8117 6876
8117 8049
8118 7796
8118 8716
8119 7068
8119 8928
8119 10081
8120 6815
8121 7260
8121 7958
8121 8403
8122 7928
8123 6987
8124 8575
8125 9940
8126 7139
8126 8069
8126 8534
8127 7352
8128 9404
8129 7756
8129 9161
8129 9849
8131 6331
8132 8151
8133 7685
8133 8130
8134 6735
8134 8343
8135 6240
8135 6927
8135 8090
8136 6210
8136 8292
8136 9697
8137 6432
8137 8050
8138 7099
8138 7554
8139 8009
8141 7039
8141 9111
8142 6543
8142 8859
8142 10011
8145 8101
8145 9243
8145 9496
8147 9668
8148 6877
8148 7322
8149 6160
8150 8667
8151 8889
8152 6311
8153 7221
8153 9304
8154 6493
8154 7879
8154 9516
8155 7626
8155 9264
8156 9011
8157 6655
8157 9901
8158 9415
8159 6393
8159 6837
8159 7778
8160 7292
8161 8425
8162 6787
8164 9982
8165 6716
8166 7151
8166 8304
8167 8061
8168 8728
8169 6626
8169 8466
8169 8931
8170 7990
8171 6575
8171 7040
8172 7697
8172 8395
8172 9335
8173 7232
8174 6282
8174 6504
8174 6747
8174 6969
8174 8587
8174 9507
8176 6454
8176 6929
8176 8072
8178 8264
8179 9629
8180 7516
8181 9366
8181 10043
8182 8648
8183 7910
8183 8143
8184 7213
8185 8800
8186 8547
8187 7354
8187 8517
8188 9437
8189 7557
8190 6374
8190 8679
8191 6586
8192 8173
8192 9103
8192 9791
8193 6526
8193 8851
8195 9255
8196 9943
8198 7112
8198 8972
8199 6637
8199 8012
8200 6829
8200 7304
8201 8437
8201 8892
8202 6334
8202 7021
8202 9559
8203 6304
8203 7466
8204 7668
8204 8366
8206 9013
8207 6900
8207 7598
8209 6405
8209 8487
8209 9650
8210 9145
8210 9387
8211 7739
8211 9124
8212 7497
8212 8174
8212 9579
8212 10034
8213 9074
8214 6516
8215 7184
8216 6941
8216 7851
8216 9711
8217 6688
8217 7376
8218 8053
8219 6870
8219 7335
8219 9185
8220 6618
8220 8235
8221 8205
8221 9822
8223 8397
8223 8852
8224 6749
8224 6972
8225 6497
8225 8357
8227 8306
8228 8974
8229 8266
8229 8711
8230 7771
8231 6578
8231 6820
8238 6891
8238 7589
8238 7811
8238 9894
8241 8438
8242 6558
8242 7023
8243 6780
8243 8641
8243 9561
8243 9793
8243 10016
8244 7225
8244 7458
8244 9075
8245 6720
8245 6740
8245 7185
8245 9268
8246 6467
8246 9035
8247 8075
8248 7367
8249 6407
8249 7559
8250 6609
8250 9632
8251 7984
8253 6326
8253 9328
8254 6518
8256 6943
8256 9015
8256 9490
8257 7610
8257 7853
8257 8318
8257 9703
8259 8025
8260 7307
8260 8015
8260 9400
8261 6832
8261 8217
8262 9814
8264 6539
8264 7691
8264 8834
8265 6731
8265 7428
8265 8591
8266 7166
8266 8338
8267 6448
8267 8551
8269 8500
8269 8955
8270 8702
8271 9137
8272 6812
8272 7045
8272 7277
8273 8642
8273 9107
8274 8854
8275 6974
8275 8126
8275 9976
8276 6479
8278 9451
8279 8036
8279 8278
8279 9188
8281 6378
8281 7075
8282 9360
8283 7712
8284 8147
8284 9077
8285 9512
8287 6924
8287 8541
8287 8784
8288 8299
8289 6418
8289 7116
8290 9401
8292 6590
8293 6560
8293 7955
8293 8410
8295 7662
8295 9300
8296 7420
8296 8582
8297 7157
8297 9239
8298 9694
8298 9927
8299 8047
8299 8512
8303 7016
8303 8886
8304 6298
8304 9553
8305 6975
8305 7895
8305 8128
8308 6672
8308 7602
8308 8755
8309 9675
8310 9644
8311 7774
8311 8927
8313 6804
8313 7259
8313 9331
8314 8634
8315 8371
8317 9018
8318 6915
8318 8310
8318 9463
8319 7117
8319 9887
8320 6865
8320 8250
8321 9160
8322 9129
8323 7027
8323 7947
8323 8654
8324 6531
8324 6764
8324 7694
8325 9069
8326 8816
8328 6451
8329 8523
8329 8735
8331 6390
8331 8705
8332 7280
8333 7502
8333 8190
8333 9352
8334 6784
8334 8867
8336 9271
8337 6481
8340 8958
8342 6815
8342 8685
8342 9605
8343 6340
8344 9100
8345 6300
8345 6997
8345 8847
8346 8807
8347 7179
8347 8322
8348 7614
8348 9929
8349 7816
8350 8029
8350 9424
8351 7553
8352 9838
8353 7958
8355 7918
8355 8140
8356 6745
8357 7402
8357 8110
8357 9040
8358 8777
8359 7139
8359 9919
8361 8241
8362 7766
8363 8888
8364 7251
8365 8373
8366 7655
8367 6472
8369 9222
8371 6382
8371 7312
8371 8484
8372 6372
8372 7069
8372 8444
8374 6331
8374 8646
8378 7393
8379 7595
8379 8070
8379 8758
8380 6877
8380 7110
8380 9900
8381 9162
8382 9375
8385 6756
8386 9284
8387 7868
8388 9243
8388 9486
8389 6898
8390 8040
8392 6848
8393 6362
8393 6575
8393 7050
8393 8657
8393 8890
8395 6544
8395 7009
8395 7222
8395 7454
8395 9314
8396 7202
8396 8597
8397 8122
8398 7171
8399 6454
8399 6666
8399 7131
8400 8283
8400 8516
8400 9669
8401 6636
8401 7798
8401 8718
8401 9648
8403 7273
8403 9830
8405 9315
8406 6525
8407 6727
8408 6697
8408 6929
8409 8992
8409 9224
8410 7344
8412 8223
8413 9598
8414 8881
8415 8385
8416 7445
8420 7577
8420 8052
8421 6414
8421 7102
8421 8264
8422 7769
8422 8931
8423 6829
8423 7061
8424 7718
8424 8659
8424 9124
8426 7921
8426 9073
8427 7183
8427 8588
8427 8810
8427 9275
8429 8072
8429 8760
8431 7800
8431 9427
8432 6607
8432 9164
8434 7496
8435 6769
8436 8376
8436 9306
8437 6971
8437 7668
8437 8133
8437 8346
8438 7871
8440 8053
8441 6648
8441 6880
8442 7547
8442 8002
8443 8680
8444 6567
8444 9357
8445 7002
8445 7244
8445 8629
8446 7457
8446 7689
8446 8842
8448 6486
8448 9024
8449 6921
8450 8508
8452 6850
8452 8710
8454 8882
8455 6547
8455 7932
8457 9509
8458 7639
8458 8114
8460 7821
8461 7346
8461 8276
8462 8478
8462 9408
8462 9631
8463 7983
8463 8216
8463 8448
8464 7043
8464 9115
8465 8418
8465 9560
8467 8600
8467 9045
8468 7174
8468 7872
8469 6457
8469 8539
8471 6649
8472 7084
8472 8944
8472 9176
8474 6811
8474 7741
8475 7711
8476 7468
8476 9308
8477 6973
8478 6497
8478 6710
8480 7377
8481 6872
8481 8034
8484 7266
8484 9126
8485 7034
8486 6761
8487 6518
8487 8591
8488 9278
8489 6700
8490 6670
8490 6913
8490 8308
8490 9460
8491 6417
8491 7337
8491 7812
8491 9197
8492 6640
8492 8490
8494 6589
8494 8197
8495 6802
8496 7924
8496 8621
8496 8854
8498 7661
8499 7408
8499 7863
8500 9006
8501 8045
8501 9430
8502 6863
8506 7004
8506 7227
8507 8379
8507 9057
8507 9077
8510 8541
8513 9158
8514 9370
8515 6560
8515 6570
8515 7025
8515 7500
8515 7955
8515 8177
8516 6782
8517 6530
8518 8592
8519 7167
8519 7409
8521 7126
8521 7814
8522 7339
8524 8441
8524 8916
8526 9320
8527 7915
8528 6965
8530 6924
8531 6672
8532 8259
8532 8957
8533 8016
8533 8481
8539 6470
8539 7643
8540 8320
8540 9230
8541 7835
8543 6622
8543 7309
8544 7987
8545 8189
8546 7006
8546 8411
8547 6763
8547 8381
8548 6733
8548 7886
8549 6956
8549 8573
8550 7380
8550 8078
8551 6430
8551 6905
8552 7795
8553 6865
8553 7552
8553 9160
8554 8230
8555 6572
8555 9362
8556 7471
8558 6511
8558 7664
8559 9271
8560 6693
8560 9241
8561 7138
8564 6592
8565 8200
8565 8442
8566 6784
8567 7239
8569 7866
8569 8341
8571 6663
8571 7604
8572 9201
8575 6815
8576 7947
8578 8140
8579 6724
8581 7836
8581 8059
8581 8302
8581 8534
8582 7806
8583 7786
8584 7533
8584 7988
8585 7291
8586 7018
8586 7725
8587 7463
8587 9090
8589 6482
8591 6917
8594 6604
8596 7261
8596 7493
8597 6533
8597 6766
8600 6938
8600 7868
8602 6887
8602 7120
8604 8242
8605 9142
8607 8404
8608 6523
8610 8333
8612 6655
8614 6837
8615 7980
8615 8212
8617 8172
8618 6514
8618 6979
8622 7353
8622 8283
8624 8475
8625 6605
8627 7929
8627 8395
8628 6757
8628 7232
8628 8142
8629 7202
8630 6939
8632 6888
8632 8061
8633 6646
8634 7556
8635 7050
8635 7980
8636 6585
8637 6788
8637 7475
8639 6494
8639 6737
8640 8112
8641 6687
8643 7111
8643 7334
8646 7738
8649 8355
8651 7395
8651 8537
8652 6899
8655 8214
8659 8143
8661 7860
8661 8315
8662 8073
8663 6657
8666 7517
8667 6556
8668 8386
8669 6506
8669 7203
8670 7891
8671 7628
8673 8043
8673 8265
8674 6860
8676 7750
8676 7982
8678 7932
8683 8508
8684 8488
8685 7073
8686 6587
8686 6830
8687 7032
8688 6780
8688 7477
8688 7922
8690 7427
8691 6931
8694 7326
8695 7548
8696 8448
8698 7013
8700 6740
8700 6972
8702 7599
8703 6902
8705 7781
8705 8226
8707 8186
8709 7215
8710 7428
8711 6720
8711 8338
8712 7387
8713 7812
8718 8409
8722 6700
8722 7155
8722 7843
8723 8287
8725 7539
8726 7984
8727 6802
8728 6559
8728 7014
8728 7257
8732 6933
8733 7600
8734 6873
8736 8450
8737 6812
8738 7489
8740 7196
8743 6903
8743 7368
8744 7803
8745 7096
8745 8248
8746 7065
8746 7308
8748 6550
8748 6792
8750 6742
8750 6964
8750 7439
8750 8359
8752 7389
8752 8309
8755 7551
8758 8410
8759 8168
8759 8390
8762 8097
8763 7359
8764 8037
8766 6844
8766 7986
8769 6773
8770 6743
8771 6723
8771 6945
8771 7643
8773 6682
8776 7299
8779 7936
8781 6966
8781 7431
8781 8341
8782 6925
8782 7178
8783 8068
8787 8432
8791 6734
8792 7401
8792 7866
8795 8038
8797 7280
8797 7745
8797 7977
8799 8402
8800 7452
8803 7614
8805 7563
8806 7321
8807 7523
8811 7654
8812 7412
8813 6694
8814 7826
8818 7048
8819 7018
8820 7230
8820 7918
8821 6967
8822 6715
8824 6907
8824 7352
8826 8009
8829 6796
8829 7706
8836 7777
8839 7251
8840 6756
8843 6685
8849 7949
8851 7899
8852 6726
8853 6938
8858 7980
8862 7879
8864 7606
8865 7819
8866 6858
8866 7091
8867 7313
8868 6818
8868 7748
8869 7253
8870 7697
8874 6677
8874 7364
8874 8062
8875 6899
8876 7789
8877 7546
8879 7031
8879 7728
8883 6940
8885 7132
8885 7809
8886 7334
8891 6748
8895 6667
8898 6829
8898 7294
8900 6779
8900 7001
8902 7426
8903 6708
8903 7648
8903 7861
8907 6860
8910 7487
8911 7214
8913 6941
8917 6628
8919 6577
8922 6729
8922 6982
8925 6901
8925 7376
8926 6871
8926 7811
8928 7073
8930 7720
8931 6760
8934 7862
8936 6649
8939 7033
8939 7286
8940 6801
8943 6710
8948 6609
8951 7003
8952 6741
8953 7428
8954 6690
8957 7337
8961 6539
8962 6509
8969 6590
8969 6822
8970 6802
8970 7267
8971 7227
8972 7207
8973 6954
8974 7409
8977 6873
8983 6742
8985 6691
8986 6651
8988 6621
8994 6490
8994 6935
8996 6904
9002 6996
9005 6682
9007 7097
9009 6602
9011 6784
9012 6531
9019 7057
9020 6814
9022 6541
9024 6481
9025 6936
9030 6572
9033 6734
9037 6653
9038 7088
9043 6512
9043 6987
9045 6462
9046 6684
9054 6715
9056 6917
9060 6594
9060 7059
9064 7190
9070 6817
9072 6766
9076 6928
9078 6867
9082 6544
9083 6989
9087 6676
9090 6595
9094 6737
9098 6646
9101 6798
9102 6778
9108 6889
9110 6606
9120 7061
9126 7163
9127 6677
9128 7122
9129 7082
9131 7042
9134 6738
9140 6830
9143 6779
9158 6901
9166 6932
9176 6953
5639 6909
5652 6142
5654 6101
5659 6910
5659 6920
5661 6182
5663 6830
5669 6213
5670 6425
5671 6870
5673 6132
5682 6840
5690 6891
5694 6801
5698 6265
5698 6952
5701 6184
5701 6407
5712 6154
5716 6296
5720 6438
5722 6397
5722 6873
5730 6458
5731 6893
5736 6317
5737 6064
5738 6034
5738 6267
5740 5984
5741 6206
5741 6418
5744 6368
5744 6823
5746 6783
5748 6490
5748 6965
5749 6944
5750 6227
5756 6308
5758 6733
5761 6440
5762 6187
5763 6389
5774 6127
5776 6319
5776 6774
5777 6289
5779 6026
5780 6916
5783 6168
5784 6137
5788 6744
5789 6249
5790 5996
5797 6077
5799 6482
5799 6957
5800 6472
5802 6411
5804 6836
5805 6350
5806 6563
5808 6047
5810 6229
5813 6159
5817 6311
5818 6988
5820 6472
5822 6200
5822 6432
5822 6877
5825 6594
5827 6089
5829 6726
5833 6392
5833 6635
5838 6281
5840 6948
5841 6686
5842 6665
5844 6160
5846 6807
5847 6544
5847 6999
5848 6049
5850 6251
5851 6919
5853 6413
5855 6120
5859 6272
5860 6009
5860 6484
5861 6687
5863 6869
5864 6616
5867 6090
5867 7010
5872 6909
5873 6171
5874 6151
5876 6333
5878 6768
5879 6738
5879 6970
5884 6394
5890 6253
5890 6718
5891 6000
5892 6668
5893 6880
5895 6840
5896 6122
5897 6324
5898 6304
5900 6496
5902 5971
5902 6911
5905 6365
5905 6618
5906 7042
5908 6759
5908 7002
5909 6042
5910 6264
5911 6941
5912 6456
5913 6891
5914 6163
5917 6568
5920 6022
5928 6083
5932 6225
5939 6983
5940 6275
5940 6953
5941 6245
5944 6185
5945 5922
5945 6144
5946 6367
5947 7034
5949 6296
5949 6529
5953 6195
5956 6832
5957 6114
5959 6064
5961 6479
5961 6944
5962 6923
5963 6438
5963 6671
5964 6418
5964 6651
5965 7095
5966 6610
5968 7025
5973 6894
5975 6388
5975 6398
5977 5873
5977 6803
5978 6783
5980 6742
5981 6712
5981 6945
5982 6004
5984 5964
5984 7117
5986 6844
5986 7076
5989 5833
5990 6975
5991 6247
5997 5884
5997 7036
5998 6096
6004 5965
6009 6996
6010 6289
6011 6723
6012 6926
6015 6178
6016 6147
6017 6360
6019 5854
6019 6552
6019 7007
6020 6977
6023 6906
6024 6663
6025 5935
6026 6603
6028 6107
6029 6785
6031 6047
6031 6259
6033 6229
6034 6209
6035 6168
6036 7078
6041 5805
6041 6502
6041 6735
6042 6017
6042 6472
6045 6179
6046 5916
6046 6856
6052 6938
6054 6200
6055 6422
6058 6351
6060 6058
6060 6523
6062 6483
6063 6453
6065 5957
6065 6645
6068 6817
6070 6999
6071 6736
6074 6666
6076 6403
6076 6615
6076 7090
6077 6372
6077 9153
6078 5887
6078 6110
6080 5847
6081 5817
6081 6969
6082 5796
6085 6423
6086 6868
6087 6150
6088 6130
6089 6322
6090 6777
6093 6474
6094 5989
6097 7071
6098 6808
6102 6950
6105 6424
6106 6394
6106 7102
6108 5899
6109 6091
6110 7011
6111 6050
6111 6293
6114 5767
6114 5990
6115 6667
6116 6637
6116 9195
6117 6607
6118 9144
6120 5859
6120 6536
6121 6759
6122 6506
6123 6253
6123 6708
6124 7608
6126 5940
6126 6172
6127 6850
6128 7527
6131 6991
6133 6951
6134 5758
6135 6901
6135 9206
6136 7103
6139 6335
6141 6072
6141 6304
6141 9064
6142 6042
6142 7659
6143 6476
6143 7639
6145 9671
6146 5708
6146 7579
6147 5931
6147 6628
6147 7073
6148 6841
6149 7498
6150 6325
6150 6548
6151 5840
6153 5800
6154 6689
6154 7144
6155 5982
6156 7346
6158 5901
6158 9601
6159 5648
6159 6113
6160 6791
6161 6295
6161 7468
6162 6508
6164 6457
6166 6892
6166 7114
6167 7327
6169 7034
6172 6053
6172 6973
6173 9258
6174 6458
6174 7165
6176 5730
6176 5962
6176 7580
6176 9662
6177 6862
6177 7550
6177 9167
6180 6802
6181 5841
6181 7459
6182 6519
6182 6751
6183 9046
6184 5781
6185 6903
6185 8520
6186 6428
6187 6397
6189 6590
6189 7277
6190 5862
6190 6327
6190 6559
6190 9562
6191 7237
6193 6964
6193 7661
6196 6651
6196 9198
6199 5670
6199 7055
6200 7500
6201 6782
6201 9320
6202 7450
6204 6247
6204 7409
6204 9724
6206 9674
6207 6166
6208 6853
6209 8441
6209 9361
6210 5863
6210 9108
6211 7005
6212 6297
6213 5802
6213 6955
6215 5984
6215 6692
6215 7602
6217 5701
6217 5944
6217 7329
6217 7571
6218 6621
6218 7531
6219 5903
6219 9604
6223 6490
6224 7643
6225 8532
6225 9230
6227 7107
6228 9159
6232 9068
6233 5803
6233 7431
6234 5793
6234 6723
6234 6935
6235 6460
6236 6430
6236 7138
6238 6390
6239 6834
6239 7057
6239 7522
6240 9807
6241 5854
6241 6774
6241 9089
6245 6218
6245 8553
6245 8998
6246 7360
6247 9190
6248 8483
6249 5672
6249 6137
6249 6380
6250 6582
6250 9362
6250 9595
6251 6552
6251 7017
6252 8392
6253 6047
6253 6279
6254 6249
6256 5966
6256 6663
6256 9686
6257 6411
6258 6623
6258 7563
6259 5915
6259 8463
6262 6997
6262 9535
6262 9545
6263 6057
6263 9050
6266 6219
6266 7604
6267 5946
6269 9838
6270 7038
6270 7513
6270 9596
6272 5835
6272 9768
6273 8363
6273 9293
6274 6715
6275 5997
6276 6907
6277 6199
6277 7119
6277 7342
6277 8979
6277 9424
6278 5694
6278 9182
6280 6584
6280 7271
6280 9141
6281 6341
6282 7463
6282 8393
6283 7433
6283 9061
6285 8565
6285 9010
6285 9253
6286 6675
6287 8515
6287 9667
6288 6169
6288 7099
6289 5684
6289 6382
6289 8464
6291 6786
6292 6089
6292 6999
6293 7666
6294 6038
6295 6483
6295 8323
6295 9476
6296 7605
6298 9415
6299 6150
6299 7535
6300 5887
6300 6817
6302 6534
6302 7242
6306 6443
6306 8991
6311 7040
6312 9325
6313 6757
6313 9527
6314 9284
6315 8567
6317 5968
6317 6191
6317 6888
6317 7353
6317 9436
6318 7556
6318 8263
6319 6383
6320 5898
6320 6595
6320 8445
6320 9143
6320 9841
6321 6333
6322 7485
6322 9093
6323 6757
6323 6980
6323 8152
6324 6262
6324 8587
6325 6717
6326 6222
6326 7607
6327 8294
6328 7334
6329 6626
6329 7091
6331 6576
6331 9346
6332 7010
6332 9801
6333 9770
6334 8133
6334 8355
6335 9497
6338 5949
6338 6404
6339 5919
6339 6151
6339 9872
6340 7536
6340 9619
6341 9589
6342 5868
6342 6556
6342 6778
6343 8143
6344 7193
6344 7668
6346 5990
6346 9478
6348 6415
6349 8952
6350 7072
6351 6819
6352 6324
6352 8416
6353 5829
6353 8609
6353 9316
6354 6041
6355 6961
6356 6688
6356 7386
6357 7143
6357 7375
6357 7608
6357 8518
6357 8528
6358 8265
6358 9205
6359 8023
6359 9165
6360 5900
6360 8922
6361 9357
6362 7264
6362 8184
6362 9114
6364 7669
6365 6254
6367 8983
6367 9216
6368 6891
6368 9438
6369 6628
6370 6365
6370 7063
6370 7770
6371 8427
6373 7235
6373 7467
6373 9075
6375 9044
6376 8327
6376 9712
6377 6921
6377 7376
6378 6183
6380 6153
6380 7993
6380 8458
6380 9398
6380 9621
6381 5900
6381 6345
6381 6598
6382 7720
6382 7963
6383 7013
6384 9540
6385 8115
6386 7852
6389 8944
6392 6093
6392 6113
6392 6326
6392 6791
6393 5850
6393 9328
6393 9793
6395 6275
6395 7650
6395 9055
6396 8338
6396 8570
6396 9480
6397 6912
6397 8540
6398 7124
6399 8479
6399 9652
6400 6609
6400 9167
6401 7276
6401 9834
6402 6569
6402 9126
6404 6053
6404 6993
6404 7913
6406 6478
6406 6720
6407 6225
6407 7620
6407 8065
6407 9005
6408 5972
6408 7357
6408 7833
6408 8288
6409 7095
6410 7772
6411 6822
6411 7519
6412 8429
6414 6751
6414 7226
6415 5811
6415 7196
6415 7418
6416 8096
6416 9491
6418 8510
6419 6175
6420 9855
6423 7712
6424 6307
6424 8389
6425 7894
6426 9714
6427 6236
6427 9229
6429 7803
6431 6135
6431 9370
6431 9613
6432 5882
6432 6802
6433 6095
6433 7025
6434 9320
6437 7146
6438 6914
6438 7369
6438 8066
6438 9674
6439 5954
6439 6419
6439 8279
6439 8966
6440 8006
6441 6368
6441 6611
6441 9846
6442 7743
6442 7966
6442 8208
6442 9128
6443 5863
6443 8168
6443 9108
6446 8582
6447 6004
6448 7127
6448 8532
6448 8997
6450 7561
6450 8239
6450 9401
6452 6813
6453 7026
6453 7491
6454 6308
6454 8623
6455 6520
6456 6035
6456 6268
6456 8340
6457 6692
6457 7855
6457 8553
6458 6450
6458 7612
6459 6885
6459 8280
6460 5924
6460 7329
6461 7067
6464 9321
6465 5823
6465 6986
6466 6733
6466 7188
6466 9513
6467 6470
6469 8502
6470 6622
6471 6137
6471 6835
6472 7744
6472 9605
6473 6562
6475 9534
6477 6936
6477 7168
6477 7401
6477 8088
6479 6188
6479 7118
6479 7826
6480 7330
6481 6855
6481 8240
6482 8432
6482 8897
6483 8190
6484 5844
6484 6309
6484 7229
6484 7694
6485 6512
6485 9302
6486 8119
6488 6906
6488 7614
6488 8999
6488 9241
6488 9454
6491 6380
6492 7513
6493 6108
6493 9575
6494 9788
6496 6037
6496 6047
6496 8585
6497 6472
6498 6684
6498 8544
6499 5976
6499 8514
6500 7341
6500 7806
6500 8029
6501 9394
6503 5886
6503 9343
6504 6775
6506 9050
6506 9283
6507 7645
6507 9717
6510 6169
6510 6422
6510 9192
6511 5936
6511 6846
6511 8464
6512 6129
6512 7069
6513 7028
6513 8424
6514 6088
6514 6553
6514 7008
6514 7948
6514 9101
6515 6523
6515 7453
6516 7898
6516 8585
6517 5795
6517 8565
6518 6928
6518 8313
6519 6442
6519 9667
6520 5957
6521 8929
6522 7757
6523 6109
6525 6291
6525 7686
6526 9526
6527 6716
6527 7181
6528 5998
6528 6240
6528 7626
6528 7848
6529 5735
6529 5755
6529 6898
6529 8980
6530 7575
6530 9648
6531 9860
6532 5907
6532 6827
6532 8212
6533 9132
6533 9597
6535 6989
6535 8384
6536 5806
6538 8091
6540 6656
6540 7808
6541 6393
6541 7090
6541 7323
6542 6605
6543 6352
6544 7485
6545 9557
6546 8142
6546 9759
6548 6009
6548 9244
6549 5979
6550 8051
6551 5928
6551 9173
6552 8456
6553 6575
6553 7980
6554 8173
6554 8880
6555 5847
6555 6070
6555 9325
6556 9052
6558 6464
6559 5757
6559 6687
6559 6899
6560 6191
6561 9871
6561 9881
6562 7758
6563 6808
6565 7465
6565 7708
6565 8395
6565 8618
6566 6525
6566 6748
6566 6980
6566 9528
6567 6252
6567 8578
6567 8820
6568 6930
6568 8315
6569 7152
6569 9457
6570 6434
6572 7082
6572 7314
6572 8012
6573 5889
6573 7041
6573 7516
6573 9134
6573 9609
6574 7253
6574 9569
6575 9316
6576 7921
6577 6960
6577 7203
6577 7880
6578 6020
6578 7638
6578 9255
6579 6212
6580 7345
6580 8285
6581 5950
6581 7790
6581 9640
6582 6162
6583 6354
6583 9144
6583 9842
6584 6566
6584 8417
6585 7001
6587 6728
6587 8589
6588 7396
6589 5758
6589 9003
6590 7578
6590 7820
6590 9205
6591 6405
6591 6880
6591 8023
6596 6304
6596 8619
6596 8832
6596 9297
6597 5809
6597 7659
6597 9752
6599 6456
6599 6678
6599 7851
6599 9701
6600 6436
6600 6901
6600 8518
6601 6638
6602 6153
6602 7093
6602 8235
6604 7740
6605 8640
6605 8872
6605 9792
6606 8377
6607 6497
6607 8134
6608 6244
6608 7417
6608 8104
6609 5991
6609 8317
6611 7336
6612 7781
6612 9621
6613 6598
6613 7983
6614 7730
6615 6083
6615 6548
6616 7458
6616 7923
6617 6275
6617 6730
6617 7892
6617 9520
6618 6012
6619 8539
6620 6912
6620 7144
6620 7367
6620 7832
6621 6881
6621 8954
6622 6164
6622 7549
6622 8469
6622 9864
6623 6841
6623 7064
6624 9369
6625 7256
6625 8631
6626 9075
6626 9308
6627 9278
6628 7873
6630 6205
6631 8277
6631 9197
6632 9632
6634 8429
6635 6326
6635 9116
6635 9571
6636 6306
6636 8854
6637 6043
6637 8358
6638 6963
6638 7408
6638 9966
6639 9713
6640 7600
6640 8308
6640 8995
6642 6852
6643 7994
6644 6124
6644 6357
6644 6812
6644 7044
6645 6326
6646 6761
6647 9531
6649 7631
6651 6428
6651 7125
6653 7773
6653 8470
6654 7510
6654 7752
6654 8895
6655 8652
6657 6742
6657 7682
6657 8612
6659 6711
6660 9916
6661 6651
6661 8511
6663 6610
6663 6843
6663 7308
6663 9633
6664 7278
6664 8430
6664 9370
6665 7712
6666 9775
6667 6995
6667 8147
6667 9997
6668 6489
6669 6004
6669 8562
6669 9259
6670 6216
6670 6459
6670 7146
6670 9472
6670 9684
6671 7581
6672 8956
6673 8238
6674 7046
6674 7521
6674 9826
6675 6793
6676 8623
6677 6065
6677 7440
6677 7905
6678 6035
6678 6732
6678 9058
6680 7834
6681 6894
6682 6176
6683 9169
6684 7299
6685 6581
6685 8886
6688 6278
6688 8825
6689 6005
6689 7178
6689 9725
6690 7845
6691 7370
6691 8512
6691 9442
6692 7794
6692 8967
6693 8239
6693 8694
6694 7511
6695 6804
6696 8856
6697 7916
6700 6683
6700 8310
6701 7593
6704 6137
6704 7765
6704 8442
6704 8917
6705 6107
6705 7047
6706 6087
6706 10019
6707 8624
6708 9049
6709 7866
6710 8543
6711 7138
6711 9918
6712 6410
6712 7108
6713 5935
6713 9635
6715 6117
6715 9595
6716 6562
6716 7017
6716 9342
6717 6754
6717 8382
6718 6037
6718 7209
6718 8827
6720 6229
6720 6471
6720 7169
6720 8786
6720 9484
6721 8999
6722 8736
6723 7088
6723 9403
6724 7078
6725 5895
6725 6350
6726 7948
6727 6300
6727 7240
6727 7685
6727 9788
6729 7644
6729 7887
6730 8554
6731 6452
6731 6906
6732 5956
6733 6158
6733 7331
6733 9171
6734 6138
6734 7058
6734 9151
6734 9838
6736 7261
6737 6543
6737 7473
6738 6058
6738 6967
6738 9283
6739 6502
6739 9727
6740 6705
6740 6937
6740 7857
6742 6199
6742 7817
6743 8252
6744 8009
6745 7504
6746 6786
6746 7018
6746 9101
6746 10041
6748 8363
6748 9061
6749 7190
6749 7645
6749 9040
6750 6250
6751 7140
6751 8535
6752 6655
6752 7110
6752 7585
6752 9425
6753 6857
6753 9647
6754 9859
6755 5886
6756 7959
6756 8889
6756 9354
6757 6999
6757 7696
6757 9779
6758 6756
6759 8121
6760 6473
6760 8778
6760 9253
6762 9213
6764 5927
6764 6837
6764 7080
6764 8930
6764 9627
6765 7282
6766 9577
6767 7929
6769 6271
6769 7191
6769 7434
6770 6939
6770 7869
6770 8324
6773 8728
6774 6160
6774 9395
6776 7960
6777 6322
6777 7020
6777 7485
6777 8860
6778 5837
6779 8354
6780 9962
6781 8779
6782 9669
6783 7343
6783 7798
6783 8274
6783 8486
6784 7556
6785 6595
6785 9153
6786 8658
6786 9345
6786 9810
6787 7708
6788 6060
6788 9072
6789 6040
6790 6009
6790 7415
6790 8567
6791 6697
6791 7162
6791 8547
6792 5979
6792 9912
6794 7324
6795 6141
6797 6545
6797 8396
6798 7920
6799 7435
6799 8588
6800 7648
6800 8113
6800 8790
6800 9720
6801 9467
6802 6434
6802 6899
6803 6657
6804 5939
6804 6617
6805 6131
6805 7991
6805 8922
6806 7051
6806 7274
6807 9114
6807 10034
6808 6303
6808 7223
6809 7203
6809 9296
6810 6718
6810 8345
6810 9023
6812 7132
6813 6182
6815 5899
6815 6152
6815 6364
6817 7476
6819 9761
6819 9984
6821 7618
6822 8750
6822 8983
6824 5940
6824 9873
6825 8690
6826 7962
6826 9135
6827 5859
6827 6557
6827 7032
6827 8174
6828 6769
6828 7012
6828 8629
6829 6294
6829 7902
6829 8124
6829 8377
6829 8832
6830 7416
6830 8801
6831 6466
6833 7588
6833 8053
6833 9661
6834 7548
6835 7305
6835 9610
6835 9843
6836 6123
6836 8215
6836 8893
6838 9085
6838 9560
6839 6527
6840 6254
6840 9044
6841 9934
6842 8771
6843 7356
6843 8276
6843 8519
6843 9904
6844 8013
6844 8478
6845 5921
6845 6143
6845 9388
6846 7751
6846 8216
6846 8681
6847 6093
6847 7953
6848 7013
6848 7710
6848 10015
6849 6052
6849 8378
6850 6487
6850 8570
6851 6002
6852 6689
6852 7599
6852 7619
6852 7842
6853 8752
6854 5951
6854 9874
6855 7316
6855 8934
6856 6831
6856 7064
6856 7519
6857 6336
6857 6801
6857 9338
6858 6305
6858 7478
6859 6528
6860 6740
6862 9237
6863 6205
6863 6670
6864 8257
6864 8499
6864 8712
6866 9834
6867 6579
6867 7034
6867 7266
6868 9784
6870 7671
6872 7155
6873 6903
6875 6397
6875 7085
6877 5882
6877 8419
6879 7216
6879 8146
6880 7894
6881 6246
6881 7408
6882 6448
6882 9471
6883 7590
6883 8743
6884 6408
6884 7803
6885 5922
6885 6610
6886 7762
6887 7035
6888 5862
6888 7237
6889 6539
6889 6762
6889 8834
6890 6277
6890 9512
6891 6954
6891 9026
6892 6469
6892 7166
6892 8541
6893 6216
6893 8056
6893 8986
6894 6418
6894 7348
6894 8278
6894 8956
6895 7540
6896 6135
6896 9158
6896 10078
6897 8885
6897 9583
6898 5862
6898 7470
6899 6985
6899 7915
6900 8127
6900 8370
6900 8592
6900 9987
6901 6722
6902 9694
6903 5974
6904 8259
6904 9421
6904 9664
6906 7056
6906 9603
6907 6338
6907 6358
6907 7268
6908 7713
6908 8410
6909 6065
6909 10018
6910 6520
6912 8097
6913 6449
6913 6914
6913 7137
6914 9189
6915 6389
6915 6621
6915 6854
6916 8451
6917 6591
6917 7966
6917 9119
6917 9826
6918 7026
6918 8178
6918 9331
6920 7208
6920 7430
6920 8825
6920 9513
6921 7885
6921 9260
6922 6005
6922 6227
6922 6692
6922 8330
6923 7380
6923 7845
6924 9897
6925 8027
6927 7744
6927 10069
6929 9776
6929 10009
6930 7673
6931 7178
6931 9726
6934 7340
6935 5945
6935 6410
6935 7107
6935 8260
6936 7077
6936 8462
6937 5905
6937 6127
6937 7057
6939 7472
6939 9554
6940 8381
6941 6491
6941 7644
6942 6926
6942 8088
6943 8523
6945 6178
6945 8948
6946 6855
6947 7280
6948 6330
6948 6572
6948 9110
6949 7229
6950 6289
6950 8604
6951 6259
6951 7654
6953 6229
6953 6674
6953 8989
6954 7361
6955 6633
6955 8493
6955 9888
6956 8231
6956 8706
6957 6370
6959 7695
6960 6057
6960 8837
6961 6957
6962 6482
6962 7867
6962 9960
6964 9212
6966 6846
6967 6128
6967 7513
6967 7978
6967 9849
6968 8201
6968 8666
6969 8393
6972 7412
6973 5987
6973 7625
6973 8070
6974 7129
6975 7342
6975 9414
6976 7787
6976 8929
6976 9172
6977 7291
6980 6988
6980 8151
6980 9778
6981 8131
6981 9283
6982 6948
6983 9708
6984 8282
6984 8990
6986 7555
6987 7059
6988 6584
6988 7039
6988 8192
6989 6776
6989 7019
6989 8646
6989 9334
6990 6524
6990 8606
6992 7191
6992 9041
6993 6241
6993 8778
6993 9698
6994 5968
6994 6433
6994 8060
6995 6413
6995 9900
6997 5907
6997 9142
6998 5887
6998 7747
6999 7242
6999 7939
7000 7697
7001 8829
7002 7646
7002 8566
7003 8091
7004 7141
7005 7818
7006 6170
7007 6373
7007 9395
7008 7505
7008 9830
7009 7727
7009 8415
7009 8870
7010 6535
7010 7455
7010 8152
7010 10002
7011 7899
7011 8132
7012 6494
7012 6949
7012 8344
7013 6696
7013 7616
7013 9942
7014 6666
7014 9466
7015 6878
7015 9436
7016 6626
7016 7566
7016 8021
7017 6141
7017 6373
7017 7303
7018 8446
7019 7960
7020 9083
7021 7667
7021 9538
7022 8587
7022 8800
7023 7172
7024 8759
7025 6202
7025 6889
7025 8274
7026 7789
7026 8476
7026 8709
7027 5908
7027 7526
7027 8224
7030 7243
7031 6060
7031 6748
7031 7223
7032 6263
7032 6970
7033 8315
7034 5990
7034 6455
7034 8537
7034 9225
7035 7132
7037 8932
7037 9852
7038 6586
7039 6111
7039 9346
7040 6313
7040 6778
7041 9771
7042 8113
7042 8346
7042 9276
7042 9731
7043 6020
7043 6485
7045 7365
7046 7325
7046 7800
7046 9417
7046 9882
7048 7062
7048 7982
7048 8679
7049 6334
7049 9579
7049 10034
7050 7931
7052 8589
7052 9519
7053 6931
7053 7638
7053 7861
7054 6223
7054 8993
7055 5970
7055 8508
7055 9913
7057 6617
7057 8245
7058 6132
7058 8437
7059 7275
7059 8195
7060 8407
7061 6072
7061 6294
7061 6517
7061 6759
7062 6264
7063 7396
7063 9256
7064 7609
7065 6891
7065 8063
7065 8741
7065 9681
7066 5951
7067 8013
7067 9398
7068 7750
7069 9813
7070 7700
7070 8872
7071 6062
7071 7225
7072 8812
7072 9752
7073 6012
7073 9024
7073 10187
7074 9924
7075 6669
7075 8761
7077 6153
7077 6386
7077 6861
7077 7538
7077 10106
7078 5901
7078 6831
7078 9843
7079 9126
7080 6548
7080 9095
7081 6993
7082 7427
7082 9065
7082 9298
7084 5992
7084 6467
7084 7154
7085 5972
7085 6679
7085 7377
7085 8287
7086 7802
7086 8499
7086 9187
7088 9379
7089 6578
7089 9581
7090 6083
7090 7013
7090 7488
7092 6740
7092 9996
7094 6235
7094 8550
7094 9945
7096 6660
7097 8934
7097 9642
7098 8227
7099 8904
7099 10057
7100 6791
7100 9329
7101 5841
7101 6306
7102 6983
7102 7913
7102 9753
7103 7428
7104 6013
7104 7165
7104 9005
7106 6185
7107 6862
7107 7317
7108 6610
7109 8672
7110 8652
7111 5841
7111 6761
7111 10017
7112 8136
7112 8824
7113 9511
7114 6933
7114 7631
7114 7853
7115 6671
7115 8066
7116 10138
7117 6640
7117 8480
7117 8945
7118 7530
7119 6125
7119 7287
7121 6549
7121 7702
7121 9795
7122 6064
7123 6044
7123 7197
7124 6711
7124 7156
7125 9471
7126 5963
7126 9198
7127 6863
7129 6813
7129 7278
7130 5883
7130 9118
7131 8157
7132 6297
7132 6985
7132 9290
7132 9522
7134 6944
7134 8562
7134 9714
7135 6216
7135 8542
7136 7116
7136 8279
7137 5933
7137 6631
7138 7773
7138 8006
7138 8926
7138 9159
7138 9391
7139 6601
7140 6328
7140 7025
7140 8643
7142 6753
7142 7905
7142 8613
7143 6045
7143 6500
7143 8805
7146 6894
7146 8987
7147 6399
7147 6642
7149 6834
7149 7531
7149 8219
7151 5853
7151 7238
7152 7926
7152 8158
7152 10241
7154 6248
7154 7643
7154 10180
7155 7380
7156 7592
7156 8522
7156 8745
7157 6187
7158 7077
7158 8472
7158 8694
7159 6592
7159 8907
7160 7724
7160 8432
7161 6551
7161 9786
7163 5813
7163 7198
7163 7906
7164 6723
7164 8341
7164 9261
7169 9837
7170 7269
7171 6319
7172 9999
7173 9059
7174 8806
7174 9736
7175 6228
7175 6936
7175 9484
7176 6451
7176 7128
7177 6886
7177 7351
7177 7795
7177 9898
7180 8432
7180 10293
7181 6785
7185 9929
7186 8069
7186 9211
7187 8261
7187 9656
7188 6168
7188 8473
7190 9363
7191 9808
7194 8110
7195 5997
7195 9009
7197 6664
7197 7351
7197 9424
7198 7321
7198 7554
7198 8494
7198 10334
7199 9859
7199 10081
7200 7978
7200 8201
7201 8413
7201 9101
7202 5855
7202 7705
7202 9556
7202 10021
7204 5805
7204 8353
7205 6462
7205 6937
7205 8787
7205 9707
7205 10182
7206 6209
7206 6675
7207 6877
7207 8969
7208 8939
7209 7069
7209 7766
7210 6119
7210 8676
7210 9131
7210 9839
7211 6796
7211 8869
7212 7473
7212 8626
7212 10243
7213 6058
7213 6988
7213 7211
7214 6270
7214 8575
7215 7160
7215 7868
7216 6685
7216 8313
7217 7595
7217 8515
7218 6402
7218 6645
7218 8727
7219 5917
7221 7039
7224 6493
7224 7656
7225 6706
7226 6231
7226 6443
7226 9688
7227 6665
7227 7353
7227 9213
7228 8263
7229 7545
7230 7282
7231 6332
7233 7687
7234 6736
7234 10194
7235 6939
7235 8799
7236 6908
7236 8303
7236 9244
7237 8506
7238 6170
7239 6838
7239 8000
7239 9385
7240 8688
7240 8900
7241 6120
7241 8425
7242 6545
7242 7717
7242 8162
7242 9790
7242 10255
7243 9315
7244 6282
7245 8092
7246 7839
7246 8536
7246 9477
7247 5969
7247 7121
7247 8284
7249 7323
7250 7071
7250 7283
7250 7758
7250 9133
7250 9366
7250 9608
7251 6353
7251 6585
7252 7243
7252 7930
7252 9558
7254 6980
7254 8365
7254 9052
7254 9982
7255 6009
7255 6717
7255 8557
7256 8769
7258 7344
7258 8264
7259 9871
7260 7981
7260 8214
7261 9811
7262 10033
7263 7233
7264 6273
7265 6242
7265 6495
7265 6950
7265 8103
7266 7395
7266 7627
7266 10175
7268 6424
7269 7314
7269 8719
7269 10337
7270 6607
7270 8002
7271 6121
7271 7264
7271 10276
7272 6091
7272 7021
7273 6303
7273 8851
7273 9073
7274 7446
7274 8588
7275 6030
7275 8801
7275 9255
7277 8053
7278 6192
7279 5930
7280 6132
7280 6597
7280 8214
7282 6799
7282 8417
7283 7224
7283 8629
7284 9519
7284 9761
7285 7416
7285 7871
7286 9711
7287 5758
7287 5970
7287 7598
7287 8993
7288 6415
7288 8508
7288 8740
7288 9195
7288 9671
7289 8023
7289 9640
7290 9165
7290 10085
7291 9125
7292 5859
7293 6537
7293 6992
7293 7244
7293 8154
7294 5829
7295 5809
7295 7659
7296 7639
7296 9954
7296 10399
7297 7133
7297 9449
7298 6193
7298 6658
7298 9206
7298 10369
7299 7801
7299 8953
7300 9853
7301 5890
7301 8448
7302 8175
7302 10268
7303 8852
7304 8610
7304 9297
7306 6709
7306 10177
7307 7376
7310 6143
7310 7083
7310 7306
7311 7508
7311 7741
7312 6335
7312 8661
7312 9105
7313 7690
7313 7943
7314 6052
7314 6750
7316 8570
7317 5759
7318 9904
7319 6861
7320 5931
7320 6619
7321 6831
7321 9601
7322 6811
7323 6781
7323 8388
7323 8408
7323 10248
7324 6285
7324 6993
7326 6943
7326 9713
7326 10188
7327 9935
7328 6660
7328 7600
7329 5952
7330 8004
7330 8227
7330 8247
7332 6569
7332 7044
7332 7276
7336 6488
7336 8328
7336 8793
7337 6225
7338 6438
7339 8500
7339 8965
7339 9663
7340 8692
7340 10320
7341 5892
7342 9127
7343 6771
7344 7449
7344 7681
7345 5801
7345 7894
7346 6256
7346 9269
7346 9966
7348 7823
7349 6175
7349 7348
7349 7813
7349 8733
7349 10118
7350 5700
7350 7318
7350 7773
7350 9178
7352 5650
7352 7500
7352 7965
7352 8662
7353 6084
7353 7247
7353 10037
7354 6297
7354 8855
7354 9774
7355 6034
7355 8359
