2392
8.32500e+03 4.77500e+03
8.12500e+03 4.57500e+03
8.22500e+03 4.57500e+03
8.30000e+03 4.52500e+03
8.40000e+03 4.50000e+03
8.40000e+03 4.40000e+03
8.30000e+03 4.42500e+03
8.30000e+03 4.32500e+03
8.22500e+03 4.27500e+03
8.12500e+03 4.27500e+03
8.02500e+03 4.17500e+03
8.00000e+03 3.92500e+03
8.00000e+03 3.72500e+03
8.00000e+03 3.32500e+03
7.55000e+03 3.32500e+03
7.55000e+03 3.72500e+03
7.55000e+03 3.92500e+03
7.82500e+03 4.17500e+03
7.72500e+03 4.17500e+03
7.52500e+03 4.17500e+03
7.42500e+03 4.27500e+03
7.32500e+03 4.27500e+03
7.25000e+03 4.32500e+03
7.25000e+03 4.42500e+03
7.15000e+03 4.42500e+03
7.15000e+03 4.52500e+03
7.25000e+03 4.52500e+03
7.32500e+03 4.60000e+03
7.42500e+03 4.60000e+03
7.22500e+03 4.77500e+03
7.07500e+03 4.77500e+03
7.05000e+03 4.67500e+03
6.97500e+03 4.77500e+03
7.02500e+03 4.92500e+03
7.12500e+03 4.97500e+03
7.17500e+03 5.07500e+03
7.02500e+03 5.07500e+03
6.92500e+03 5.02500e+03
6.92500e+03 5.27500e+03
6.92500e+03 5.42500e+03
6.92500e+03 5.52500e+03
6.92500e+03 5.67500e+03
6.66500e+03 5.61000e+03
6.66500e+03 5.46000e+03
6.66500e+03 5.31000e+03
6.66500e+03 5.16000e+03
6.66500e+03 5.01000e+03
6.66500e+03 4.86000e+03
6.82500e+03 4.77500e+03
6.66500e+03 4.71000e+03
6.66500e+03 4.56000e+03
6.77500e+03 4.50000e+03
6.85000e+03 4.55000e+03
6.85000e+03 4.45000e+03
6.77500e+03 4.37500e+03
6.72500e+03 4.27500e+03
6.82500e+03 4.27500e+03
7.05000e+03 4.17500e+03
7.15000e+03 4.27500e+03
7.25000e+03 4.17500e+03
7.15000e+03 4.12500e+03
7.17500e+03 3.97500e+03
7.17500e+03 3.87500e+03
7.07500e+03 3.97500e+03
7.00000e+03 3.87500e+03
6.87500e+03 3.87500e+03
6.72500e+03 3.90000e+03
6.70000e+03 3.70000e+03
6.70000e+03 3.57500e+03
6.70000e+03 3.47500e+03
6.70000e+03 3.37500e+03
6.70000e+03 3.27500e+03
6.27500e+03 3.12500e+03
6.30000e+03 3.22500e+03
6.30000e+03 3.32500e+03
6.30000e+03 3.47500e+03
6.30000e+03 3.62500e+03
6.20000e+03 3.82500e+03
6.02500e+03 3.82500e+03
6.02500e+03 3.92500e+03
5.92500e+03 3.97500e+03
5.82500e+03 3.97500e+03
5.82500e+03 3.87500e+03
5.45000e+03 3.92500e+03
5.45000e+03 3.72500e+03
5.45000e+03 3.32500e+03
5.00000e+03 3.32500e+03
5.00000e+03 3.72500e+03
5.00000e+03 3.92500e+03
4.62500e+03 3.87500e+03
4.62500e+03 3.97500e+03
4.52500e+03 3.97500e+03
4.45000e+03 3.87500e+03
4.32500e+03 3.87500e+03
4.17500e+03 3.90000e+03
4.15000e+03 3.70000e+03
4.15000e+03 3.57500e+03
4.15000e+03 3.47500e+03
4.15000e+03 3.37500e+03
4.15000e+03 3.27500e+03
3.72500e+03 3.12500e+03
3.75000e+03 3.22500e+03
3.75000e+03 3.32500e+03
3.75000e+03 3.47500e+03
3.75000e+03 3.62500e+03
3.65000e+03 3.82500e+03
3.47500e+03 3.82500e+03
3.47500e+03 3.92500e+03
3.37500e+03 3.97500e+03
3.27500e+03 3.87500e+03
3.27500e+03 3.97500e+03
3.30000e+03 4.12500e+03
3.20000e+03 4.17500e+03
3.30000e+03 4.27500e+03
3.40000e+03 4.17500e+03
3.57500e+03 4.32500e+03
3.67500e+03 4.42500e+03
3.72500e+03 4.32500e+03
4.17500e+03 4.27500e+03
4.27500e+03 4.27500e+03
4.22500e+03 4.37500e+03
4.30000e+03 4.45000e+03
4.30000e+03 4.55000e+03
4.22500e+03 4.50000e+03
4.11500e+03 4.56000e+03
4.11500e+03 4.71000e+03
4.27500e+03 4.77500e+03
4.11500e+03 4.86000e+03
4.11500e+03 5.01000e+03
4.11500e+03 5.16000e+03
4.11500e+03 5.31000e+03
4.11500e+03 5.46000e+03
4.11500e+03 5.61000e+03
4.37500e+03 5.67500e+03
4.37500e+03 5.52500e+03
4.37500e+03 5.42500e+03
4.37500e+03 5.27500e+03
4.37500e+03 5.02500e+03
4.47500e+03 5.07500e+03
4.62500e+03 5.07500e+03
4.57500e+03 4.97500e+03
4.47500e+03 4.92500e+03
4.42500e+03 4.77500e+03
4.50000e+03 4.67500e+03
4.52500e+03 4.77500e+03
4.67500e+03 4.77500e+03
4.87500e+03 4.60000e+03
4.77500e+03 4.60000e+03
4.70000e+03 4.52500e+03
4.60000e+03 4.52500e+03
4.60000e+03 4.42500e+03
4.70000e+03 4.42500e+03
4.70000e+03 4.32500e+03
4.60000e+03 4.27500e+03
4.50000e+03 4.17500e+03
4.60000e+03 4.12500e+03
4.70000e+03 4.17500e+03
4.77500e+03 4.27500e+03
4.87500e+03 4.27500e+03
4.97500e+03 4.17500e+03
5.17500e+03 4.17500e+03
5.27500e+03 4.17500e+03
5.47500e+03 4.17500e+03
5.57500e+03 4.27500e+03
5.67500e+03 4.27500e+03
5.75000e+03 4.32500e+03
5.75000e+03 4.42500e+03
5.75000e+03 4.52500e+03
5.67500e+03 4.57500e+03
5.57500e+03 4.57500e+03
5.77500e+03 4.77500e+03
5.92500e+03 4.77500e+03
6.07500e+03 4.72500e+03
5.95000e+03 4.67500e+03
5.85000e+03 4.50000e+03
5.85000e+03 4.40000e+03
5.85000e+03 4.27500e+03
5.75000e+03 4.17500e+03
5.85000e+03 4.12500e+03
5.95000e+03 4.17500e+03
6.12500e+03 4.32500e+03
6.27500e+03 4.32500e+03
6.22500e+03 4.42500e+03
6.22500e+03 4.57500e+03
6.22500e+03 4.67500e+03
6.22500e+03 4.77500e+03
6.22500e+03 4.92500e+03
6.35000e+03 4.92500e+03
6.35000e+03 5.07500e+03
6.32200e+03 5.20400e+03
6.32500e+03 5.32500e+03
6.22500e+03 5.27500e+03
6.22500e+03 5.37500e+03
6.07500e+03 5.37500e+03
6.07500e+03 5.27500e+03
6.02500e+03 5.17500e+03
6.00000e+03 5.02500e+03
5.87500e+03 4.97500e+03
5.82500e+03 5.07500e+03
5.85000e+03 5.17500e+03
5.80000e+03 5.27500e+03
5.80000e+03 5.37500e+03
5.70000e+03 5.17500e+03
5.42500e+03 5.17500e+03
5.32500e+03 5.07500e+03
5.37500e+03 4.97500e+03
5.22500e+03 4.87500e+03
5.07500e+03 4.97500e+03
5.12500e+03 5.07500e+03
5.22500e+03 5.02500e+03
5.22500e+03 5.17500e+03
5.02500e+03 5.17500e+03
4.87500e+03 5.17500e+03
4.95000e+03 5.25000e+03
4.95000e+03 5.35000e+03
4.92500e+03 5.45000e+03
5.07500e+03 5.45000e+03
5.22500e+03 5.45000e+03
5.37500e+03 5.45000e+03
5.47500e+03 5.45000e+03
5.57500e+03 5.45000e+03
5.42500e+03 6.02500e+03
5.42500e+03 6.12500e+03
5.57500e+03 6.12500e+03
5.72500e+03 6.02500e+03
5.92500e+03 6.05000e+03
6.12400e+03 5.90800e+03
6.30000e+03 5.97500e+03
6.30000e+03 6.37500e+03
6.30000e+03 6.57500e+03
6.07500e+03 6.57500e+03
5.92500e+03 6.45000e+03
5.87500e+03 6.67500e+03
5.97500e+03 6.77500e+03
5.87500e+03 6.87500e+03
6.07500e+03 6.97500e+03
6.27500e+03 6.97500e+03
6.22500e+03 7.07500e+03
6.30000e+03 7.15000e+03
6.02500e+03 7.15000e+03
5.87500e+03 7.15000e+03
5.77500e+03 7.32500e+03
5.82500e+03 7.42500e+03
5.97500e+03 7.42500e+03
6.07500e+03 7.47500e+03
5.97500e+03 7.57500e+03
6.07500e+03 7.62500e+03
6.07500e+03 7.72500e+03
5.92500e+03 7.72500e+03
5.92500e+03 7.82500e+03
6.07500e+03 7.82500e+03
6.22500e+03 7.87500e+03
6.32500e+03 7.92500e+03
6.32500e+03 8.07500e+03
6.22500e+03 8.07500e+03
6.17500e+03 8.17500e+03
6.32500e+03 8.22500e+03
6.32500e+03 8.37500e+03
6.17500e+03 8.32500e+03
6.07500e+03 8.32500e+03
5.97500e+03 8.22500e+03
5.87500e+03 8.22500e+03
5.82500e+03 7.97500e+03
5.67500e+03 7.82500e+03
5.72500e+03 7.60000e+03
5.62500e+03 7.57500e+03
5.67500e+03 7.42500e+03
5.57500e+03 7.42500e+03
5.42500e+03 7.42500e+03
5.42500e+03 7.57500e+03
5.35000e+03 7.75000e+03
5.20000e+03 7.75000e+03
5.32500e+03 7.87500e+03
5.47500e+03 7.82500e+03
5.42500e+03 7.92500e+03
5.52500e+03 7.97500e+03
5.62500e+03 7.97500e+03
5.62500e+03 8.07500e+03
5.52500e+03 8.12500e+03
5.42500e+03 8.07500e+03
5.32500e+03 8.02500e+03
5.32500e+03 8.12500e+03
5.15000e+03 8.22500e+03
5.05000e+03 8.22500e+03
5.12500e+03 8.12500e+03
5.17500e+03 7.97500e+03
5.02500e+03 7.97500e+03
4.90000e+03 7.87500e+03
4.90000e+03 7.77500e+03
4.72500e+03 7.82500e+03
4.52500e+03 7.72500e+03
4.37500e+03 7.72500e+03
4.32500e+03 7.62500e+03
4.47500e+03 7.62500e+03
4.52500e+03 7.47500e+03
4.62500e+03 7.57500e+03
4.72500e+03 7.47500e+03
4.92500e+03 7.52500e+03
4.87500e+03 7.42500e+03
4.82500e+03 7.27500e+03
4.72500e+03 7.07500e+03
4.52500e+03 7.07500e+03
4.62500e+03 6.97500e+03
4.77500e+03 6.77500e+03
4.62500e+03 6.77500e+03
4.47500e+03 6.82500e+03
4.47500e+03 6.67500e+03
4.62500e+03 6.42500e+03
4.52500e+03 6.20000e+03
4.62500e+03 6.02500e+03
4.52500e+03 6.00000e+03
4.12500e+03 6.37500e+03
4.12500e+03 6.52500e+03
4.27500e+03 6.52500e+03
4.27500e+03 6.67500e+03
4.12500e+03 6.67500e+03
4.12500e+03 6.87500e+03
4.12500e+03 7.07500e+03
4.12600e+03 7.25900e+03
4.12500e+03 7.26000e+03
4.12600e+03 7.40900e+03
4.12500e+03 7.41000e+03
4.12500e+03 7.56000e+03
4.12600e+03 7.56000e+03
4.12500e+03 7.71000e+03
4.12500e+03 7.71100e+03
4.22500e+03 7.82500e+03
4.12500e+03 7.87500e+03
4.12500e+03 7.97500e+03
4.12500e+03 8.07500e+03
4.12500e+03 8.17500e+03
4.12500e+03 8.27500e+03
4.12500e+03 8.37500e+03
4.12500e+03 8.47500e+03
4.17500e+03 8.82500e+03
4.37500e+03 8.82500e+03
4.47800e+03 8.82000e+03
4.74700e+03 8.70300e+03
4.77500e+03 8.82500e+03
4.92500e+03 8.72500e+03
4.97500e+03 8.82500e+03
5.07500e+03 8.72500e+03
5.00000e+03 8.57500e+03
5.15000e+03 8.37500e+03
5.15000e+03 8.47500e+03
5.15000e+03 8.62500e+03
5.37500e+03 8.77500e+03
5.47500e+03 8.77500e+03
5.57500e+03 8.77500e+03
5.67500e+03 8.77500e+03
5.82500e+03 8.77500e+03
5.77500e+03 8.62500e+03
5.77500e+03 8.52500e+03
5.87500e+03 8.57500e+03
6.07500e+03 8.47500e+03
6.17500e+03 8.42500e+03
6.25000e+03 8.57500e+03
6.35000e+03 8.67500e+03
6.25000e+03 8.77500e+03
6.22500e+03 9.32500e+03
6.22500e+03 9.42500e+03
6.22500e+03 9.52500e+03
6.22500e+03 9.72500e+03
6.22500e+03 9.82500e+03
6.27500e+03 1.00750e+04
6.02500e+03 1.00750e+04
5.74800e+03 1.00750e+04
5.47500e+03 1.00750e+04
5.33700e+03 9.80100e+03
5.33500e+03 9.70200e+03
5.33500e+03 9.60100e+03
5.33600e+03 9.50200e+03
5.33600e+03 9.39900e+03
5.33600e+03 9.29800e+03
5.07500e+03 9.32500e+03
5.07500e+03 9.42500e+03
5.07500e+03 9.52500e+03
5.07500e+03 9.72500e+03
5.07500e+03 9.82500e+03
4.97500e+03 1.00750e+04
4.70000e+03 1.00750e+04
4.42500e+03 1.00750e+04
4.27500e+03 1.01250e+04
4.19000e+03 9.80600e+03
4.18900e+03 9.70600e+03
4.18900e+03 9.60600e+03
4.19000e+03 9.50500e+03
4.19000e+03 9.40600e+03
4.18900e+03 9.30600e+03
3.67500e+03 9.32500e+03
3.67500e+03 9.42500e+03
3.67500e+03 9.52500e+03
3.67500e+03 9.72500e+03
3.67500e+03 9.82500e+03
3.72500e+03 1.00750e+04
3.47500e+03 1.00750e+04
3.19800e+03 1.00750e+04
2.92500e+03 1.00750e+04
2.78700e+03 9.80100e+03
2.78500e+03 9.70200e+03
2.78500e+03 9.60100e+03
2.78600e+03 9.50200e+03
2.78600e+03 9.39900e+03
2.78600e+03 9.29800e+03
2.52500e+03 9.32500e+03
2.52500e+03 9.42500e+03
2.52500e+03 9.52500e+03
2.52500e+03 9.72500e+03
2.52500e+03 9.82500e+03
2.42500e+03 1.00750e+04
2.15000e+03 1.00750e+04
2.45000e+03 1.04750e+04
2.90000e+03 1.04750e+04
2.90000e+03 1.08750e+04
2.90000e+03 1.10750e+04
3.27500e+03 1.10250e+04
3.27500e+03 1.11250e+04
3.37500e+03 1.11250e+04
3.47500e+03 1.10750e+04
3.47500e+03 1.09750e+04
3.65000e+03 1.09750e+04
3.75000e+03 1.07750e+04
3.75000e+03 1.06250e+04
3.75000e+03 1.04750e+04
3.75000e+03 1.03750e+04
3.72500e+03 1.02750e+04
4.15000e+03 1.04250e+04
4.15000e+03 1.05250e+04
4.15000e+03 1.06250e+04
4.15000e+03 1.07250e+04
4.15000e+03 1.08500e+04
4.17500e+03 1.10500e+04
4.32500e+03 1.10250e+04
4.45000e+03 1.10250e+04
4.52500e+03 1.11250e+04
4.62500e+03 1.10250e+04
4.62500e+03 1.11250e+04
4.60000e+03 1.12750e+04
4.70000e+03 1.13250e+04
4.60000e+03 1.14250e+04
4.50000e+03 1.13250e+04
4.27500e+03 1.14250e+04
4.17500e+03 1.14250e+04
4.22500e+03 1.15250e+04
4.30000e+03 1.16000e+04
4.30000e+03 1.17000e+04
4.22500e+03 1.16500e+04
4.11500e+03 1.17100e+04
4.11500e+03 1.18600e+04
4.27500e+03 1.19250e+04
4.11500e+03 1.20100e+04
4.11500e+03 1.21600e+04
4.11500e+03 1.23100e+04
4.11500e+03 1.24600e+04
4.11500e+03 1.26100e+04
4.11500e+03 1.27600e+04
4.37500e+03 1.28250e+04
4.37500e+03 1.26750e+04
4.37500e+03 1.25750e+04
4.37500e+03 1.24250e+04
4.37500e+03 1.21750e+04
4.47500e+03 1.22250e+04
4.62500e+03 1.22250e+04
4.57500e+03 1.21250e+04
4.47500e+03 1.20750e+04
4.42500e+03 1.19250e+04
4.50000e+03 1.18250e+04
4.52500e+03 1.19250e+04
4.67500e+03 1.19250e+04
4.87500e+03 1.17500e+04
4.77500e+03 1.17500e+04
4.70000e+03 1.16750e+04
4.60000e+03 1.16750e+04
4.60000e+03 1.15750e+04
4.70000e+03 1.15750e+04
4.70000e+03 1.14750e+04
4.77500e+03 1.14250e+04
4.87500e+03 1.14250e+04
4.97500e+03 1.13250e+04
5.17500e+03 1.13250e+04
5.27500e+03 1.13250e+04
5.00000e+03 1.10750e+04
5.00000e+03 1.08750e+04
5.00000e+03 1.04750e+04
5.45000e+03 1.04750e+04
5.45000e+03 1.08750e+04
5.45000e+03 1.10750e+04
5.47500e+03 1.13250e+04
5.57500e+03 1.14250e+04
5.67500e+03 1.14250e+04
5.75000e+03 1.14750e+04
5.75000e+03 1.15750e+04
5.85000e+03 1.15500e+04
5.85000e+03 1.16500e+04
5.75000e+03 1.16750e+04
5.67500e+03 1.17250e+04
5.57500e+03 1.17250e+04
5.77500e+03 1.19250e+04
5.92500e+03 1.19250e+04
5.95000e+03 1.18250e+04
6.07500e+03 1.18750e+04
6.22500e+03 1.17250e+04
6.22500e+03 1.18250e+04
6.22500e+03 1.19250e+04
6.22500e+03 1.20750e+04
6.35000e+03 1.20750e+04
6.35000e+03 1.22250e+04
6.32200e+03 1.23540e+04
6.32500e+03 1.24750e+04
6.22500e+03 1.24250e+04
6.22500e+03 1.25250e+04
6.07500e+03 1.25250e+04
6.07500e+03 1.24250e+04
6.02500e+03 1.23250e+04
6.00000e+03 1.21750e+04
5.87500e+03 1.21250e+04
5.82500e+03 1.22250e+04
5.85000e+03 1.23250e+04
5.80000e+03 1.24250e+04
5.80000e+03 1.25250e+04
5.70000e+03 1.23250e+04
5.42500e+03 1.23250e+04
5.32500e+03 1.22250e+04
5.37500e+03 1.21250e+04
5.22500e+03 1.20250e+04
5.07500e+03 1.21250e+04
5.12500e+03 1.22250e+04
5.22500e+03 1.21750e+04
5.22500e+03 1.23250e+04
5.02500e+03 1.23250e+04
4.87500e+03 1.23250e+04
4.95000e+03 1.24000e+04
4.95000e+03 1.25000e+04
4.92500e+03 1.26000e+04
5.07500e+03 1.26000e+04
5.22500e+03 1.26000e+04
5.37500e+03 1.26000e+04
5.47500e+03 1.26000e+04
5.57500e+03 1.26000e+04
5.42500e+03 1.31750e+04
5.42500e+03 1.32750e+04
5.57500e+03 1.32750e+04
5.72500e+03 1.31750e+04
5.92500e+03 1.32000e+04
6.12400e+03 1.30580e+04
6.30000e+03 1.31250e+04
6.30000e+03 1.35250e+04
6.30000e+03 1.37250e+04
6.07500e+03 1.37250e+04
5.92500e+03 1.36000e+04
5.87500e+03 1.38250e+04
5.97500e+03 1.39250e+04
5.87500e+03 1.40250e+04
6.07500e+03 1.41250e+04
6.27500e+03 1.41250e+04
6.22500e+03 1.42250e+04
6.30000e+03 1.43000e+04
6.02500e+03 1.43000e+04
5.87500e+03 1.43000e+04
5.77500e+03 1.44750e+04
5.82500e+03 1.45750e+04
5.72500e+03 1.47500e+04
5.62500e+03 1.47250e+04
5.67500e+03 1.45750e+04
5.57500e+03 1.45750e+04
5.42500e+03 1.45750e+04
5.42500e+03 1.47250e+04
5.35000e+03 1.49000e+04
5.20000e+03 1.49000e+04
5.32500e+03 1.50250e+04
5.32500e+03 1.51750e+04
5.32500e+03 1.52750e+04
5.42500e+03 1.52250e+04
5.52500e+03 1.52750e+04
5.62500e+03 1.52250e+04
5.62500e+03 1.51250e+04
5.52500e+03 1.51250e+04
5.42500e+03 1.50750e+04
5.47500e+03 1.49750e+04
5.67500e+03 1.49750e+04
5.82500e+03 1.51250e+04
5.92500e+03 1.49750e+04
5.92500e+03 1.48750e+04
5.97500e+03 1.47250e+04
5.97500e+03 1.45750e+04
6.07500e+03 1.46250e+04
6.07500e+03 1.47750e+04
6.07500e+03 1.48750e+04
6.07500e+03 1.49750e+04
6.22500e+03 1.50250e+04
6.32500e+03 1.50750e+04
6.32500e+03 1.52250e+04
6.22500e+03 1.52250e+04
6.17500e+03 1.53250e+04
6.32500e+03 1.53750e+04
6.32500e+03 1.55250e+04
6.25000e+03 1.57250e+04
6.35000e+03 1.58250e+04
6.25000e+03 1.59250e+04
6.07500e+03 1.56250e+04
6.17500e+03 1.55750e+04
6.17500e+03 1.54750e+04
6.07500e+03 1.54750e+04
5.97500e+03 1.53750e+04
5.87500e+03 1.53750e+04
5.77500e+03 1.56750e+04
5.87500e+03 1.57250e+04
5.77500e+03 1.57750e+04
5.82500e+03 1.59250e+04
5.67500e+03 1.59250e+04
5.57500e+03 1.59250e+04
5.47500e+03 1.59250e+04
5.37500e+03 1.59250e+04
5.15000e+03 1.57750e+04
5.07500e+03 1.58750e+04
4.97500e+03 1.59750e+04
4.77500e+03 1.59750e+04
4.74700e+03 1.58530e+04
4.92500e+03 1.58750e+04
5.00000e+03 1.57250e+04
5.15000e+03 1.56250e+04
5.15000e+03 1.55250e+04
5.15000e+03 1.53750e+04
5.05000e+03 1.53750e+04
5.12500e+03 1.52750e+04
5.17500e+03 1.51250e+04
5.02500e+03 1.51250e+04
4.90000e+03 1.50250e+04
4.90000e+03 1.49250e+04
4.72500e+03 1.49750e+04
4.52500e+03 1.48750e+04
4.37500e+03 1.48750e+04
4.32500e+03 1.47750e+04
4.47500e+03 1.47750e+04
4.52500e+03 1.46250e+04
4.62500e+03 1.47250e+04
4.72500e+03 1.46250e+04
4.92500e+03 1.46750e+04
4.87500e+03 1.45750e+04
4.82500e+03 1.44250e+04
4.72500e+03 1.42250e+04
4.52500e+03 1.42250e+04
4.62500e+03 1.41250e+04
4.77500e+03 1.39250e+04
4.62500e+03 1.39250e+04
4.47500e+03 1.39750e+04
4.47500e+03 1.38250e+04
4.62500e+03 1.35750e+04
4.52500e+03 1.33500e+04
4.62500e+03 1.31750e+04
4.52500e+03 1.31500e+04
4.12500e+03 1.35250e+04
4.12500e+03 1.36750e+04
4.27500e+03 1.36750e+04
4.27500e+03 1.38250e+04
4.12500e+03 1.38250e+04
4.12500e+03 1.40250e+04
4.12500e+03 1.42250e+04
4.12600e+03 1.44090e+04
4.12500e+03 1.44100e+04
4.12600e+03 1.45590e+04
4.12500e+03 1.45600e+04
4.12500e+03 1.47100e+04
4.12600e+03 1.47100e+04
4.12500e+03 1.48600e+04
4.12500e+03 1.48610e+04
4.22500e+03 1.49750e+04
4.12500e+03 1.50250e+04
4.12500e+03 1.51250e+04
4.12500e+03 1.52250e+04
4.12500e+03 1.53250e+04
4.12500e+03 1.54250e+04
4.12500e+03 1.55250e+04
4.12500e+03 1.56250e+04
4.47800e+03 1.59700e+04
4.37500e+03 1.59750e+04
4.17500e+03 1.59750e+04
3.80000e+03 1.58250e+04
3.70000e+03 1.59250e+04
3.70000e+03 1.57250e+04
3.62500e+03 1.55750e+04
3.52500e+03 1.56250e+04
3.32500e+03 1.57250e+04
3.22500e+03 1.56750e+04
3.22500e+03 1.57750e+04
3.27500e+03 1.59250e+04
3.12500e+03 1.59250e+04
3.02500e+03 1.59250e+04
2.92500e+03 1.59250e+04
2.82500e+03 1.59250e+04
2.60000e+03 1.57750e+04
2.60000e+03 1.56250e+04
2.60000e+03 1.55250e+04
2.45000e+03 1.57250e+04
2.52500e+03 1.58750e+04
2.42500e+03 1.59750e+04
2.37500e+03 1.58750e+04
2.22500e+03 1.59750e+04
2.19700e+03 1.58530e+04
1.92800e+03 1.59700e+04
1.82500e+03 1.59750e+04
1.62500e+03 1.59750e+04
1.57500e+03 1.56250e+04
1.57500e+03 1.55250e+04
1.57500e+03 1.54250e+04
1.57500e+03 1.53250e+04
1.57500e+03 1.52250e+04
1.57500e+03 1.51250e+04
1.57500e+03 1.50250e+04
1.67500e+03 1.49750e+04
1.57500e+03 1.48610e+04
1.57500e+03 1.48600e+04
1.57500e+03 1.47100e+04
1.57600e+03 1.47100e+04
1.57500e+03 1.45600e+04
1.57600e+03 1.45590e+04
1.57500e+03 1.44100e+04
1.57600e+03 1.44090e+04
1.57500e+03 1.42250e+04
1.57500e+03 1.40250e+04
1.57500e+03 1.38250e+04
1.72500e+03 1.38250e+04
1.72500e+03 1.36750e+04
1.57500e+03 1.36750e+04
1.57500e+03 1.35250e+04
1.97500e+03 1.31500e+04
2.07500e+03 1.31750e+04
1.97500e+03 1.33500e+04
2.07500e+03 1.35750e+04
1.92500e+03 1.38250e+04
1.92500e+03 1.39750e+04
2.07500e+03 1.39250e+04
2.22500e+03 1.39250e+04
2.07500e+03 1.41250e+04
1.97500e+03 1.42250e+04
2.17500e+03 1.42250e+04
2.27500e+03 1.44250e+04
2.32500e+03 1.45750e+04
2.37500e+03 1.46750e+04
2.17500e+03 1.46250e+04
2.07500e+03 1.47250e+04
1.97500e+03 1.46250e+04
1.92500e+03 1.47750e+04
1.77500e+03 1.47750e+04
1.82500e+03 1.48750e+04
1.97500e+03 1.48750e+04
2.17500e+03 1.49750e+04
2.35000e+03 1.49250e+04
2.35000e+03 1.50250e+04
2.47500e+03 1.51250e+04
2.62500e+03 1.51250e+04
2.57500e+03 1.52750e+04
2.50000e+03 1.53750e+04
2.60000e+03 1.53750e+04
2.77500e+03 1.52750e+04
2.77500e+03 1.51750e+04
2.87500e+03 1.52250e+04
2.97500e+03 1.52750e+04
3.07500e+03 1.52250e+04
3.07500e+03 1.51250e+04
2.97500e+03 1.51250e+04
2.92500e+03 1.49750e+04
2.87500e+03 1.50750e+04
2.77500e+03 1.50250e+04
2.65000e+03 1.49000e+04
2.80000e+03 1.49000e+04
2.87500e+03 1.47250e+04
2.87500e+03 1.45750e+04
3.02500e+03 1.45750e+04
3.12500e+03 1.45750e+04
3.07500e+03 1.47250e+04
3.17500e+03 1.47500e+04
3.12500e+03 1.49750e+04
3.27500e+03 1.51250e+04
3.32500e+03 1.53750e+04
3.42500e+03 1.53750e+04
3.52500e+03 1.54750e+04
3.62500e+03 1.54750e+04
3.77500e+03 1.55250e+04
3.77500e+03 1.53750e+04
3.62500e+03 1.53250e+04
3.67500e+03 1.52250e+04
3.77500e+03 1.52250e+04
3.77500e+03 1.50750e+04
3.67500e+03 1.50250e+04
3.52500e+03 1.49750e+04
3.37500e+03 1.49750e+04
3.37500e+03 1.48750e+04
3.52500e+03 1.48750e+04
3.52500e+03 1.47750e+04
3.42500e+03 1.47250e+04
3.52500e+03 1.46250e+04
3.42500e+03 1.45750e+04
3.27500e+03 1.45750e+04
3.22500e+03 1.44750e+04
3.32500e+03 1.43000e+04
3.47500e+03 1.43000e+04
3.75000e+03 1.43000e+04
3.67500e+03 1.42250e+04
3.72500e+03 1.41250e+04
3.52500e+03 1.41250e+04
3.32500e+03 1.40250e+04
3.42500e+03 1.39250e+04
3.32500e+03 1.38250e+04
3.37500e+03 1.36000e+04
3.52500e+03 1.37250e+04
3.75000e+03 1.37250e+04
3.75000e+03 1.35250e+04
3.75000e+03 1.31250e+04
3.57400e+03 1.30580e+04
3.37500e+03 1.32000e+04
3.17500e+03 1.31750e+04
3.02500e+03 1.32750e+04
2.87500e+03 1.32750e+04
2.87500e+03 1.31750e+04
3.02500e+03 1.26000e+04
2.92500e+03 1.26000e+04
2.82500e+03 1.26000e+04
2.67500e+03 1.26000e+04
2.52500e+03 1.26000e+04
2.37500e+03 1.26000e+04
2.40000e+03 1.25000e+04
2.40000e+03 1.24000e+04
2.32500e+03 1.23250e+04
2.47500e+03 1.23250e+04
2.57500e+03 1.22250e+04
2.52500e+03 1.21250e+04
2.67500e+03 1.20250e+04
2.82500e+03 1.21250e+04
2.77500e+03 1.22250e+04
2.67500e+03 1.21750e+04
2.67500e+03 1.23250e+04
2.87500e+03 1.23250e+04
3.15000e+03 1.23250e+04
3.25000e+03 1.25250e+04
3.25000e+03 1.24250e+04
3.30000e+03 1.23250e+04
3.27500e+03 1.22250e+04
3.32500e+03 1.21250e+04
3.45000e+03 1.21750e+04
3.47500e+03 1.23250e+04
3.52500e+03 1.24250e+04
3.52500e+03 1.25250e+04
3.67500e+03 1.25250e+04
3.67500e+03 1.24250e+04
3.77500e+03 1.24750e+04
3.77200e+03 1.23540e+04
3.80000e+03 1.22250e+04
3.80000e+03 1.20750e+04
3.67500e+03 1.20750e+04
3.67500e+03 1.19250e+04
3.67500e+03 1.18250e+04
3.67500e+03 1.17250e+04
3.67500e+03 1.15750e+04
3.72500e+03 1.14750e+04
3.57500e+03 1.14750e+04
3.40000e+03 1.13250e+04
3.30000e+03 1.12750e+04
3.20000e+03 1.13250e+04
3.30000e+03 1.14250e+04
3.30000e+03 1.15500e+04
3.30000e+03 1.16500e+04
3.40000e+03 1.18250e+04
3.52500e+03 1.18750e+04
3.37500e+03 1.19250e+04
3.22500e+03 1.19250e+04
3.02500e+03 1.17250e+04
3.12500e+03 1.17250e+04
3.20000e+03 1.16750e+04
3.20000e+03 1.15750e+04
3.20000e+03 1.14750e+04
3.12500e+03 1.14250e+04
3.02500e+03 1.14250e+04
2.92500e+03 1.13250e+04
2.72500e+03 1.13250e+04
2.62500e+03 1.13250e+04
2.45000e+03 1.08750e+04
2.45000e+03 1.10750e+04
2.42500e+03 1.13250e+04
2.32500e+03 1.14250e+04
2.22500e+03 1.14250e+04
2.15000e+03 1.14750e+04
2.15000e+03 1.15750e+04
2.05000e+03 1.15750e+04
2.05000e+03 1.16750e+04
2.15000e+03 1.16750e+04
2.22500e+03 1.17500e+04
2.32500e+03 1.17500e+04
2.12500e+03 1.19250e+04
1.97500e+03 1.19250e+04
1.95000e+03 1.18250e+04
1.87500e+03 1.19250e+04
1.92500e+03 1.20750e+04
2.02500e+03 1.21250e+04
2.07500e+03 1.22250e+04
1.92500e+03 1.22250e+04
1.82500e+03 1.21750e+04
1.82500e+03 1.24250e+04
1.82500e+03 1.25750e+04
1.82500e+03 1.26750e+04
1.82500e+03 1.28250e+04
1.56500e+03 1.27600e+04
1.56500e+03 1.26100e+04
1.56500e+03 1.24600e+04
1.56500e+03 1.23100e+04
1.56500e+03 1.21600e+04
1.56500e+03 1.20100e+04
1.72500e+03 1.19250e+04
1.56500e+03 1.18600e+04
1.56500e+03 1.17100e+04
1.67500e+03 1.16500e+04
1.75000e+03 1.17000e+04
1.75000e+03 1.16000e+04
1.67500e+03 1.15250e+04
1.62500e+03 1.14250e+04
1.72500e+03 1.14250e+04
1.95000e+03 1.13250e+04
2.05000e+03 1.14250e+04
2.15000e+03 1.13250e+04
2.05000e+03 1.12750e+04
2.07500e+03 1.11250e+04
2.07500e+03 1.10250e+04
1.97500e+03 1.11250e+04
1.90000e+03 1.10250e+04
1.77500e+03 1.10250e+04
1.62500e+03 1.10500e+04
1.60000e+03 1.08500e+04
1.60000e+03 1.07250e+04
1.60000e+03 1.06250e+04
1.60000e+03 1.05250e+04
1.60000e+03 1.04250e+04
1.72500e+03 1.01250e+04
1.87500e+03 1.00750e+04
1.64000e+03 9.80600e+03
1.63900e+03 9.70600e+03
1.63900e+03 9.60600e+03
1.64000e+03 9.50500e+03
1.64000e+03 9.40600e+03
1.63900e+03 9.30600e+03
1.92800e+03 8.82000e+03
1.82500e+03 8.82500e+03
1.62500e+03 8.82500e+03
1.57500e+03 8.47500e+03
1.57500e+03 8.37500e+03
1.57500e+03 8.27500e+03
1.57500e+03 8.17500e+03
1.57500e+03 8.07500e+03
1.57500e+03 7.97500e+03
1.57500e+03 7.87500e+03
1.67500e+03 7.82500e+03
1.57500e+03 7.71100e+03
1.57500e+03 7.71000e+03
1.57600e+03 7.56000e+03
1.57500e+03 7.56000e+03
1.57500e+03 7.41000e+03
1.57600e+03 7.40900e+03
1.57500e+03 7.26000e+03
1.57600e+03 7.25900e+03
1.57500e+03 7.07500e+03
1.57500e+03 6.87500e+03
1.57500e+03 6.67500e+03
1.72500e+03 6.67500e+03
1.72500e+03 6.52500e+03
1.57500e+03 6.52500e+03
1.57500e+03 6.37500e+03
1.97500e+03 6.00000e+03
2.07500e+03 6.02500e+03
1.97500e+03 6.20000e+03
2.07500e+03 6.42500e+03
1.92500e+03 6.67500e+03
1.92500e+03 6.82500e+03
2.07500e+03 6.77500e+03
2.22500e+03 6.77500e+03
2.07500e+03 6.97500e+03
1.97500e+03 7.07500e+03
2.17500e+03 7.07500e+03
2.27500e+03 7.27500e+03
2.32500e+03 7.42500e+03
2.37500e+03 7.52500e+03
2.17500e+03 7.47500e+03
2.07500e+03 7.57500e+03
1.97500e+03 7.47500e+03
1.92500e+03 7.62500e+03
1.77500e+03 7.62500e+03
1.82500e+03 7.72500e+03
1.97500e+03 7.72500e+03
2.17500e+03 7.82500e+03
2.35000e+03 7.77500e+03
2.35000e+03 7.87500e+03
2.47500e+03 7.97500e+03
2.62500e+03 7.97500e+03
2.57500e+03 8.12500e+03
2.50000e+03 8.22500e+03
2.60000e+03 8.22500e+03
2.60000e+03 8.37500e+03
2.60000e+03 8.47500e+03
2.45000e+03 8.57500e+03
2.37500e+03 8.72500e+03
2.19700e+03 8.70300e+03
2.22500e+03 8.82500e+03
2.42500e+03 8.82500e+03
2.52500e+03 8.72500e+03
2.60000e+03 8.62500e+03
2.82500e+03 8.77500e+03
2.92500e+03 8.77500e+03
3.02500e+03 8.77500e+03
3.12500e+03 8.77500e+03
3.27500e+03 8.77500e+03
3.22500e+03 8.62500e+03
3.32500e+03 8.57500e+03
3.22500e+03 8.52500e+03
3.32500e+03 8.22500e+03
3.42500e+03 8.22500e+03
3.52500e+03 8.32500e+03
3.62500e+03 8.32500e+03
3.62500e+03 8.42500e+03
3.52500e+03 8.47500e+03
3.70000e+03 8.77500e+03
3.80000e+03 8.67500e+03
3.70000e+03 8.57500e+03
3.77500e+03 8.37500e+03
3.77500e+03 8.22500e+03
3.62500e+03 8.17500e+03
3.67500e+03 8.07500e+03
3.77500e+03 8.07500e+03
3.77500e+03 7.92500e+03
3.67500e+03 7.87500e+03
3.52500e+03 7.82500e+03
3.52500e+03 7.72500e+03
3.52500e+03 7.62500e+03
3.52500e+03 7.47500e+03
3.42500e+03 7.42500e+03
3.42500e+03 7.57500e+03
3.37500e+03 7.72500e+03
3.37500e+03 7.82500e+03
3.27500e+03 7.97500e+03
3.12500e+03 7.82500e+03
2.92500e+03 7.82500e+03
2.87500e+03 7.92500e+03
2.97500e+03 7.97500e+03
3.07500e+03 7.97500e+03
3.07500e+03 8.07500e+03
2.97500e+03 8.12500e+03
2.87500e+03 8.07500e+03
2.77500e+03 8.12500e+03
2.77500e+03 8.02500e+03
2.77500e+03 7.87500e+03
2.65000e+03 7.75000e+03
2.80000e+03 7.75000e+03
2.87500e+03 7.57500e+03
2.87500e+03 7.42500e+03
3.02500e+03 7.42500e+03
3.12500e+03 7.42500e+03
3.07500e+03 7.57500e+03
3.17500e+03 7.60000e+03
3.27500e+03 7.42500e+03
3.22500e+03 7.32500e+03
3.32500e+03 7.15000e+03
3.47500e+03 7.15000e+03
3.75000e+03 7.15000e+03
3.67500e+03 7.07500e+03
3.72500e+03 6.97500e+03
3.52500e+03 6.97500e+03
3.32500e+03 6.87500e+03
3.42500e+03 6.77500e+03
3.32500e+03 6.67500e+03
3.37500e+03 6.45000e+03
3.52500e+03 6.57500e+03
3.75000e+03 6.57500e+03
3.75000e+03 6.37500e+03
3.75000e+03 5.97500e+03
3.57400e+03 5.90800e+03
3.37500e+03 6.05000e+03
3.17500e+03 6.02500e+03
3.02500e+03 6.12500e+03
2.87500e+03 6.12500e+03
2.87500e+03 6.02500e+03
3.02500e+03 5.45000e+03
2.92500e+03 5.45000e+03
2.82500e+03 5.45000e+03
2.67500e+03 5.45000e+03
2.52500e+03 5.45000e+03
2.37500e+03 5.45000e+03
2.40000e+03 5.35000e+03
2.40000e+03 5.25000e+03
2.32500e+03 5.17500e+03
2.47500e+03 5.17500e+03
2.57500e+03 5.07500e+03
2.52500e+03 4.97500e+03
2.67500e+03 4.87500e+03
2.82500e+03 4.97500e+03
2.77500e+03 5.07500e+03
2.67500e+03 5.02500e+03
2.67500e+03 5.17500e+03
2.87500e+03 5.17500e+03
3.15000e+03 5.17500e+03
3.25000e+03 5.37500e+03
3.25000e+03 5.27500e+03
3.30000e+03 5.17500e+03
3.27500e+03 5.07500e+03
3.32500e+03 4.97500e+03
3.45000e+03 5.02500e+03
3.47500e+03 5.17500e+03
3.52500e+03 5.27500e+03
3.52500e+03 5.37500e+03
3.67500e+03 5.37500e+03
3.67500e+03 5.27500e+03
3.77500e+03 5.32500e+03
3.77200e+03 5.20400e+03
3.80000e+03 5.07500e+03
3.80000e+03 4.92500e+03
3.67500e+03 4.92500e+03
3.67500e+03 4.77500e+03
3.67500e+03 4.67500e+03
3.67500e+03 4.57500e+03
3.52500e+03 4.72500e+03
3.40000e+03 4.67500e+03
3.37500e+03 4.77500e+03
3.22500e+03 4.77500e+03
3.02500e+03 4.57500e+03
3.12500e+03 4.57500e+03
3.20000e+03 4.52500e+03
3.30000e+03 4.50000e+03
3.30000e+03 4.40000e+03
3.20000e+03 4.42500e+03
3.20000e+03 4.32500e+03
3.12500e+03 4.27500e+03
3.02500e+03 4.27500e+03
2.92500e+03 4.17500e+03
2.90000e+03 3.92500e+03
2.90000e+03 3.72500e+03
2.90000e+03 3.32500e+03
2.45000e+03 3.32500e+03
2.45000e+03 3.72500e+03
2.45000e+03 3.92500e+03
2.72500e+03 4.17500e+03
2.62500e+03 4.17500e+03
2.42500e+03 4.17500e+03
2.32500e+03 4.27500e+03
2.22500e+03 4.27500e+03
2.15000e+03 4.32500e+03
2.15000e+03 4.42500e+03
2.05000e+03 4.42500e+03
2.05000e+03 4.52500e+03
2.15000e+03 4.52500e+03
2.22500e+03 4.60000e+03
2.32500e+03 4.60000e+03
2.12500e+03 4.77500e+03
1.97500e+03 4.77500e+03
1.95000e+03 4.67500e+03
1.87500e+03 4.77500e+03
1.92500e+03 4.92500e+03
2.02500e+03 4.97500e+03
2.07500e+03 5.07500e+03
1.92500e+03 5.07500e+03
1.82500e+03 5.02500e+03
1.82500e+03 5.27500e+03
1.82500e+03 5.42500e+03
1.82500e+03 5.52500e+03
1.82500e+03 5.67500e+03
1.56500e+03 5.61000e+03
1.56500e+03 5.46000e+03
1.56500e+03 5.31000e+03
1.56500e+03 5.16000e+03
1.56500e+03 5.01000e+03
1.56500e+03 4.86000e+03
1.72500e+03 4.77500e+03
1.56500e+03 4.71000e+03
1.56500e+03 4.56000e+03
1.67500e+03 4.50000e+03
1.75000e+03 4.55000e+03
1.75000e+03 4.45000e+03
1.67500e+03 4.37500e+03
1.62500e+03 4.27500e+03
1.72500e+03 4.27500e+03
1.95000e+03 4.17500e+03
2.05000e+03 4.27500e+03
2.15000e+03 4.17500e+03
2.05000e+03 4.12500e+03
2.07500e+03 3.97500e+03
2.07500e+03 3.87500e+03
1.97500e+03 3.97500e+03
1.90000e+03 3.87500e+03
1.77500e+03 3.87500e+03
1.62500e+03 3.90000e+03
1.60000e+03 3.70000e+03
1.60000e+03 3.57500e+03
1.60000e+03 3.47500e+03
1.60000e+03 3.37500e+03
1.60000e+03 3.27500e+03
1.72500e+03 2.97500e+03
1.64000e+03 2.65600e+03
1.63900e+03 2.55600e+03
1.63900e+03 2.45600e+03
1.64000e+03 2.35500e+03
1.64000e+03 2.25600e+03
1.63900e+03 2.15600e+03
1.87500e+03 2.92500e+03
2.15000e+03 2.92500e+03
2.42500e+03 2.92500e+03
2.52500e+03 2.67500e+03
2.52500e+03 2.57500e+03
2.52500e+03 2.37500e+03
2.52500e+03 2.27500e+03
2.52500e+03 2.17500e+03
2.78600e+03 2.14800e+03
2.78600e+03 2.24900e+03
2.78600e+03 2.35200e+03
2.78500e+03 2.45100e+03
2.78500e+03 2.55200e+03
2.78700e+03 2.65100e+03
2.92500e+03 2.92500e+03
3.19800e+03 2.92500e+03
3.47500e+03 2.92500e+03
3.72500e+03 2.92500e+03
3.67500e+03 2.67500e+03
3.67500e+03 2.57500e+03
3.67500e+03 2.37500e+03
3.67500e+03 2.27500e+03
3.67500e+03 2.17500e+03
4.18900e+03 2.15600e+03
4.19000e+03 2.25600e+03
4.19000e+03 2.35500e+03
4.18900e+03 2.45600e+03
4.18900e+03 2.55600e+03
4.19000e+03 2.65600e+03
4.27500e+03 2.97500e+03
4.42500e+03 2.92500e+03
4.70000e+03 2.92500e+03
4.97500e+03 2.92500e+03
5.07500e+03 2.67500e+03
5.07500e+03 2.57500e+03
5.07500e+03 2.37500e+03
5.07500e+03 2.27500e+03
5.07500e+03 2.17500e+03
5.33600e+03 2.14800e+03
5.33600e+03 2.24900e+03
5.33600e+03 2.35200e+03
5.33500e+03 2.45100e+03
5.33500e+03 2.55200e+03
5.33700e+03 2.65100e+03
5.47500e+03 2.92500e+03
5.74800e+03 2.92500e+03
6.02500e+03 2.92500e+03
6.27500e+03 2.92500e+03
6.22500e+03 2.67500e+03
6.22500e+03 2.57500e+03
6.22500e+03 2.37500e+03
6.22500e+03 2.27500e+03
6.22500e+03 2.17500e+03
6.73900e+03 2.15600e+03
6.74000e+03 2.25600e+03
6.74000e+03 2.35500e+03
6.73900e+03 2.45600e+03
6.73900e+03 2.55600e+03
6.74000e+03 2.65600e+03
6.82500e+03 2.97500e+03
6.97500e+03 2.92500e+03
7.25000e+03 2.92500e+03
7.52500e+03 2.92500e+03
7.62500e+03 2.67500e+03
7.62500e+03 2.57500e+03
7.62500e+03 2.37500e+03
7.62500e+03 2.27500e+03
7.62500e+03 2.17500e+03
7.88600e+03 2.14800e+03
7.88600e+03 2.24900e+03
7.88600e+03 2.35200e+03
7.88500e+03 2.45100e+03
7.88500e+03 2.55200e+03
7.88700e+03 2.65100e+03
8.02500e+03 2.92500e+03
8.29800e+03 2.92500e+03
8.57500e+03 2.92500e+03
8.82500e+03 2.92500e+03
8.77500e+03 2.67500e+03
8.77500e+03 2.57500e+03
8.77500e+03 2.37500e+03
8.77500e+03 2.27500e+03
8.77500e+03 2.17500e+03
9.28900e+03 2.15600e+03
9.29000e+03 2.25600e+03
9.29000e+03 2.35500e+03
9.28900e+03 2.45600e+03
9.28900e+03 2.55600e+03
9.29000e+03 2.65600e+03
9.37500e+03 2.97500e+03
9.52500e+03 2.92500e+03
9.80000e+03 2.92500e+03
1.00750e+04 2.92500e+03
1.01750e+04 2.67500e+03
1.01750e+04 2.57500e+03
1.01750e+04 2.37500e+03
1.01750e+04 2.27500e+03
1.01750e+04 2.17500e+03
1.04360e+04 2.14800e+03
1.04360e+04 2.24900e+03
1.04360e+04 2.35200e+03
1.04350e+04 2.45100e+03
1.04350e+04 2.55200e+03
1.04370e+04 2.65100e+03
1.05750e+04 2.92500e+03
1.08480e+04 2.92500e+03
1.11250e+04 2.92500e+03
1.13250e+04 2.17500e+03
1.13250e+04 2.27500e+03
1.13250e+04 2.37500e+03
1.13250e+04 2.57500e+03
1.13250e+04 2.67500e+03
1.13750e+04 2.92500e+03
1.13750e+04 3.12500e+03
1.14000e+04 3.22500e+03
1.14000e+04 3.32500e+03
1.14000e+04 3.47500e+03
1.14000e+04 3.62500e+03
1.13000e+04 3.82500e+03
1.11250e+04 3.82500e+03
1.11250e+04 3.92500e+03
1.10250e+04 3.97500e+03
1.09250e+04 3.97500e+03
1.09250e+04 3.87500e+03
1.05500e+04 3.92500e+03
1.05500e+04 3.72500e+03
1.05500e+04 3.32500e+03
1.01000e+04 3.32500e+03
1.01000e+04 3.72500e+03
1.01000e+04 3.92500e+03
9.72500e+03 3.87500e+03
9.72500e+03 3.97500e+03
9.62500e+03 3.97500e+03
9.55000e+03 3.87500e+03
9.42500e+03 3.87500e+03
9.27500e+03 3.90000e+03
9.25000e+03 3.70000e+03
9.25000e+03 3.57500e+03
9.25000e+03 3.47500e+03
9.25000e+03 3.37500e+03
9.25000e+03 3.27500e+03
8.82500e+03 3.12500e+03
8.85000e+03 3.22500e+03
8.85000e+03 3.32500e+03
8.85000e+03 3.47500e+03
8.85000e+03 3.62500e+03
8.75000e+03 3.82500e+03
8.57500e+03 3.82500e+03
8.57500e+03 3.92500e+03
8.47500e+03 3.97500e+03
8.37500e+03 3.87500e+03
8.37500e+03 3.97500e+03
8.40000e+03 4.12500e+03
8.30000e+03 4.17500e+03
8.40000e+03 4.27500e+03
8.50000e+03 4.17500e+03
8.67500e+03 4.32500e+03
8.77500e+03 4.42500e+03
8.82500e+03 4.32500e+03
9.27500e+03 4.27500e+03
9.37500e+03 4.27500e+03
9.32500e+03 4.37500e+03
9.40000e+03 4.45000e+03
9.40000e+03 4.55000e+03
9.32500e+03 4.50000e+03
9.21500e+03 4.56000e+03
9.21500e+03 4.71000e+03
9.37500e+03 4.77500e+03
9.21500e+03 4.86000e+03
9.21500e+03 5.01000e+03
9.21500e+03 5.16000e+03
9.21500e+03 5.31000e+03
9.21500e+03 5.46000e+03
9.21500e+03 5.61000e+03
9.47500e+03 5.67500e+03
9.47500e+03 5.52500e+03
9.47500e+03 5.42500e+03
9.47500e+03 5.27500e+03
9.47500e+03 5.02500e+03
9.57500e+03 5.07500e+03
9.72500e+03 5.07500e+03
9.67500e+03 4.97500e+03
9.57500e+03 4.92500e+03
9.52500e+03 4.77500e+03
9.60000e+03 4.67500e+03
9.62500e+03 4.77500e+03
9.77500e+03 4.77500e+03
9.97500e+03 4.60000e+03
9.87500e+03 4.60000e+03
9.80000e+03 4.52500e+03
9.70000e+03 4.52500e+03
9.70000e+03 4.42500e+03
9.80000e+03 4.42500e+03
9.80000e+03 4.32500e+03
9.70000e+03 4.27500e+03
9.60000e+03 4.17500e+03
9.70000e+03 4.12500e+03
9.80000e+03 4.17500e+03
9.87500e+03 4.27500e+03
9.97500e+03 4.27500e+03
1.00750e+04 4.17500e+03
1.02750e+04 4.17500e+03
1.03750e+04 4.17500e+03
1.05750e+04 4.17500e+03
1.06750e+04 4.27500e+03
1.07750e+04 4.27500e+03
1.08500e+04 4.32500e+03
1.08500e+04 4.42500e+03
1.08500e+04 4.52500e+03
1.07750e+04 4.57500e+03
1.06750e+04 4.57500e+03
1.08750e+04 4.77500e+03
1.10250e+04 4.77500e+03
1.11750e+04 4.72500e+03
1.10500e+04 4.67500e+03
1.09500e+04 4.50000e+03
1.09500e+04 4.40000e+03
1.09500e+04 4.27500e+03
1.08500e+04 4.17500e+03
1.09500e+04 4.12500e+03
1.10500e+04 4.17500e+03
1.12250e+04 4.32500e+03
1.13750e+04 4.32500e+03
1.13250e+04 4.42500e+03
1.13250e+04 4.57500e+03
1.13250e+04 4.67500e+03
1.13250e+04 4.77500e+03
1.13250e+04 4.92500e+03
1.14500e+04 4.92500e+03
1.14500e+04 5.07500e+03
1.14220e+04 5.20400e+03
1.14250e+04 5.32500e+03
1.13250e+04 5.27500e+03
1.13250e+04 5.37500e+03
1.11750e+04 5.37500e+03
1.11750e+04 5.27500e+03
1.11250e+04 5.17500e+03
1.11000e+04 5.02500e+03
1.09750e+04 4.97500e+03
1.09250e+04 5.07500e+03
1.09500e+04 5.17500e+03
1.09000e+04 5.27500e+03
1.09000e+04 5.37500e+03
1.08000e+04 5.17500e+03
1.05250e+04 5.17500e+03
1.03250e+04 5.17500e+03
1.03250e+04 5.02500e+03
1.04250e+04 5.07500e+03
1.04750e+04 4.97500e+03
1.03250e+04 4.87500e+03
1.01750e+04 4.97500e+03
1.02250e+04 5.07500e+03
1.01250e+04 5.17500e+03
9.97500e+03 5.17500e+03
1.00500e+04 5.25000e+03
1.00500e+04 5.35000e+03
1.00250e+04 5.45000e+03
1.01750e+04 5.45000e+03
1.03250e+04 5.45000e+03
1.04750e+04 5.45000e+03
1.05750e+04 5.45000e+03
1.06750e+04 5.45000e+03
1.05250e+04 6.02500e+03
1.05250e+04 6.12500e+03
1.06750e+04 6.12500e+03
1.08250e+04 6.02500e+03
1.10250e+04 6.05000e+03
1.12240e+04 5.90800e+03
1.14000e+04 5.97500e+03
1.14000e+04 6.37500e+03
1.14000e+04 6.57500e+03
1.11750e+04 6.57500e+03
1.10250e+04 6.45000e+03
1.09750e+04 6.67500e+03
1.10750e+04 6.77500e+03
1.09750e+04 6.87500e+03
1.11750e+04 6.97500e+03
1.13750e+04 6.97500e+03
1.13250e+04 7.07500e+03
1.14000e+04 7.15000e+03
1.11250e+04 7.15000e+03
1.09750e+04 7.15000e+03
1.08750e+04 7.32500e+03
1.09250e+04 7.42500e+03
1.10750e+04 7.42500e+03
1.11750e+04 7.47500e+03
1.10750e+04 7.57500e+03
1.11750e+04 7.62500e+03
1.11750e+04 7.72500e+03
1.10250e+04 7.72500e+03
1.10250e+04 7.82500e+03
1.11750e+04 7.82500e+03
1.13250e+04 7.87500e+03
1.14250e+04 7.92500e+03
1.14250e+04 8.07500e+03
1.13250e+04 8.07500e+03
1.12750e+04 8.17500e+03
1.14250e+04 8.22500e+03
1.14250e+04 8.37500e+03
1.12750e+04 8.32500e+03
1.11750e+04 8.32500e+03
1.10750e+04 8.22500e+03
1.09750e+04 8.22500e+03
1.09250e+04 7.97500e+03
1.07750e+04 7.82500e+03
1.08250e+04 7.60000e+03
1.07250e+04 7.57500e+03
1.07750e+04 7.42500e+03
1.06750e+04 7.42500e+03
1.05250e+04 7.42500e+03
1.05250e+04 7.57500e+03
1.04500e+04 7.75000e+03
1.03000e+04 7.75000e+03
1.04250e+04 7.87500e+03
1.05250e+04 7.92500e+03
1.05750e+04 7.82500e+03
1.06250e+04 7.97500e+03
1.07250e+04 7.97500e+03
1.07250e+04 8.07500e+03
1.06250e+04 8.12500e+03
1.05250e+04 8.07500e+03
1.04250e+04 8.02500e+03
1.04250e+04 8.12500e+03
1.02500e+04 8.22500e+03
1.01500e+04 8.22500e+03
1.02250e+04 8.12500e+03
1.02750e+04 7.97500e+03
1.01250e+04 7.97500e+03
1.00000e+04 7.87500e+03
1.00000e+04 7.77500e+03
9.82500e+03 7.82500e+03
9.62500e+03 7.72500e+03
9.47500e+03 7.72500e+03
9.42500e+03 7.62500e+03
9.57500e+03 7.62500e+03
9.62500e+03 7.47500e+03
9.72500e+03 7.57500e+03
9.82500e+03 7.47500e+03
1.00250e+04 7.52500e+03
9.97500e+03 7.42500e+03
9.92500e+03 7.27500e+03
9.82500e+03 7.07500e+03
9.62500e+03 7.07500e+03
9.72500e+03 6.97500e+03
9.87500e+03 6.77500e+03
9.72500e+03 6.77500e+03
9.57500e+03 6.82500e+03
9.57500e+03 6.67500e+03
9.72500e+03 6.42500e+03
9.62500e+03 6.20000e+03
9.72500e+03 6.02500e+03
9.62500e+03 6.00000e+03
9.22500e+03 6.37500e+03
9.22500e+03 6.52500e+03
9.37500e+03 6.52500e+03
9.37500e+03 6.67500e+03
9.22500e+03 6.67500e+03
9.22500e+03 6.87500e+03
9.22500e+03 7.07500e+03
9.22600e+03 7.25900e+03
9.22500e+03 7.26000e+03
9.22600e+03 7.40900e+03
9.22500e+03 7.41000e+03
9.22500e+03 7.56000e+03
9.22600e+03 7.56000e+03
9.22500e+03 7.71000e+03
9.22500e+03 7.71100e+03
9.32500e+03 7.82500e+03
9.22500e+03 7.87500e+03
9.22500e+03 7.97500e+03
9.22500e+03 8.07500e+03
9.22500e+03 8.17500e+03
9.22500e+03 8.27500e+03
9.22500e+03 8.37500e+03
9.22500e+03 8.47500e+03
9.27500e+03 8.82500e+03
9.47500e+03 8.82500e+03
9.57800e+03 8.82000e+03
9.84700e+03 8.70300e+03
9.87500e+03 8.82500e+03
1.00250e+04 8.72500e+03
1.00750e+04 8.82500e+03
1.01750e+04 8.72500e+03
1.01000e+04 8.57500e+03
1.02500e+04 8.37500e+03
1.02500e+04 8.47500e+03
1.02500e+04 8.62500e+03
1.04750e+04 8.77500e+03
1.05750e+04 8.77500e+03
1.06750e+04 8.77500e+03
1.07750e+04 8.77500e+03
1.09250e+04 8.77500e+03
1.08750e+04 8.62500e+03
1.08750e+04 8.52500e+03
1.09750e+04 8.57500e+03
1.11750e+04 8.47500e+03
1.12750e+04 8.42500e+03
1.13500e+04 8.57500e+03
1.14500e+04 8.67500e+03
1.13500e+04 8.77500e+03
1.13250e+04 9.32500e+03
1.13250e+04 9.42500e+03
1.13250e+04 9.52500e+03
1.13250e+04 9.72500e+03
1.13250e+04 9.82500e+03
1.11250e+04 1.00750e+04
1.13750e+04 1.00750e+04
1.13750e+04 1.02750e+04
1.14000e+04 1.03750e+04
1.14000e+04 1.04750e+04
1.14000e+04 1.06250e+04
1.14000e+04 1.07750e+04
1.13000e+04 1.09750e+04
1.11250e+04 1.09750e+04
1.11250e+04 1.10750e+04
1.10250e+04 1.11250e+04
1.09250e+04 1.11250e+04
1.09250e+04 1.10250e+04
1.05500e+04 1.08750e+04
1.05500e+04 1.10750e+04
1.02750e+04 1.13250e+04
1.03750e+04 1.13250e+04
1.05750e+04 1.13250e+04
1.06750e+04 1.14250e+04
1.07750e+04 1.14250e+04
1.08500e+04 1.14750e+04
1.08500e+04 1.15750e+04
1.08500e+04 1.16750e+04
1.07750e+04 1.17250e+04
1.06750e+04 1.17250e+04
1.08750e+04 1.19250e+04
1.10250e+04 1.19250e+04
1.11750e+04 1.18750e+04
1.10500e+04 1.18250e+04
1.09500e+04 1.16500e+04
1.09500e+04 1.15500e+04
1.09500e+04 1.14250e+04
1.08500e+04 1.13250e+04
1.09500e+04 1.12750e+04
1.10500e+04 1.13250e+04
1.12250e+04 1.14750e+04
1.13750e+04 1.14750e+04
1.13250e+04 1.15750e+04
1.13250e+04 1.17250e+04
1.13250e+04 1.18250e+04
1.13250e+04 1.19250e+04
1.13250e+04 1.20750e+04
1.14500e+04 1.20750e+04
1.14500e+04 1.22250e+04
1.14220e+04 1.23540e+04
1.14250e+04 1.24750e+04
1.13250e+04 1.24250e+04
1.13250e+04 1.25250e+04
1.11750e+04 1.25250e+04
1.11750e+04 1.24250e+04
1.11250e+04 1.23250e+04
1.11000e+04 1.21750e+04
1.09750e+04 1.21250e+04
1.09250e+04 1.22250e+04
1.09500e+04 1.23250e+04
1.09000e+04 1.24250e+04
1.09000e+04 1.25250e+04
1.08000e+04 1.23250e+04
1.05250e+04 1.23250e+04
1.04250e+04 1.22250e+04
1.04750e+04 1.21250e+04
1.03250e+04 1.20250e+04
1.01750e+04 1.21250e+04
1.02250e+04 1.22250e+04
1.03250e+04 1.21750e+04
1.03250e+04 1.23250e+04
1.01250e+04 1.23250e+04
9.97500e+03 1.23250e+04
1.00500e+04 1.24000e+04
1.00500e+04 1.25000e+04
1.00250e+04 1.26000e+04
1.01750e+04 1.26000e+04
1.03250e+04 1.26000e+04
1.04750e+04 1.26000e+04
1.05750e+04 1.26000e+04
1.06750e+04 1.26000e+04
1.05250e+04 1.31750e+04
1.05250e+04 1.32750e+04
1.06750e+04 1.32750e+04
1.08250e+04 1.31750e+04
1.10250e+04 1.32000e+04
1.12240e+04 1.30580e+04
1.14000e+04 1.31250e+04
1.14000e+04 1.35250e+04
1.14000e+04 1.37250e+04
1.11750e+04 1.37250e+04
1.10250e+04 1.36000e+04
1.09750e+04 1.38250e+04
1.10750e+04 1.39250e+04
1.09750e+04 1.40250e+04
1.11750e+04 1.41250e+04
1.13750e+04 1.41250e+04
1.13250e+04 1.42250e+04
1.14000e+04 1.43000e+04
1.11250e+04 1.43000e+04
1.09750e+04 1.43000e+04
1.08750e+04 1.44750e+04
1.09250e+04 1.45750e+04
1.08250e+04 1.47500e+04
1.07250e+04 1.47250e+04
1.07750e+04 1.45750e+04
1.06750e+04 1.45750e+04
1.05250e+04 1.45750e+04
1.05250e+04 1.47250e+04
1.04500e+04 1.49000e+04
1.03000e+04 1.49000e+04
1.04250e+04 1.50250e+04
1.04250e+04 1.51750e+04
1.04250e+04 1.52750e+04
1.05250e+04 1.52250e+04
1.06250e+04 1.52750e+04
1.07250e+04 1.52250e+04
1.07250e+04 1.51250e+04
1.06250e+04 1.51250e+04
1.05250e+04 1.50750e+04
1.05750e+04 1.49750e+04
1.07750e+04 1.49750e+04
1.09250e+04 1.51250e+04
1.10250e+04 1.49750e+04
1.10250e+04 1.48750e+04
1.10750e+04 1.47250e+04
1.10750e+04 1.45750e+04
1.11750e+04 1.46250e+04
1.11750e+04 1.47750e+04
1.11750e+04 1.48750e+04
1.11750e+04 1.49750e+04
1.13250e+04 1.50250e+04
1.14250e+04 1.50750e+04
1.14250e+04 1.52250e+04
1.13250e+04 1.52250e+04
1.12750e+04 1.53250e+04
1.14250e+04 1.53750e+04
1.14250e+04 1.55250e+04
1.13500e+04 1.57250e+04
1.14500e+04 1.58250e+04
1.13500e+04 1.59250e+04
1.11750e+04 1.56250e+04
1.12750e+04 1.55750e+04
1.12750e+04 1.54750e+04
1.11750e+04 1.54750e+04
1.10750e+04 1.53750e+04
1.09750e+04 1.53750e+04
1.08750e+04 1.56750e+04
1.09750e+04 1.57250e+04
1.08750e+04 1.57750e+04
1.09250e+04 1.59250e+04
1.07750e+04 1.59250e+04
1.06750e+04 1.59250e+04
1.05750e+04 1.59250e+04
1.04750e+04 1.59250e+04
1.02500e+04 1.57750e+04
1.01750e+04 1.58750e+04
1.00750e+04 1.59750e+04
9.87500e+03 1.59750e+04
9.84700e+03 1.58530e+04
1.00250e+04 1.58750e+04
1.01000e+04 1.57250e+04
1.02500e+04 1.56250e+04
1.02500e+04 1.55250e+04
1.02500e+04 1.53750e+04
1.01500e+04 1.53750e+04
1.02250e+04 1.52750e+04
1.02750e+04 1.51250e+04
1.01250e+04 1.51250e+04
1.00000e+04 1.50250e+04
1.00000e+04 1.49250e+04
9.82500e+03 1.49750e+04
9.62500e+03 1.48750e+04
9.47500e+03 1.48750e+04
9.42500e+03 1.47750e+04
9.57500e+03 1.47750e+04
9.62500e+03 1.46250e+04
9.72500e+03 1.47250e+04
9.82500e+03 1.46250e+04
1.00250e+04 1.46750e+04
9.97500e+03 1.45750e+04
9.92500e+03 1.44250e+04
9.82500e+03 1.42250e+04
9.62500e+03 1.42250e+04
9.72500e+03 1.41250e+04
9.87500e+03 1.39250e+04
9.72500e+03 1.39250e+04
9.57500e+03 1.39750e+04
9.57500e+03 1.38250e+04
9.72500e+03 1.35750e+04
9.62500e+03 1.33500e+04
9.72500e+03 1.31750e+04
9.62500e+03 1.31500e+04
9.22500e+03 1.35250e+04
9.22500e+03 1.36750e+04
9.37500e+03 1.36750e+04
9.37500e+03 1.38250e+04
9.22500e+03 1.38250e+04
9.22500e+03 1.40250e+04
9.22500e+03 1.42250e+04
9.22600e+03 1.44090e+04
9.22500e+03 1.44100e+04
9.22600e+03 1.45590e+04
9.22500e+03 1.45600e+04
9.22500e+03 1.47100e+04
9.22600e+03 1.47100e+04
9.22500e+03 1.48600e+04
9.22500e+03 1.48610e+04
9.32500e+03 1.49750e+04
9.22500e+03 1.50250e+04
9.22500e+03 1.51250e+04
9.22500e+03 1.52250e+04
9.22500e+03 1.53250e+04
9.22500e+03 1.54250e+04
9.22500e+03 1.55250e+04
9.22500e+03 1.56250e+04
9.57800e+03 1.59700e+04
9.47500e+03 1.59750e+04
9.27500e+03 1.59750e+04
8.90000e+03 1.58250e+04
8.80000e+03 1.59250e+04
8.80000e+03 1.57250e+04
8.72500e+03 1.55750e+04
8.62500e+03 1.56250e+04
8.42500e+03 1.57250e+04
8.32500e+03 1.56750e+04
8.32500e+03 1.57750e+04
8.37500e+03 1.59250e+04
8.22500e+03 1.59250e+04
8.12500e+03 1.59250e+04
8.02500e+03 1.59250e+04
7.92500e+03 1.59250e+04
7.70000e+03 1.57750e+04
7.70000e+03 1.56250e+04
7.70000e+03 1.55250e+04
7.55000e+03 1.57250e+04
7.62500e+03 1.58750e+04
7.52500e+03 1.59750e+04
7.47500e+03 1.58750e+04
7.32500e+03 1.59750e+04
7.29700e+03 1.58530e+04
7.02800e+03 1.59700e+04
6.92500e+03 1.59750e+04
6.72500e+03 1.59750e+04
6.67500e+03 1.56250e+04
6.67500e+03 1.55250e+04
6.67500e+03 1.54250e+04
6.67500e+03 1.53250e+04
6.67500e+03 1.52250e+04
6.67500e+03 1.51250e+04
6.67500e+03 1.50250e+04
6.77500e+03 1.49750e+04
6.67500e+03 1.48610e+04
6.67500e+03 1.48600e+04
6.67600e+03 1.47100e+04
6.67500e+03 1.47100e+04
6.67500e+03 1.45600e+04
6.67600e+03 1.45590e+04
6.67500e+03 1.44100e+04
6.67600e+03 1.44090e+04
6.67500e+03 1.42250e+04
6.67500e+03 1.40250e+04
6.67500e+03 1.38250e+04
6.82500e+03 1.38250e+04
6.82500e+03 1.36750e+04
6.67500e+03 1.36750e+04
6.67500e+03 1.35250e+04
7.07500e+03 1.31500e+04
7.17500e+03 1.31750e+04
7.07500e+03 1.33500e+04
7.17500e+03 1.35750e+04
7.02500e+03 1.38250e+04
7.02500e+03 1.39750e+04
7.17500e+03 1.39250e+04
7.32500e+03 1.39250e+04
7.17500e+03 1.41250e+04
7.07500e+03 1.42250e+04
7.27500e+03 1.42250e+04
7.37500e+03 1.44250e+04
7.42500e+03 1.45750e+04
7.47500e+03 1.46750e+04
7.27500e+03 1.46250e+04
7.17500e+03 1.47250e+04
7.07500e+03 1.46250e+04
7.02500e+03 1.47750e+04
6.87500e+03 1.47750e+04
6.92500e+03 1.48750e+04
7.07500e+03 1.48750e+04
7.27500e+03 1.49750e+04
7.45000e+03 1.49250e+04
7.45000e+03 1.50250e+04
7.57500e+03 1.51250e+04
7.72500e+03 1.51250e+04
7.67500e+03 1.52750e+04
7.60000e+03 1.53750e+04
7.70000e+03 1.53750e+04
7.87500e+03 1.52750e+04
7.87500e+03 1.51750e+04
7.97500e+03 1.52250e+04
8.07500e+03 1.52750e+04
8.17500e+03 1.52250e+04
8.17500e+03 1.51250e+04
8.07500e+03 1.51250e+04
8.02500e+03 1.49750e+04
7.97500e+03 1.50750e+04
7.87500e+03 1.50250e+04
7.75000e+03 1.49000e+04
7.90000e+03 1.49000e+04
7.97500e+03 1.47250e+04
7.97500e+03 1.45750e+04
8.12500e+03 1.45750e+04
8.22500e+03 1.45750e+04
8.17500e+03 1.47250e+04
8.27500e+03 1.47500e+04
8.22500e+03 1.49750e+04
8.37500e+03 1.51250e+04
8.42500e+03 1.53750e+04
8.52500e+03 1.53750e+04
8.62500e+03 1.54750e+04
8.72500e+03 1.54750e+04
8.87500e+03 1.55250e+04
8.87500e+03 1.53750e+04
8.72500e+03 1.53250e+04
8.77500e+03 1.52250e+04
8.87500e+03 1.52250e+04
8.87500e+03 1.50750e+04
8.77500e+03 1.50250e+04
8.62500e+03 1.49750e+04
8.47500e+03 1.49750e+04
8.47500e+03 1.48750e+04
8.62500e+03 1.48750e+04
8.62500e+03 1.47750e+04
8.52500e+03 1.47250e+04
8.62500e+03 1.46250e+04
8.52500e+03 1.45750e+04
8.37500e+03 1.45750e+04
8.32500e+03 1.44750e+04
8.42500e+03 1.43000e+04
8.57500e+03 1.43000e+04
8.85000e+03 1.43000e+04
8.77500e+03 1.42250e+04
8.82500e+03 1.41250e+04
8.62500e+03 1.41250e+04
8.42500e+03 1.40250e+04
8.52500e+03 1.39250e+04
8.42500e+03 1.38250e+04
8.47500e+03 1.36000e+04
8.62500e+03 1.37250e+04
8.85000e+03 1.37250e+04
8.85000e+03 1.35250e+04
8.85000e+03 1.31250e+04
8.67400e+03 1.30580e+04
8.47500e+03 1.32000e+04
8.27500e+03 1.31750e+04
8.12500e+03 1.32750e+04
7.97500e+03 1.32750e+04
7.97500e+03 1.31750e+04
8.12500e+03 1.26000e+04
8.02500e+03 1.26000e+04
7.92500e+03 1.26000e+04
7.77500e+03 1.26000e+04
7.62500e+03 1.26000e+04
7.47500e+03 1.26000e+04
7.50000e+03 1.25000e+04
7.50000e+03 1.24000e+04
7.42500e+03 1.23250e+04
7.57500e+03 1.23250e+04
7.67500e+03 1.22250e+04
7.62500e+03 1.21250e+04
7.77500e+03 1.20250e+04
7.92500e+03 1.21250e+04
7.87500e+03 1.22250e+04
7.77500e+03 1.21750e+04
7.77500e+03 1.23250e+04
7.97500e+03 1.23250e+04
8.25000e+03 1.23250e+04
8.35000e+03 1.25250e+04
8.35000e+03 1.24250e+04
8.40000e+03 1.23250e+04
8.37500e+03 1.22250e+04
8.42500e+03 1.21250e+04
8.55000e+03 1.21750e+04
8.57500e+03 1.23250e+04
8.62500e+03 1.24250e+04
8.62500e+03 1.25250e+04
8.77500e+03 1.25250e+04
8.77500e+03 1.24250e+04
8.87500e+03 1.24750e+04
8.87200e+03 1.23540e+04
8.90000e+03 1.22250e+04
8.90000e+03 1.20750e+04
8.77500e+03 1.20750e+04
8.77500e+03 1.19250e+04
8.77500e+03 1.18250e+04
8.77500e+03 1.17250e+04
8.77500e+03 1.15750e+04
8.82500e+03 1.14750e+04
8.67500e+03 1.14750e+04
8.50000e+03 1.13250e+04
8.40000e+03 1.12750e+04
8.30000e+03 1.13250e+04
8.40000e+03 1.14250e+04
8.40000e+03 1.15500e+04
8.40000e+03 1.16500e+04
8.50000e+03 1.18250e+04
8.62500e+03 1.18750e+04
8.47500e+03 1.19250e+04
8.32500e+03 1.19250e+04
8.12500e+03 1.17250e+04
8.22500e+03 1.17250e+04
8.30000e+03 1.16750e+04
8.30000e+03 1.15750e+04
8.30000e+03 1.14750e+04
8.22500e+03 1.14250e+04
8.12500e+03 1.14250e+04
8.02500e+03 1.13250e+04
7.82500e+03 1.13250e+04
7.72500e+03 1.13250e+04
7.52500e+03 1.13250e+04
7.42500e+03 1.14250e+04
7.32500e+03 1.14250e+04
7.25000e+03 1.13250e+04
7.15000e+03 1.12750e+04
7.05000e+03 1.13250e+04
7.15000e+03 1.14250e+04
7.25000e+03 1.14750e+04
7.25000e+03 1.15750e+04
7.15000e+03 1.15750e+04
7.15000e+03 1.16750e+04
7.25000e+03 1.16750e+04
7.32500e+03 1.17500e+04
7.42500e+03 1.17500e+04
7.22500e+03 1.19250e+04
7.07500e+03 1.19250e+04
7.05000e+03 1.18250e+04
6.97500e+03 1.19250e+04
7.02500e+03 1.20750e+04
7.12500e+03 1.21250e+04
7.17500e+03 1.22250e+04
7.02500e+03 1.22250e+04
6.92500e+03 1.21750e+04
6.92500e+03 1.24250e+04
6.92500e+03 1.25750e+04
6.92500e+03 1.26750e+04
6.92500e+03 1.28250e+04
6.66500e+03 1.27600e+04
6.66500e+03 1.26100e+04
6.66500e+03 1.24600e+04
6.66500e+03 1.23100e+04
6.66500e+03 1.21600e+04
6.66500e+03 1.20100e+04
6.82500e+03 1.19250e+04
6.66500e+03 1.18600e+04
6.66500e+03 1.17100e+04
6.77500e+03 1.16500e+04
6.85000e+03 1.17000e+04
6.85000e+03 1.16000e+04
6.77500e+03 1.15250e+04
6.82500e+03 1.14250e+04
6.72500e+03 1.14250e+04
6.27500e+03 1.14750e+04
6.22500e+03 1.15750e+04
6.12500e+03 1.14750e+04
5.95000e+03 1.13250e+04
5.85000e+03 1.14250e+04
5.75000e+03 1.13250e+04
5.85000e+03 1.12750e+04
5.82500e+03 1.11250e+04
5.82500e+03 1.10250e+04
5.92500e+03 1.11250e+04
6.02500e+03 1.10750e+04
6.02500e+03 1.09750e+04
6.20000e+03 1.09750e+04
6.30000e+03 1.07750e+04
6.30000e+03 1.06250e+04
6.30000e+03 1.04750e+04
6.30000e+03 1.03750e+04
6.27500e+03 1.02750e+04
6.70000e+03 1.04250e+04
6.70000e+03 1.05250e+04
6.70000e+03 1.06250e+04
6.70000e+03 1.07250e+04
6.70000e+03 1.08500e+04
6.72500e+03 1.10500e+04
6.87500e+03 1.10250e+04
7.00000e+03 1.10250e+04
7.07500e+03 1.11250e+04
7.17500e+03 1.11250e+04
7.17500e+03 1.10250e+04
7.55000e+03 1.10750e+04
7.55000e+03 1.08750e+04
7.55000e+03 1.04750e+04
8.00000e+03 1.04750e+04
8.00000e+03 1.08750e+04
8.00000e+03 1.10750e+04
8.37500e+03 1.10250e+04
8.37500e+03 1.11250e+04
8.47500e+03 1.11250e+04
8.57500e+03 1.10750e+04
8.57500e+03 1.09750e+04
8.75000e+03 1.09750e+04
8.85000e+03 1.07750e+04
8.85000e+03 1.06250e+04
8.85000e+03 1.04750e+04
8.85000e+03 1.03750e+04
8.82500e+03 1.02750e+04
9.25000e+03 1.04250e+04
9.25000e+03 1.05250e+04
9.25000e+03 1.06250e+04
9.25000e+03 1.07250e+04
9.25000e+03 1.08500e+04
9.27500e+03 1.10500e+04
9.42500e+03 1.10250e+04
9.55000e+03 1.10250e+04
9.62500e+03 1.11250e+04
9.72500e+03 1.10250e+04
9.72500e+03 1.11250e+04
9.70000e+03 1.12750e+04
9.80000e+03 1.13250e+04
9.70000e+03 1.14250e+04
9.60000e+03 1.13250e+04
9.37500e+03 1.14250e+04
9.27500e+03 1.14250e+04
9.32500e+03 1.15250e+04
9.40000e+03 1.16000e+04
9.40000e+03 1.17000e+04
9.32500e+03 1.16500e+04
9.21500e+03 1.17100e+04
9.21500e+03 1.18600e+04
9.37500e+03 1.19250e+04
9.21500e+03 1.20100e+04
9.21500e+03 1.21600e+04
9.21500e+03 1.23100e+04
9.21500e+03 1.24600e+04
9.21500e+03 1.26100e+04
9.21500e+03 1.27600e+04
9.47500e+03 1.28250e+04
9.47500e+03 1.26750e+04
9.47500e+03 1.25750e+04
9.47500e+03 1.24250e+04
9.47500e+03 1.21750e+04
9.57500e+03 1.22250e+04
9.72500e+03 1.22250e+04
9.67500e+03 1.21250e+04
9.57500e+03 1.20750e+04
9.52500e+03 1.19250e+04
9.60000e+03 1.18250e+04
9.62500e+03 1.19250e+04
9.77500e+03 1.19250e+04
9.97500e+03 1.17500e+04
9.87500e+03 1.17500e+04
9.80000e+03 1.16750e+04
9.70000e+03 1.16750e+04
9.70000e+03 1.15750e+04
9.80000e+03 1.15750e+04
9.80000e+03 1.14750e+04
9.87500e+03 1.14250e+04
9.97500e+03 1.14250e+04
1.00750e+04 1.13250e+04
1.01000e+04 1.10750e+04
1.01000e+04 1.08750e+04
1.01000e+04 1.04750e+04
1.05500e+04 1.04750e+04
1.08480e+04 1.00750e+04
1.05750e+04 1.00750e+04
1.04370e+04 9.80100e+03
1.04350e+04 9.70200e+03
1.04350e+04 9.60100e+03
1.04360e+04 9.50200e+03
1.04360e+04 9.39900e+03
1.04360e+04 9.29800e+03
1.01750e+04 9.32500e+03
1.01750e+04 9.42500e+03
1.01750e+04 9.52500e+03
1.01750e+04 9.72500e+03
1.01750e+04 9.82500e+03
1.00750e+04 1.00750e+04
9.80000e+03 1.00750e+04
9.52500e+03 1.00750e+04
9.37500e+03 1.01250e+04
9.29000e+03 9.80600e+03
9.28900e+03 9.70600e+03
9.28900e+03 9.60600e+03
9.29000e+03 9.50500e+03
9.29000e+03 9.40600e+03
9.28900e+03 9.30600e+03
8.77500e+03 9.32500e+03
8.77500e+03 9.42500e+03
8.77500e+03 9.52500e+03
8.77500e+03 9.72500e+03
8.77500e+03 9.82500e+03
8.82500e+03 1.00750e+04
8.57500e+03 1.00750e+04
8.29800e+03 1.00750e+04
8.02500e+03 1.00750e+04
7.88700e+03 9.80100e+03
7.88500e+03 9.70200e+03
7.88500e+03 9.60100e+03
7.88600e+03 9.50200e+03
7.88600e+03 9.39900e+03
7.88600e+03 9.29800e+03
7.62500e+03 9.32500e+03
7.62500e+03 9.42500e+03
7.62500e+03 9.52500e+03
7.62500e+03 9.72500e+03
7.62500e+03 9.82500e+03
7.52500e+03 1.00750e+04
7.25000e+03 1.00750e+04
6.97500e+03 1.00750e+04
6.82500e+03 1.01250e+04
6.74000e+03 9.80600e+03
6.73900e+03 9.70600e+03
6.73900e+03 9.60600e+03
6.74000e+03 9.50500e+03
6.74000e+03 9.40600e+03
6.73900e+03 9.30600e+03
7.02800e+03 8.82000e+03
6.92500e+03 8.82500e+03
6.72500e+03 8.82500e+03
6.67500e+03 8.47500e+03
6.67500e+03 8.37500e+03
6.67500e+03 8.27500e+03
6.67500e+03 8.17500e+03
6.67500e+03 8.07500e+03
6.67500e+03 7.97500e+03
6.67500e+03 7.87500e+03
6.77500e+03 7.82500e+03
6.67500e+03 7.71100e+03
6.67500e+03 7.71000e+03
6.67600e+03 7.56000e+03
6.67500e+03 7.56000e+03
6.67500e+03 7.41000e+03
6.67600e+03 7.40900e+03
6.67500e+03 7.26000e+03
6.67600e+03 7.25900e+03
6.67500e+03 7.07500e+03
6.67500e+03 6.87500e+03
6.67500e+03 6.67500e+03
6.82500e+03 6.67500e+03
6.82500e+03 6.52500e+03
6.67500e+03 6.52500e+03
6.67500e+03 6.37500e+03
7.07500e+03 6.00000e+03
7.17500e+03 6.02500e+03
7.07500e+03 6.20000e+03
7.17500e+03 6.42500e+03
7.02500e+03 6.67500e+03
7.02500e+03 6.82500e+03
7.17500e+03 6.77500e+03
7.32500e+03 6.77500e+03
7.17500e+03 6.97500e+03
7.07500e+03 7.07500e+03
7.27500e+03 7.07500e+03
7.37500e+03 7.27500e+03
7.42500e+03 7.42500e+03
7.47500e+03 7.52500e+03
7.27500e+03 7.47500e+03
7.17500e+03 7.57500e+03
7.07500e+03 7.47500e+03
7.02500e+03 7.62500e+03
6.87500e+03 7.62500e+03
6.92500e+03 7.72500e+03
7.07500e+03 7.72500e+03
7.27500e+03 7.82500e+03
7.45000e+03 7.77500e+03
7.45000e+03 7.87500e+03
7.57500e+03 7.97500e+03
7.72500e+03 7.97500e+03
7.67500e+03 8.12500e+03
7.60000e+03 8.22500e+03
7.70000e+03 8.22500e+03
7.70000e+03 8.37500e+03
7.70000e+03 8.47500e+03
7.55000e+03 8.57500e+03
7.47500e+03 8.72500e+03
7.29700e+03 8.70300e+03
7.32500e+03 8.82500e+03
7.52500e+03 8.82500e+03
7.62500e+03 8.72500e+03
7.70000e+03 8.62500e+03
7.92500e+03 8.77500e+03
8.02500e+03 8.77500e+03
8.12500e+03 8.77500e+03
8.22500e+03 8.77500e+03
8.37500e+03 8.77500e+03
8.32500e+03 8.62500e+03
8.42500e+03 8.57500e+03
8.32500e+03 8.52500e+03
8.42500e+03 8.22500e+03
8.52500e+03 8.22500e+03
8.62500e+03 8.32500e+03
8.72500e+03 8.32500e+03
8.72500e+03 8.42500e+03
8.62500e+03 8.47500e+03
8.80000e+03 8.77500e+03
8.90000e+03 8.67500e+03
8.80000e+03 8.57500e+03
8.87500e+03 8.37500e+03
8.87500e+03 8.22500e+03
8.72500e+03 8.17500e+03
8.77500e+03 8.07500e+03
8.87500e+03 8.07500e+03
8.87500e+03 7.92500e+03
8.77500e+03 7.87500e+03
8.62500e+03 7.82500e+03
8.62500e+03 7.72500e+03
8.62500e+03 7.62500e+03
8.62500e+03 7.47500e+03
8.52500e+03 7.42500e+03
8.52500e+03 7.57500e+03
8.47500e+03 7.72500e+03
8.47500e+03 7.82500e+03
8.37500e+03 7.97500e+03
8.22500e+03 7.82500e+03
8.02500e+03 7.82500e+03
7.97500e+03 7.92500e+03
8.07500e+03 7.97500e+03
8.17500e+03 7.97500e+03
8.17500e+03 8.07500e+03
8.07500e+03 8.12500e+03
7.97500e+03 8.07500e+03
7.87500e+03 8.12500e+03
7.87500e+03 8.02500e+03
7.87500e+03 7.87500e+03
7.75000e+03 7.75000e+03
7.90000e+03 7.75000e+03
7.97500e+03 7.57500e+03
7.97500e+03 7.42500e+03
8.12500e+03 7.42500e+03
8.22500e+03 7.42500e+03
8.17500e+03 7.57500e+03
8.27500e+03 7.60000e+03
8.37500e+03 7.42500e+03
8.32500e+03 7.32500e+03
8.42500e+03 7.15000e+03
8.57500e+03 7.15000e+03
8.85000e+03 7.15000e+03
8.77500e+03 7.07500e+03
8.82500e+03 6.97500e+03
8.62500e+03 6.97500e+03
8.42500e+03 6.87500e+03
8.52500e+03 6.77500e+03
8.42500e+03 6.67500e+03
8.47500e+03 6.45000e+03
8.62500e+03 6.57500e+03
8.85000e+03 6.57500e+03
8.85000e+03 6.37500e+03
8.85000e+03 5.97500e+03
8.67400e+03 5.90800e+03
8.47500e+03 6.05000e+03
8.27500e+03 6.02500e+03
8.12500e+03 6.12500e+03
7.97500e+03 6.12500e+03
7.97500e+03 6.02500e+03
8.12500e+03 5.45000e+03
8.02500e+03 5.45000e+03
7.92500e+03 5.45000e+03
7.77500e+03 5.45000e+03
7.62500e+03 5.45000e+03
7.47500e+03 5.45000e+03
7.50000e+03 5.35000e+03
7.50000e+03 5.25000e+03
7.42500e+03 5.17500e+03
7.57500e+03 5.17500e+03
7.67500e+03 5.07500e+03
7.62500e+03 4.97500e+03
7.77500e+03 4.87500e+03
7.92500e+03 4.97500e+03
7.87500e+03 5.07500e+03
7.77500e+03 5.02500e+03
7.77500e+03 5.17500e+03
7.97500e+03 5.17500e+03
8.25000e+03 5.17500e+03
8.35000e+03 5.37500e+03
8.35000e+03 5.27500e+03
8.40000e+03 5.17500e+03
8.37500e+03 5.07500e+03
8.42500e+03 4.97500e+03
8.55000e+03 5.02500e+03
8.57500e+03 5.17500e+03
8.62500e+03 5.27500e+03
8.62500e+03 5.37500e+03
8.77500e+03 5.37500e+03
8.77500e+03 5.27500e+03
8.87500e+03 5.32500e+03
8.87200e+03 5.20400e+03
8.90000e+03 5.07500e+03
8.90000e+03 4.92500e+03
8.77500e+03 4.92500e+03
8.77500e+03 4.77500e+03
8.77500e+03 4.67500e+03
8.77500e+03 4.57500e+03
8.62500e+03 4.72500e+03
8.50000e+03 4.67500e+03
8.47500e+03 4.77500e+03
