654
5.82750e+03 2.56750e+03
5.84250e+03 2.56750e+03
5.85750e+03 2.56750e+03
5.81250e+03 2.58250e+03
5.82750e+03 2.58250e+03
5.84250e+03 2.58250e+03
5.85750e+03 2.58250e+03
5.81250e+03 2.59750e+03
5.82750e+03 2.59750e+03
5.84250e+03 2.59750e+03
5.85750e+03 2.59750e+03
5.81250e+03 2.61250e+03
5.82750e+03 2.61250e+03
5.84250e+03 2.61250e+03
5.85750e+03 2.61250e+03
5.81250e+03 2.62750e+03
5.82750e+03 2.62750e+03
5.84250e+03 2.62750e+03
5.85750e+03 2.62750e+03
5.81250e+03 2.64250e+03
5.82750e+03 2.64250e+03
5.84250e+03 2.64250e+03
5.85750e+03 2.64250e+03
5.81250e+03 2.65750e+03
5.82750e+03 2.65750e+03
5.84250e+03 2.65750e+03
5.85750e+03 2.65750e+03
5.81250e+03 2.67250e+03
5.82750e+03 2.67250e+03
5.84250e+03 2.67250e+03
5.85750e+03 2.67250e+03
5.81250e+03 2.68750e+03
5.82750e+03 2.68750e+03
5.84250e+03 2.68750e+03
5.85750e+03 2.68750e+03
5.81250e+03 2.70250e+03
5.82750e+03 2.70250e+03
5.84250e+03 2.70250e+03
5.85750e+03 2.70250e+03
5.81250e+03 2.71750e+03
5.82750e+03 2.71750e+03
5.84250e+03 2.71750e+03
5.85750e+03 2.71750e+03
5.81250e+03 2.73250e+03
5.82750e+03 2.73250e+03
5.84250e+03 2.73250e+03
5.85750e+03 2.73250e+03
5.81250e+03 2.74750e+03
5.82750e+03 2.74750e+03
5.84250e+03 2.74750e+03
5.85750e+03 2.74750e+03
5.81250e+03 2.76250e+03
5.82750e+03 2.76250e+03
5.84250e+03 2.76250e+03
5.85750e+03 2.76250e+03
5.81250e+03 2.77750e+03
5.82750e+03 2.77750e+03
5.84250e+03 2.77750e+03
5.85750e+03 2.77750e+03
5.81250e+03 2.79250e+03
5.82750e+03 2.79250e+03
5.84250e+03 2.79250e+03
5.85750e+03 2.79250e+03
5.81250e+03 2.80750e+03
5.82750e+03 2.80750e+03
5.84250e+03 2.80750e+03
5.85750e+03 2.80750e+03
5.81250e+03 4.95250e+03
5.82750e+03 4.95250e+03
5.84250e+03 4.95250e+03
5.85750e+03 4.95250e+03
5.81250e+03 4.96750e+03
5.82750e+03 4.96750e+03
5.84250e+03 4.96750e+03
5.85750e+03 4.96750e+03
5.81250e+03 4.98250e+03
5.82750e+03 4.98250e+03
5.84250e+03 4.98250e+03
5.85750e+03 4.98250e+03
5.81250e+03 4.99750e+03
5.82750e+03 4.99750e+03
5.84250e+03 4.99750e+03
5.85750e+03 4.99750e+03
5.81250e+03 5.01250e+03
5.82750e+03 5.01250e+03
5.84250e+03 5.01250e+03
5.85750e+03 5.01250e+03
5.81250e+03 5.02750e+03
5.82750e+03 5.02750e+03
5.84250e+03 5.02750e+03
5.85750e+03 5.02750e+03
5.81250e+03 5.04250e+03
5.82750e+03 5.04250e+03
5.84250e+03 5.04250e+03
5.85750e+03 5.04250e+03
5.81250e+03 5.05750e+03
5.82750e+03 5.05750e+03
5.84250e+03 5.05750e+03
5.85750e+03 5.05750e+03
5.81250e+03 5.07250e+03
5.82750e+03 5.07250e+03
5.84250e+03 5.07250e+03
5.85750e+03 5.07250e+03
5.81250e+03 5.08750e+03
5.82750e+03 5.08750e+03
5.84250e+03 5.08750e+03
5.85750e+03 5.08750e+03
5.81250e+03 5.10250e+03
5.82750e+03 5.10250e+03
5.84250e+03 5.10250e+03
5.85750e+03 5.10250e+03
5.81250e+03 5.11750e+03
5.82750e+03 5.11750e+03
5.84250e+03 5.11750e+03
5.85750e+03 5.11750e+03
5.81250e+03 5.13250e+03
5.82750e+03 5.13250e+03
5.84250e+03 5.13250e+03
5.85750e+03 5.13250e+03
5.81250e+03 5.14750e+03
5.82750e+03 5.14750e+03
5.84250e+03 5.14750e+03
5.85750e+03 5.14750e+03
5.81250e+03 5.16250e+03
5.82750e+03 5.16250e+03
5.84250e+03 5.16250e+03
5.85750e+03 5.16250e+03
5.81250e+03 5.17750e+03
5.82750e+03 5.17750e+03
5.84250e+03 5.17750e+03
5.85750e+03 5.17750e+03
5.81250e+03 5.19250e+03
5.82750e+03 5.19250e+03
5.84250e+03 5.19250e+03
5.85750e+03 5.19250e+03
5.81250e+03 5.20750e+03
5.82750e+03 5.20750e+03
5.84250e+03 5.20750e+03
5.85750e+03 5.20750e+03
5.81250e+03 5.22250e+03
5.82750e+03 5.22250e+03
5.84250e+03 5.22250e+03
5.85750e+03 5.22250e+03
5.81250e+03 5.23750e+03
5.82750e+03 5.23750e+03
5.84250e+03 5.23750e+03
5.85750e+03 5.23750e+03
5.81250e+03 5.25250e+03
5.82750e+03 5.25250e+03
5.84250e+03 5.25250e+03
5.85750e+03 5.25250e+03
5.81250e+03 5.26750e+03
5.82750e+03 5.26750e+03
5.84250e+03 5.26750e+03
5.85750e+03 5.26750e+03
5.81250e+03 5.28250e+03
5.82750e+03 5.28250e+03
5.84250e+03 5.28250e+03
5.85750e+03 5.28250e+03
5.81250e+03 5.29750e+03
5.82750e+03 5.29750e+03
5.84250e+03 5.29750e+03
5.85750e+03 5.29750e+03
1.04250e+03 1.80250e+03
1.04250e+03 1.81750e+03
1.04250e+03 1.83250e+03
1.04250e+03 1.87750e+03
1.04250e+03 1.89250e+03
1.04250e+03 1.92250e+03
1.04250e+03 1.95250e+03
1.04250e+03 1.99750e+03
1.04250e+03 2.07250e+03
1.04250e+03 2.11750e+03
1.04250e+03 2.16250e+03
1.04250e+03 2.22250e+03
1.04250e+03 2.25250e+03
1.04250e+03 2.35750e+03
1.04250e+03 2.40250e+03
1.04250e+03 4.29250e+03
1.04250e+03 4.30750e+03
1.04250e+03 4.32250e+03
1.04250e+03 4.36750e+03
1.04250e+03 4.38250e+03
1.04250e+03 4.41250e+03
1.04250e+03 4.44250e+03
1.04250e+03 4.48750e+03
1.04250e+03 4.56250e+03
1.04250e+03 4.60750e+03
1.04250e+03 4.65250e+03
1.04250e+03 4.71250e+03
1.04250e+03 4.74250e+03
1.04250e+03 4.84750e+03
1.04250e+03 4.89250e+03
1.05750e+03 1.84750e+03
1.05750e+03 1.95250e+03
1.05750e+03 2.02750e+03
1.05750e+03 2.08750e+03
1.05750e+03 2.14750e+03
1.05750e+03 2.28250e+03
1.05750e+03 4.33750e+03
1.05750e+03 4.44250e+03
1.05750e+03 4.51750e+03
1.05750e+03 4.57750e+03
1.05750e+03 4.63750e+03
1.05750e+03 4.77250e+03
1.07250e+03 1.81750e+03
1.07250e+03 1.83250e+03
1.07250e+03 1.89250e+03
1.07250e+03 1.96750e+03
1.07250e+03 2.16250e+03
1.07250e+03 2.22250e+03
1.07250e+03 2.28250e+03
1.07250e+03 2.35750e+03
1.07250e+03 4.30750e+03
1.07250e+03 4.32250e+03
1.07250e+03 4.38250e+03
1.07250e+03 4.45750e+03
1.07250e+03 4.65250e+03
1.07250e+03 4.71250e+03
1.07250e+03 4.77250e+03
1.07250e+03 4.84750e+03
1.08750e+03 1.78750e+03
1.08750e+03 1.84750e+03
1.08750e+03 1.87750e+03
1.08750e+03 1.96750e+03
1.08750e+03 1.99750e+03
1.08750e+03 2.02750e+03
1.08750e+03 2.08750e+03
1.08750e+03 2.11750e+03
1.08750e+03 2.14750e+03
1.08750e+03 2.19250e+03
1.08750e+03 2.25250e+03
1.08750e+03 2.40250e+03
1.08750e+03 4.27750e+03
1.08750e+03 4.33750e+03
1.08750e+03 4.36750e+03
1.08750e+03 4.45750e+03
1.08750e+03 4.48750e+03
1.08750e+03 4.51750e+03
1.08750e+03 4.57750e+03
1.08750e+03 4.60750e+03
1.08750e+03 4.63750e+03
1.08750e+03 4.68250e+03
1.08750e+03 4.74250e+03
1.08750e+03 4.89250e+03
5.81250e+03 1.80250e+03
5.81250e+03 1.81750e+03
5.81250e+03 1.83250e+03
5.81250e+03 1.87750e+03
5.81250e+03 1.89250e+03
5.81250e+03 1.92250e+03
5.81250e+03 1.95250e+03
5.81250e+03 1.99750e+03
5.81250e+03 2.07250e+03
5.81250e+03 2.11750e+03
5.81250e+03 2.16250e+03
5.81250e+03 2.22250e+03
5.81250e+03 2.25250e+03
5.81250e+03 2.35750e+03
5.81250e+03 2.40250e+03
5.81250e+03 4.29250e+03
5.81250e+03 4.30750e+03
5.81250e+03 4.32250e+03
5.81250e+03 4.36750e+03
5.81250e+03 4.38250e+03
5.81250e+03 4.41250e+03
5.81250e+03 4.44250e+03
5.81250e+03 4.48750e+03
5.81250e+03 4.56250e+03
5.81250e+03 4.60750e+03
5.81250e+03 4.65250e+03
5.81250e+03 4.71250e+03
5.81250e+03 4.74250e+03
5.81250e+03 4.84750e+03
5.81250e+03 4.89250e+03
5.82750e+03 1.84750e+03
5.82750e+03 1.95250e+03
5.82750e+03 2.02750e+03
5.82750e+03 2.08750e+03
5.82750e+03 2.14750e+03
5.82750e+03 2.28250e+03
5.82750e+03 4.33750e+03
5.82750e+03 4.44250e+03
5.82750e+03 4.51750e+03
5.82750e+03 4.57750e+03
5.82750e+03 4.63750e+03
5.82750e+03 4.77250e+03
5.84250e+03 1.81750e+03
5.84250e+03 1.83250e+03
5.84250e+03 1.89250e+03
5.84250e+03 1.96750e+03
5.84250e+03 2.16250e+03
5.84250e+03 2.22250e+03
5.84250e+03 2.28250e+03
5.84250e+03 2.35750e+03
5.84250e+03 4.30750e+03
5.84250e+03 4.32250e+03
5.84250e+03 4.38250e+03
5.84250e+03 4.45750e+03
5.84250e+03 4.65250e+03
5.84250e+03 4.71250e+03
5.84250e+03 4.77250e+03
5.84250e+03 4.84750e+03
5.85750e+03 1.78750e+03
5.85750e+03 1.84750e+03
5.85750e+03 1.87750e+03
5.85750e+03 1.96750e+03
5.85750e+03 1.99750e+03
5.85750e+03 2.02750e+03
5.85750e+03 2.08750e+03
5.85750e+03 2.11750e+03
5.85750e+03 2.14750e+03
5.85750e+03 2.19250e+03
5.85750e+03 2.25250e+03
5.85750e+03 2.40250e+03
5.85750e+03 4.27750e+03
5.85750e+03 4.33750e+03
5.85750e+03 4.36750e+03
5.85750e+03 4.45750e+03
5.85750e+03 4.48750e+03
5.85750e+03 4.51750e+03
5.85750e+03 4.57750e+03
5.85750e+03 4.60750e+03
5.85750e+03 4.63750e+03
5.85750e+03 4.68250e+03
5.85750e+03 4.74250e+03
5.85750e+03 4.89250e+03
1.24500e+03 1.25500e+03
1.80750e+03 2.19250e+03
1.82250e+03 2.20750e+03
1.86750e+03 2.73250e+03
2.37750e+03 2.61250e+03
2.46750e+03 3.58750e+03
2.49750e+03 3.58750e+03
2.57250e+03 3.67750e+03
2.64750e+03 3.78250e+03
2.66250e+03 3.97750e+03
3.30750e+03 3.37750e+03
3.33750e+03 3.34750e+03
3.32250e+03 3.63250e+03
3.71250e+03 3.67750e+03
4.26750e+03 2.37250e+03
5.65500e+03 1.25500e+03
4.85250e+03 2.50750e+03
4.88250e+03 3.49750e+03
4.85250e+03 3.61750e+03
4.40250e+03 4.06750e+03
4.41750e+03 4.05250e+03
4.23750e+03 4.02250e+03
4.26750e+03 4.00750e+03
4.40250e+03 4.00750e+03
4.35750e+03 3.97750e+03
4.41750e+03 3.96250e+03
4.35750e+03 3.94750e+03
4.31250e+03 3.93250e+03
4.25250e+03 3.93250e+03
4.22250e+03 3.90250e+03
4.32750e+03 3.88750e+03
4.29750e+03 3.87250e+03
4.29750e+03 3.84250e+03
4.32750e+03 3.82750e+03
4.20750e+03 3.82750e+03
4.22250e+03 3.76750e+03
4.25250e+03 3.76750e+03
4.35750e+03 3.75250e+03
4.35750e+03 3.72250e+03
4.23750e+03 3.72250e+03
4.26750e+03 3.70750e+03
4.31250e+03 3.69250e+03
4.25250e+03 3.66250e+03
4.31250e+03 3.64750e+03
4.29750e+03 3.63250e+03
4.34250e+03 3.61750e+03
4.22250e+03 3.60250e+03
4.32750e+03 3.58750e+03
4.32750e+03 3.52750e+03
4.38750e+03 3.46750e+03
4.28250e+03 3.46750e+03
4.20750e+03 3.46750e+03
4.34250e+03 3.43750e+03
4.32750e+03 3.42250e+03
4.32750e+03 3.39250e+03
4.34250e+03 3.37750e+03
4.23750e+03 3.36250e+03
4.38750e+03 3.31750e+03
4.31250e+03 3.27250e+03
4.22250e+03 3.25750e+03
4.20750e+03 3.22750e+03
3.69750e+03 3.48250e+03
2.69250e+03 4.66750e+03
2.64750e+03 4.68250e+03
3.06750e+03 4.92250e+03
3.12750e+03 5.04250e+03
3.08250e+03 5.08750e+03
3.00750e+03 5.11750e+03
3.14250e+03 5.22250e+03
2.70750e+03 5.11750e+03
2.69250e+03 5.05750e+03
2.57250e+03 5.02750e+03
2.37750e+03 5.13250e+03
1.47750e+03 4.02250e+03
1.23750e+03 3.99250e+03
1.35750e+03 3.96250e+03
1.41750e+03 3.93250e+03
1.25250e+03 3.93250e+03
1.31250e+03 3.90250e+03
1.28250e+03 3.82750e+03
1.37250e+03 3.82750e+03
1.50750e+03 3.82750e+03
1.26750e+03 3.81250e+03
1.28250e+03 3.79750e+03
1.26750e+03 3.76750e+03
1.43250e+03 3.76750e+03
1.37250e+03 3.73750e+03
1.32750e+03 3.72250e+03
1.26750e+03 3.70750e+03
1.49250e+03 3.66250e+03
1.26750e+03 3.63250e+03
1.35750e+03 3.60250e+03
1.50750e+03 3.58750e+03
1.26750e+03 3.57250e+03
1.38750e+03 3.52750e+03
1.34250e+03 3.51250e+03
1.32750e+03 3.45250e+03
1.34250e+03 3.37750e+03
1.32750e+03 3.31750e+03
1.43250e+03 3.27250e+03
1.46250e+03 3.25750e+03
1.40250e+03 3.22750e+03
1.80750e+03 4.71250e+03
1.82250e+03 4.72750e+03
1.86750e+03 5.25250e+03
1.24500e+03 5.84500e+03
1.04250e+03 2.46250e+03
1.05750e+03 2.46250e+03
1.07250e+03 2.46250e+03
1.08750e+03 2.46250e+03
1.04250e+03 2.47750e+03
1.05750e+03 2.47750e+03
1.07250e+03 2.47750e+03
1.08750e+03 2.47750e+03
1.04250e+03 2.49250e+03
1.05750e+03 2.49250e+03
1.07250e+03 2.49250e+03
1.08750e+03 2.49250e+03
1.04250e+03 2.50750e+03
1.05750e+03 2.50750e+03
1.07250e+03 2.50750e+03
1.08750e+03 2.50750e+03
1.04250e+03 2.52250e+03
1.05750e+03 2.52250e+03
1.07250e+03 2.52250e+03
1.08750e+03 2.52250e+03
1.04250e+03 2.53750e+03
1.05750e+03 2.53750e+03
1.07250e+03 2.53750e+03
1.08750e+03 2.53750e+03
1.04250e+03 2.55250e+03
1.05750e+03 2.55250e+03
1.07250e+03 2.55250e+03
1.08750e+03 2.55250e+03
1.04250e+03 2.56750e+03
1.05750e+03 2.56750e+03
1.07250e+03 2.56750e+03
1.08750e+03 2.56750e+03
1.04250e+03 2.58250e+03
1.05750e+03 2.58250e+03
1.07250e+03 2.58250e+03
1.08750e+03 2.58250e+03
1.04250e+03 2.59750e+03
1.05750e+03 2.59750e+03
1.07250e+03 2.59750e+03
1.08750e+03 2.59750e+03
1.04250e+03 2.61250e+03
1.05750e+03 2.61250e+03
1.07250e+03 2.61250e+03
1.08750e+03 2.61250e+03
1.04250e+03 2.62750e+03
1.05750e+03 2.62750e+03
1.07250e+03 2.62750e+03
1.08750e+03 2.62750e+03
1.04250e+03 2.64250e+03
1.05750e+03 2.64250e+03
1.07250e+03 2.64250e+03
1.08750e+03 2.64250e+03
1.04250e+03 2.65750e+03
1.05750e+03 2.65750e+03
1.07250e+03 2.65750e+03
1.08750e+03 2.65750e+03
1.04250e+03 2.67250e+03
1.05750e+03 2.67250e+03
1.07250e+03 2.67250e+03
1.08750e+03 2.67250e+03
1.04250e+03 2.68750e+03
1.05750e+03 2.68750e+03
1.07250e+03 2.68750e+03
1.08750e+03 2.68750e+03
1.04250e+03 2.70250e+03
1.05750e+03 2.70250e+03
1.07250e+03 2.70250e+03
1.08750e+03 2.70250e+03
1.04250e+03 2.71750e+03
1.05750e+03 2.71750e+03
1.07250e+03 2.71750e+03
1.08750e+03 2.71750e+03
1.04250e+03 2.73250e+03
1.05750e+03 2.73250e+03
1.07250e+03 2.73250e+03
1.08750e+03 2.73250e+03
1.04250e+03 2.74750e+03
1.05750e+03 2.74750e+03
1.07250e+03 2.74750e+03
1.08750e+03 2.74750e+03
1.04250e+03 2.76250e+03
1.05750e+03 2.76250e+03
1.07250e+03 2.76250e+03
1.08750e+03 2.76250e+03
1.04250e+03 2.77750e+03
1.05750e+03 2.77750e+03
1.07250e+03 2.77750e+03
1.08750e+03 2.77750e+03
1.04250e+03 2.79250e+03
1.05750e+03 2.79250e+03
1.07250e+03 2.79250e+03
1.08750e+03 2.79250e+03
1.04250e+03 2.80750e+03
1.05750e+03 2.80750e+03
1.07250e+03 2.80750e+03
1.08750e+03 2.80750e+03
1.04250e+03 4.95250e+03
1.05750e+03 4.95250e+03
1.07250e+03 4.95250e+03
1.08750e+03 4.95250e+03
1.04250e+03 4.96750e+03
1.05750e+03 4.96750e+03
1.07250e+03 4.96750e+03
1.08750e+03 4.96750e+03
1.04250e+03 4.98250e+03
1.05750e+03 4.98250e+03
1.07250e+03 4.98250e+03
1.08750e+03 4.98250e+03
1.04250e+03 4.99750e+03
1.05750e+03 4.99750e+03
1.07250e+03 4.99750e+03
1.08750e+03 4.99750e+03
1.04250e+03 5.01250e+03
1.05750e+03 5.01250e+03
1.07250e+03 5.01250e+03
1.08750e+03 5.01250e+03
1.04250e+03 5.02750e+03
1.05750e+03 5.02750e+03
1.07250e+03 5.02750e+03
1.08750e+03 5.02750e+03
1.04250e+03 5.04250e+03
1.05750e+03 5.04250e+03
1.07250e+03 5.04250e+03
1.08750e+03 5.04250e+03
1.04250e+03 5.05750e+03
1.05750e+03 5.05750e+03
1.07250e+03 5.05750e+03
1.08750e+03 5.05750e+03
1.04250e+03 5.07250e+03
1.05750e+03 5.07250e+03
1.07250e+03 5.07250e+03
1.08750e+03 5.07250e+03
1.04250e+03 5.08750e+03
1.05750e+03 5.08750e+03
1.07250e+03 5.08750e+03
1.08750e+03 5.08750e+03
1.04250e+03 5.10250e+03
1.05750e+03 5.10250e+03
1.07250e+03 5.10250e+03
1.08750e+03 5.10250e+03
1.04250e+03 5.11750e+03
1.05750e+03 5.11750e+03
1.07250e+03 5.11750e+03
1.08750e+03 5.11750e+03
1.04250e+03 5.13250e+03
1.05750e+03 5.13250e+03
1.07250e+03 5.13250e+03
1.08750e+03 5.13250e+03
1.04250e+03 5.14750e+03
1.05750e+03 5.14750e+03
1.07250e+03 5.14750e+03
1.08750e+03 5.14750e+03
1.04250e+03 5.16250e+03
1.05750e+03 5.16250e+03
1.07250e+03 5.16250e+03
1.08750e+03 5.16250e+03
1.04250e+03 5.17750e+03
1.05750e+03 5.17750e+03
1.07250e+03 5.17750e+03
1.08750e+03 5.17750e+03
1.04250e+03 5.19250e+03
1.05750e+03 5.19250e+03
1.07250e+03 5.19250e+03
1.08750e+03 5.19250e+03
1.04250e+03 5.20750e+03
1.05750e+03 5.20750e+03
1.07250e+03 5.20750e+03
1.08750e+03 5.20750e+03
1.04250e+03 5.22250e+03
1.05750e+03 5.22250e+03
1.07250e+03 5.22250e+03
1.08750e+03 5.22250e+03
1.04250e+03 5.23750e+03
1.05750e+03 5.23750e+03
1.07250e+03 5.23750e+03
1.08750e+03 5.23750e+03
1.04250e+03 5.25250e+03
1.05750e+03 5.25250e+03
1.07250e+03 5.25250e+03
1.08750e+03 5.25250e+03
1.04250e+03 5.26750e+03
1.05750e+03 5.26750e+03
1.07250e+03 5.26750e+03
1.08750e+03 5.26750e+03
1.04250e+03 5.28250e+03
1.05750e+03 5.28250e+03
1.07250e+03 5.28250e+03
1.08750e+03 5.28250e+03
1.04250e+03 5.29750e+03
1.05750e+03 5.29750e+03
1.07250e+03 5.29750e+03
1.08750e+03 5.29750e+03
5.81250e+03 2.46250e+03
5.82750e+03 2.46250e+03
5.84250e+03 2.46250e+03
5.85750e+03 2.46250e+03
5.81250e+03 2.47750e+03
5.82750e+03 2.47750e+03
5.84250e+03 2.47750e+03
5.85750e+03 2.47750e+03
5.81250e+03 2.49250e+03
5.82750e+03 2.49250e+03
5.84250e+03 2.49250e+03
5.85750e+03 2.49250e+03
5.81250e+03 2.50750e+03
5.82750e+03 2.50750e+03
5.84250e+03 2.50750e+03
5.85750e+03 2.50750e+03
5.81250e+03 2.52250e+03
5.82750e+03 2.52250e+03
5.84250e+03 2.52250e+03
5.85750e+03 2.52250e+03
5.81250e+03 2.53750e+03
5.82750e+03 2.53750e+03
5.84250e+03 2.53750e+03
5.85750e+03 2.53750e+03
5.81250e+03 2.55250e+03
5.82750e+03 2.55250e+03
5.84250e+03 2.55250e+03
5.85750e+03 2.55250e+03
5.81250e+03 2.56750e+03
