100
3 1817
1782 995
3896 742
1829 812
1286 550
3017 108
2132 1432
2000 1110
3317 1966
1729 1498
2408 1747
3292 152
193 1210
782 1462
2503 352
1697 1924
3821 147
3370 791
3162 367
3938 516
2741 1583
2330 741
3918 1088
1794 1589
2929 485
3453 1998
896 705
399 850
2614 195
2800 653
2630 20
563 1513
1090 1652
2009 1163
3876 1165
3084 774
1526 1612
1612 328
1423 1322
3058 1276
3782 1865
347 252
3904 1444
2191 1579
3220 1454
468 319
3611 1968
3114 1629
3515 1892
3060 155
3140 1401
556 1056
3675 1522
1182 1853
3595 111
962 1895
2030 1186
3507 1851
2642 1269
3438 901
3858 1472
2937 1568
376 1018
839 1355
706 1925
749 920
298 615
694 552
387 190
2801 695
3133 1143
1517 266
1538 224
844 520
2639 1239
3123 217
2489 1520
3834 1827
3417 1808
2938 543
71 1323
3245 1828
731 1741
2312 1270
2426 1851
380 478
2310 635
2830 775
3829 513
3684 445
171 514
627 1261
1490 1123
61 81
422 542
2698 1221
2372 127
177 1390
3084 748
1213 910
