2319
4.60000e+03 5.30000e+03
4.70000e+03 5.20000e+03
4.70000e+03 5.10000e+03
4.80000e+03 5.00000e+03
4.90000e+03 5.10000e+03
4.80000e+03 5.10000e+03
4.70000e+03 5.00000e+03
4.70000e+03 4.90000e+03
4.80000e+03 4.90000e+03
4.80000e+03 4.80000e+03
4.70000e+03 4.80000e+03
4.80000e+03 4.70000e+03
4.70000e+03 4.60000e+03
4.80000e+03 4.60000e+03
4.90000e+03 4.50000e+03
4.80000e+03 4.50000e+03
4.90000e+03 4.40000e+03
4.80000e+03 4.40000e+03
4.70000e+03 4.50000e+03
4.60000e+03 4.30000e+03
4.60000e+03 4.40000e+03
4.70000e+03 4.30000e+03
4.80000e+03 4.30000e+03
4.70000e+03 4.20000e+03
4.90000e+03 4.30000e+03
4.90000e+03 4.20000e+03
5.00000e+03 4.10000e+03
5.10000e+03 4.10000e+03
5.20000e+03 4.10000e+03
5.10000e+03 4.00000e+03
5.00000e+03 4.00000e+03
4.90000e+03 4.10000e+03
4.90000e+03 4.00000e+03
4.80000e+03 4.10000e+03
4.80000e+03 4.20000e+03
4.70000e+03 4.10000e+03
4.60000e+03 4.00000e+03
4.60000e+03 4.10000e+03
4.70000e+03 4.00000e+03
4.80000e+03 4.00000e+03
4.70000e+03 3.90000e+03
4.80000e+03 3.80000e+03
4.90000e+03 3.90000e+03
5.00000e+03 3.80000e+03
5.10000e+03 3.80000e+03
5.10000e+03 3.70000e+03
5.00000e+03 3.70000e+03
4.90000e+03 3.80000e+03
4.80000e+03 3.90000e+03
4.70000e+03 3.80000e+03
4.60000e+03 3.70000e+03
4.60000e+03 3.80000e+03
4.70000e+03 3.70000e+03
4.80000e+03 3.70000e+03
4.70000e+03 3.60000e+03
4.80000e+03 3.50000e+03
4.90000e+03 3.40000e+03
4.80000e+03 3.40000e+03
4.70000e+03 3.50000e+03
4.80000e+03 3.60000e+03
4.90000e+03 3.70000e+03
4.90000e+03 3.60000e+03
4.90000e+03 3.50000e+03
5.00000e+03 3.60000e+03
5.10000e+03 3.50000e+03
5.20000e+03 3.50000e+03
5.30000e+03 3.50000e+03
5.20000e+03 3.60000e+03
5.10000e+03 3.60000e+03
5.00000e+03 3.50000e+03
5.10000e+03 3.40000e+03
5.00000e+03 3.30000e+03
5.10000e+03 3.20000e+03
5.20000e+03 3.20000e+03
5.10000e+03 3.30000e+03
5.20000e+03 3.30000e+03
5.30000e+03 3.40000e+03
5.20000e+03 3.40000e+03
5.30000e+03 3.30000e+03
5.40000e+03 3.20000e+03
5.50000e+03 3.10000e+03
5.40000e+03 3.10000e+03
5.30000e+03 3.20000e+03
5.40000e+03 3.30000e+03
5.50000e+03 3.40000e+03
5.40000e+03 3.40000e+03
5.50000e+03 3.30000e+03
5.50000e+03 3.20000e+03
5.60000e+03 3.10000e+03
5.70000e+03 3.20000e+03
5.80000e+03 3.20000e+03
5.70000e+03 3.10000e+03
5.60000e+03 3.20000e+03
5.60000e+03 3.30000e+03
5.70000e+03 3.40000e+03
5.60000e+03 3.40000e+03
5.70000e+03 3.30000e+03
5.80000e+03 3.40000e+03
5.90000e+03 3.40000e+03
6.00000e+03 3.30000e+03
6.20000e+03 3.10000e+03
6.20000e+03 3.20000e+03
6.20000e+03 3.30000e+03
6.20000e+03 3.40000e+03
6.10000e+03 3.40000e+03
6.00000e+03 3.40000e+03
5.90000e+03 3.30000e+03
5.80000e+03 3.30000e+03
5.90000e+03 3.20000e+03
5.90000e+03 3.10000e+03
6.00000e+03 3.20000e+03
6.10000e+03 3.30000e+03
6.10000e+03 3.20000e+03
6.10000e+03 3.10000e+03
6.20000e+03 3.00000e+03
6.20000e+03 2.90000e+03
6.10000e+03 3.00000e+03
6.00000e+03 2.90000e+03
6.00000e+03 3.00000e+03
6.00000e+03 3.10000e+03
5.90000e+03 3.00000e+03
5.80000e+03 3.10000e+03
5.80000e+03 3.00000e+03
5.70000e+03 3.00000e+03
5.80000e+03 2.90000e+03
5.70000e+03 2.90000e+03
5.60000e+03 2.90000e+03
5.60000e+03 3.00000e+03
5.50000e+03 2.90000e+03
5.50000e+03 3.00000e+03
5.40000e+03 3.00000e+03
5.40000e+03 2.90000e+03
5.30000e+03 2.90000e+03
5.30000e+03 3.00000e+03
5.20000e+03 3.10000e+03
5.20000e+03 3.00000e+03
5.20000e+03 2.90000e+03
5.10000e+03 3.00000e+03
5.10000e+03 3.10000e+03
5.00000e+03 3.20000e+03
4.90000e+03 3.30000e+03
4.90000e+03 3.20000e+03
4.90000e+03 3.10000e+03
5.00000e+03 3.00000e+03
5.00000e+03 2.90000e+03
4.90000e+03 3.00000e+03
4.90000e+03 2.90000e+03
4.90000e+03 2.80000e+03
4.80000e+03 2.90000e+03
4.80000e+03 3.00000e+03
4.80000e+03 3.10000e+03
4.70000e+03 3.10000e+03
4.80000e+03 3.20000e+03
4.70000e+03 3.20000e+03
4.80000e+03 3.30000e+03
4.70000e+03 3.40000e+03
4.70000e+03 3.30000e+03
4.60000e+03 3.40000e+03
4.60000e+03 3.30000e+03
4.60000e+03 3.20000e+03
4.60000e+03 3.10000e+03
4.50000e+03 3.20000e+03
4.50000e+03 3.30000e+03
4.40000e+03 3.30000e+03
4.50000e+03 3.40000e+03
4.60000e+03 3.50000e+03
4.50000e+03 3.50000e+03
4.40000e+03 3.40000e+03
4.30000e+03 3.40000e+03
4.40000e+03 3.50000e+03
4.30000e+03 3.50000e+03
4.40000e+03 3.60000e+03
4.50000e+03 3.60000e+03
4.60000e+03 3.60000e+03
4.50000e+03 3.70000e+03
4.50000e+03 3.80000e+03
4.40000e+03 3.70000e+03
4.30000e+03 3.70000e+03
4.40000e+03 3.80000e+03
4.30000e+03 3.80000e+03
4.40000e+03 3.90000e+03
4.50000e+03 3.90000e+03
4.60000e+03 3.90000e+03
4.50000e+03 4.00000e+03
4.50000e+03 4.10000e+03
4.40000e+03 4.00000e+03
4.30000e+03 4.00000e+03
4.40000e+03 4.10000e+03
4.30000e+03 4.10000e+03
4.40000e+03 4.20000e+03
4.50000e+03 4.20000e+03
4.60000e+03 4.20000e+03
4.50000e+03 4.30000e+03
4.50000e+03 4.40000e+03
4.40000e+03 4.30000e+03
4.30000e+03 4.30000e+03
4.40000e+03 4.40000e+03
4.40000e+03 4.50000e+03
4.50000e+03 4.50000e+03
4.60000e+03 4.50000e+03
4.60000e+03 4.60000e+03
4.50000e+03 4.60000e+03
4.60000e+03 4.70000e+03
4.50000e+03 4.70000e+03
4.40000e+03 4.60000e+03
4.40000e+03 4.70000e+03
4.30000e+03 4.70000e+03
4.40000e+03 4.80000e+03
4.50000e+03 4.80000e+03
4.60000e+03 4.80000e+03
4.60000e+03 4.90000e+03
4.50000e+03 4.90000e+03
4.60000e+03 5.00000e+03
4.50000e+03 5.00000e+03
4.40000e+03 4.90000e+03
4.30000e+03 4.90000e+03
4.40000e+03 5.00000e+03
4.40000e+03 5.10000e+03
4.50000e+03 5.10000e+03
4.60000e+03 5.10000e+03
4.50000e+03 5.20000e+03
4.50000e+03 5.30000e+03
4.40000e+03 5.20000e+03
4.30000e+03 5.20000e+03
4.40000e+03 5.30000e+03
4.30000e+03 5.30000e+03
4.30000e+03 5.40000e+03
4.40000e+03 5.50000e+03
4.50000e+03 5.50000e+03
4.60000e+03 5.40000e+03
4.40000e+03 5.40000e+03
4.30000e+03 5.50000e+03
4.40000e+03 5.60000e+03
4.30000e+03 5.60000e+03
4.40000e+03 5.70000e+03
4.30000e+03 5.80000e+03
4.40000e+03 5.80000e+03
4.50000e+03 5.80000e+03
4.60000e+03 5.80000e+03
4.50000e+03 5.70000e+03
4.50000e+03 5.60000e+03
4.60000e+03 5.50000e+03
4.60000e+03 5.60000e+03
4.70000e+03 5.70000e+03
4.80000e+03 5.80000e+03
4.70000e+03 5.80000e+03
4.60000e+03 5.70000e+03
4.70000e+03 5.60000e+03
4.80000e+03 5.60000e+03
4.90000e+03 5.70000e+03
5.00000e+03 5.80000e+03
4.90000e+03 5.80000e+03
4.80000e+03 5.70000e+03
4.90000e+03 5.60000e+03
5.00000e+03 5.60000e+03
5.10000e+03 5.60000e+03
5.00000e+03 5.70000e+03
5.10000e+03 5.80000e+03
5.20000e+03 5.70000e+03
5.30000e+03 5.60000e+03
5.20000e+03 5.60000e+03
5.10000e+03 5.70000e+03
5.20000e+03 5.80000e+03
5.30000e+03 5.80000e+03
5.30000e+03 5.70000e+03
5.40000e+03 5.80000e+03
5.50000e+03 5.80000e+03
5.40000e+03 5.70000e+03
5.40000e+03 5.60000e+03
5.50000e+03 5.70000e+03
5.50000e+03 5.60000e+03
5.60000e+03 5.60000e+03
5.70000e+03 5.60000e+03
5.60000e+03 5.70000e+03
5.70000e+03 5.80000e+03
5.60000e+03 5.80000e+03
5.70000e+03 5.70000e+03
5.80000e+03 5.80000e+03
5.90000e+03 5.80000e+03
6.00000e+03 5.80000e+03
5.90000e+03 5.70000e+03
5.80000e+03 5.70000e+03
5.80000e+03 5.60000e+03
5.90000e+03 5.60000e+03
6.00000e+03 5.60000e+03
6.10000e+03 5.60000e+03
6.00000e+03 5.70000e+03
6.10000e+03 5.80000e+03
6.20000e+03 5.70000e+03
6.30000e+03 5.60000e+03
6.20000e+03 5.60000e+03
6.10000e+03 5.70000e+03
6.20000e+03 5.80000e+03
6.30000e+03 5.80000e+03
6.30000e+03 5.70000e+03
6.40000e+03 5.80000e+03
6.50000e+03 5.80000e+03
6.40000e+03 5.70000e+03
6.40000e+03 5.60000e+03
6.50000e+03 5.70000e+03
6.50000e+03 5.60000e+03
6.60000e+03 5.60000e+03
6.70000e+03 5.60000e+03
6.60000e+03 5.70000e+03
6.70000e+03 5.80000e+03
6.60000e+03 5.80000e+03
6.70000e+03 5.70000e+03
6.80000e+03 5.80000e+03
6.90000e+03 5.80000e+03
7.00000e+03 5.80000e+03
6.90000e+03 5.70000e+03
6.80000e+03 5.70000e+03
6.80000e+03 5.60000e+03
6.90000e+03 5.60000e+03
7.00000e+03 5.60000e+03
7.10000e+03 5.60000e+03
7.00000e+03 5.70000e+03
7.10000e+03 5.80000e+03
7.20000e+03 5.70000e+03
7.30000e+03 5.70000e+03
7.20000e+03 5.60000e+03
7.10000e+03 5.70000e+03
7.20000e+03 5.80000e+03
7.30000e+03 5.80000e+03
7.30000e+03 5.90000e+03
7.30000e+03 6.00000e+03
7.30000e+03 6.10000e+03
7.40000e+03 6.10000e+03
7.60000e+03 5.60000e+03
7.60000e+03 5.70000e+03
7.60000e+03 5.80000e+03
7.60000e+03 5.90000e+03
7.60000e+03 6.00000e+03
7.60000e+03 6.10000e+03
7.50000e+03 6.10000e+03
7.40000e+03 6.00000e+03
7.50000e+03 6.00000e+03
7.50000e+03 5.90000e+03
7.40000e+03 5.90000e+03
7.50000e+03 5.80000e+03
7.40000e+03 5.80000e+03
7.50000e+03 5.70000e+03
7.40000e+03 5.70000e+03
7.50000e+03 5.60000e+03
7.40000e+03 5.60000e+03
7.30000e+03 5.60000e+03
7.30000e+03 5.50000e+03
7.40000e+03 5.50000e+03
7.50000e+03 5.50000e+03
7.60000e+03 5.40000e+03
7.60000e+03 5.50000e+03
7.50000e+03 5.40000e+03
7.40000e+03 5.40000e+03
7.50000e+03 5.30000e+03
7.40000e+03 5.30000e+03
7.30000e+03 5.40000e+03
7.30000e+03 5.30000e+03
7.30000e+03 5.20000e+03
7.40000e+03 5.20000e+03
7.50000e+03 5.20000e+03
7.60000e+03 5.10000e+03
7.60000e+03 5.20000e+03
7.50000e+03 5.10000e+03
7.50000e+03 5.00000e+03
7.40000e+03 5.00000e+03
7.30000e+03 5.10000e+03
7.30000e+03 5.00000e+03
7.30000e+03 4.90000e+03
7.40000e+03 4.90000e+03
7.50000e+03 4.90000e+03
7.60000e+03 4.80000e+03
7.60000e+03 4.90000e+03
7.50000e+03 4.80000e+03
7.40000e+03 4.80000e+03
7.30000e+03 4.80000e+03
7.40000e+03 4.70000e+03
7.30000e+03 4.60000e+03
7.40000e+03 4.60000e+03
7.50000e+03 4.70000e+03
7.60000e+03 4.60000e+03
7.70000e+03 4.60000e+03
7.60000e+03 4.70000e+03
7.50000e+03 4.60000e+03
7.60000e+03 4.50000e+03
7.70000e+03 4.50000e+03
7.60000e+03 4.40000e+03
7.50000e+03 4.50000e+03
7.40000e+03 4.50000e+03
7.50000e+03 4.40000e+03
7.40000e+03 4.40000e+03
7.30000e+03 4.40000e+03
7.30000e+03 4.30000e+03
7.40000e+03 4.30000e+03
7.50000e+03 4.30000e+03
7.60000e+03 4.20000e+03
7.70000e+03 4.20000e+03
7.60000e+03 4.30000e+03
7.50000e+03 4.20000e+03
7.40000e+03 4.20000e+03
7.50000e+03 4.10000e+03
7.40000e+03 4.10000e+03
7.30000e+03 4.20000e+03
7.30000e+03 4.10000e+03
7.30000e+03 4.00000e+03
7.40000e+03 4.00000e+03
7.50000e+03 4.00000e+03
7.60000e+03 3.90000e+03
7.70000e+03 3.90000e+03
7.60000e+03 4.00000e+03
7.50000e+03 3.90000e+03
7.40000e+03 3.90000e+03
7.50000e+03 3.80000e+03
7.40000e+03 3.80000e+03
7.30000e+03 3.90000e+03
7.30000e+03 3.80000e+03
7.30000e+03 3.70000e+03
7.40000e+03 3.70000e+03
7.50000e+03 3.70000e+03
7.60000e+03 3.60000e+03
7.70000e+03 3.60000e+03
7.60000e+03 3.70000e+03
7.50000e+03 3.60000e+03
7.40000e+03 3.60000e+03
7.50000e+03 3.50000e+03
7.40000e+03 3.50000e+03
7.30000e+03 3.60000e+03
7.30000e+03 3.50000e+03
7.30000e+03 3.40000e+03
7.40000e+03 3.30000e+03
7.50000e+03 3.40000e+03
7.60000e+03 3.30000e+03
7.70000e+03 3.30000e+03
7.60000e+03 3.20000e+03
7.50000e+03 3.30000e+03
7.50000e+03 3.20000e+03
7.40000e+03 3.20000e+03
7.30000e+03 3.30000e+03
7.30000e+03 3.20000e+03
7.30000e+03 3.10000e+03
7.40000e+03 3.10000e+03
7.50000e+03 3.10000e+03
7.60000e+03 3.00000e+03
7.70000e+03 3.00000e+03
7.60000e+03 3.10000e+03
7.50000e+03 3.00000e+03
7.40000e+03 3.00000e+03
7.50000e+03 2.90000e+03
7.40000e+03 2.90000e+03
7.50000e+03 2.80000e+03
7.40000e+03 2.80000e+03
7.30000e+03 2.90000e+03
7.20000e+03 2.80000e+03
7.30000e+03 2.70000e+03
7.20000e+03 2.70000e+03
7.10000e+03 2.80000e+03
7.10000e+03 2.70000e+03
7.00000e+03 2.80000e+03
7.00000e+03 2.70000e+03
7.10000e+03 2.60000e+03
7.00000e+03 2.60000e+03
7.10000e+03 2.50000e+03
7.00000e+03 2.50000e+03
6.90000e+03 2.60000e+03
6.90000e+03 2.70000e+03
6.90000e+03 2.80000e+03
6.80000e+03 2.80000e+03
6.80000e+03 2.70000e+03
6.70000e+03 2.80000e+03
6.70000e+03 2.70000e+03
6.80000e+03 2.60000e+03
6.90000e+03 2.50000e+03
6.80000e+03 2.50000e+03
6.70000e+03 2.60000e+03
6.70000e+03 2.50000e+03
6.80000e+03 2.40000e+03
6.70000e+03 2.40000e+03
6.80000e+03 2.30000e+03
6.70000e+03 2.20000e+03
6.80000e+03 2.10000e+03
6.70000e+03 2.10000e+03
6.80000e+03 2.20000e+03
6.90000e+03 2.10000e+03
7.00000e+03 2.10000e+03
7.10000e+03 2.20000e+03
7.20000e+03 2.10000e+03
7.30000e+03 2.20000e+03
7.40000e+03 2.10000e+03
7.30000e+03 2.10000e+03
7.20000e+03 2.20000e+03
7.10000e+03 2.10000e+03
7.00000e+03 2.20000e+03
6.90000e+03 2.30000e+03
6.90000e+03 2.40000e+03
7.00000e+03 2.30000e+03
7.00000e+03 2.40000e+03
7.10000e+03 2.30000e+03
7.20000e+03 2.30000e+03
7.30000e+03 2.40000e+03
7.20000e+03 2.40000e+03
7.10000e+03 2.40000e+03
7.20000e+03 2.50000e+03
7.20000e+03 2.60000e+03
7.30000e+03 2.50000e+03
7.30000e+03 2.60000e+03
7.40000e+03 2.70000e+03
7.50000e+03 2.70000e+03
7.60000e+03 2.60000e+03
7.60000e+03 2.70000e+03
7.50000e+03 2.60000e+03
7.40000e+03 2.60000e+03
7.50000e+03 2.50000e+03
7.40000e+03 2.50000e+03
7.50000e+03 2.40000e+03
7.40000e+03 2.40000e+03
7.50000e+03 2.30000e+03
7.40000e+03 2.30000e+03
7.30000e+03 2.30000e+03
7.40000e+03 2.20000e+03
7.50000e+03 2.20000e+03
7.50000e+03 2.10000e+03
7.60000e+03 2.10000e+03
7.70000e+03 2.10000e+03
7.60000e+03 2.20000e+03
7.60000e+03 2.30000e+03
7.70000e+03 2.20000e+03
7.90000e+03 2.20000e+03
8.00000e+03 2.10000e+03
8.10000e+03 2.20000e+03
8.40000e+03 1.90000e+03
8.30000e+03 2.20000e+03
8.40000e+03 2.10000e+03
8.40000e+03 2.20000e+03
8.30000e+03 2.10000e+03
8.20000e+03 2.20000e+03
8.10000e+03 2.10000e+03
8.00000e+03 2.20000e+03
7.90000e+03 2.10000e+03
7.80000e+03 2.20000e+03
7.90000e+03 2.30000e+03
8.00000e+03 2.30000e+03
8.10000e+03 2.30000e+03
8.00000e+03 2.40000e+03
7.90000e+03 2.40000e+03
7.80000e+03 2.30000e+03
7.70000e+03 2.30000e+03
7.80000e+03 2.40000e+03
7.90000e+03 2.50000e+03
7.90000e+03 2.60000e+03
7.80000e+03 2.50000e+03
7.70000e+03 2.50000e+03
7.70000e+03 2.40000e+03
7.60000e+03 2.40000e+03
7.60000e+03 2.50000e+03
7.70000e+03 2.60000e+03
7.80000e+03 2.60000e+03
7.90000e+03 2.70000e+03
8.00000e+03 2.70000e+03
7.90000e+03 2.80000e+03
7.80000e+03 2.70000e+03
7.80000e+03 2.80000e+03
7.70000e+03 2.80000e+03
7.70000e+03 2.70000e+03
7.60000e+03 2.80000e+03
7.60000e+03 2.90000e+03
7.70000e+03 2.90000e+03
7.80000e+03 2.90000e+03
7.90000e+03 3.00000e+03
8.00000e+03 3.00000e+03
7.90000e+03 2.90000e+03
7.80000e+03 3.00000e+03
7.90000e+03 3.10000e+03
7.90000e+03 3.20000e+03
7.80000e+03 3.10000e+03
7.70000e+03 3.10000e+03
7.80000e+03 3.20000e+03
7.90000e+03 3.30000e+03
7.90000e+03 3.40000e+03
7.80000e+03 3.30000e+03
7.70000e+03 3.40000e+03
7.60000e+03 3.50000e+03
7.70000e+03 3.50000e+03
7.80000e+03 3.50000e+03
7.90000e+03 3.60000e+03
8.00000e+03 3.60000e+03
7.90000e+03 3.50000e+03
7.80000e+03 3.60000e+03
7.90000e+03 3.70000e+03
7.90000e+03 3.80000e+03
7.80000e+03 3.70000e+03
7.70000e+03 3.70000e+03
7.60000e+03 3.80000e+03
7.70000e+03 3.80000e+03
7.80000e+03 3.80000e+03
7.90000e+03 3.90000e+03
7.90000e+03 4.00000e+03
7.80000e+03 3.90000e+03
7.80000e+03 4.00000e+03
7.70000e+03 4.00000e+03
7.60000e+03 4.10000e+03
7.70000e+03 4.10000e+03
7.80000e+03 4.10000e+03
7.90000e+03 4.10000e+03
7.80000e+03 4.20000e+03
7.90000e+03 4.20000e+03
7.80000e+03 4.30000e+03
7.70000e+03 4.40000e+03
8.00000e+03 4.50000e+03
8.10000e+03 4.60000e+03
8.20000e+03 4.70000e+03
8.10000e+03 4.70000e+03
8.00000e+03 4.60000e+03
8.00000e+03 4.70000e+03
7.90000e+03 4.70000e+03
7.90000e+03 4.60000e+03
7.80000e+03 4.50000e+03
7.80000e+03 4.40000e+03
7.90000e+03 4.50000e+03
7.90000e+03 4.40000e+03
7.90000e+03 4.30000e+03
8.00000e+03 4.40000e+03
8.10000e+03 4.50000e+03
8.20000e+03 4.40000e+03
8.30000e+03 4.50000e+03
8.20000e+03 4.50000e+03
8.10000e+03 4.40000e+03
8.20000e+03 4.30000e+03
8.30000e+03 4.20000e+03
8.20000e+03 4.20000e+03
8.10000e+03 4.30000e+03
8.00000e+03 4.20000e+03
8.10000e+03 4.10000e+03
8.20000e+03 4.00000e+03
8.20000e+03 4.10000e+03
8.10000e+03 4.20000e+03
8.00000e+03 4.10000e+03
8.00000e+03 4.00000e+03
8.00000e+03 3.90000e+03
8.10000e+03 3.80000e+03
8.20000e+03 3.70000e+03
8.20000e+03 3.80000e+03
8.30000e+03 3.90000e+03
8.20000e+03 3.90000e+03
8.10000e+03 3.90000e+03
8.00000e+03 3.80000e+03
8.10000e+03 3.70000e+03
8.00000e+03 3.70000e+03
8.10000e+03 3.60000e+03
8.20000e+03 3.50000e+03
8.30000e+03 3.60000e+03
8.20000e+03 3.60000e+03
8.10000e+03 3.50000e+03
8.00000e+03 3.50000e+03
8.00000e+03 3.40000e+03
8.10000e+03 3.30000e+03
8.20000e+03 3.30000e+03
8.30000e+03 3.30000e+03
8.20000e+03 3.40000e+03
8.10000e+03 3.40000e+03
8.00000e+03 3.30000e+03
8.10000e+03 3.20000e+03
8.00000e+03 3.10000e+03
8.10000e+03 3.10000e+03
8.20000e+03 3.10000e+03
8.20000e+03 3.00000e+03
8.30000e+03 3.00000e+03
8.20000e+03 2.90000e+03
8.20000e+03 2.80000e+03
8.10000e+03 2.90000e+03
8.10000e+03 2.80000e+03
8.00000e+03 2.80000e+03
8.10000e+03 2.70000e+03
8.20000e+03 2.60000e+03
8.30000e+03 2.70000e+03
8.20000e+03 2.70000e+03
8.10000e+03 2.60000e+03
8.00000e+03 2.60000e+03
8.10000e+03 2.50000e+03
8.00000e+03 2.50000e+03
8.10000e+03 2.40000e+03
8.20000e+03 2.30000e+03
8.30000e+03 2.30000e+03
8.40000e+03 2.30000e+03
8.40000e+03 2.40000e+03
8.30000e+03 2.40000e+03
8.20000e+03 2.40000e+03
8.20000e+03 2.50000e+03
8.30000e+03 2.50000e+03
8.40000e+03 2.50000e+03
8.40000e+03 2.60000e+03
8.30000e+03 2.60000e+03
8.40000e+03 2.70000e+03
8.40000e+03 2.80000e+03
8.30000e+03 2.80000e+03
8.40000e+03 2.90000e+03
8.30000e+03 2.90000e+03
8.40000e+03 3.00000e+03
8.40000e+03 3.10000e+03
8.30000e+03 3.10000e+03
8.40000e+03 3.20000e+03
8.30000e+03 3.20000e+03
8.40000e+03 3.30000e+03
8.50000e+03 3.20000e+03
8.60000e+03 2.30000e+03
8.60000e+03 2.40000e+03
8.60000e+03 2.50000e+03
8.60000e+03 2.60000e+03
8.60000e+03 2.70000e+03
8.60000e+03 2.80000e+03
8.60000e+03 2.90000e+03
8.60000e+03 3.00000e+03
8.60000e+03 3.10000e+03
8.60000e+03 3.20000e+03
8.60000e+03 3.30000e+03
8.60000e+03 3.40000e+03
8.50000e+03 3.30000e+03
8.40000e+03 3.40000e+03
8.30000e+03 3.40000e+03
8.40000e+03 3.50000e+03
8.30000e+03 3.50000e+03
8.40000e+03 3.60000e+03
8.40000e+03 3.70000e+03
8.30000e+03 3.70000e+03
8.40000e+03 3.80000e+03
8.30000e+03 3.80000e+03
8.40000e+03 3.90000e+03
8.40000e+03 4.00000e+03
8.30000e+03 4.00000e+03
8.40000e+03 4.10000e+03
8.30000e+03 4.10000e+03
8.40000e+03 4.20000e+03
8.50000e+03 4.30000e+03
8.60000e+03 3.50000e+03
8.60000e+03 3.60000e+03
8.60000e+03 3.70000e+03
8.60000e+03 3.80000e+03
8.60000e+03 3.90000e+03
8.60000e+03 4.00000e+03
8.60000e+03 4.10000e+03
8.60000e+03 4.20000e+03
8.60000e+03 4.30000e+03
8.60000e+03 4.40000e+03
8.60000e+03 4.50000e+03
8.50000e+03 4.40000e+03
8.40000e+03 4.30000e+03
8.30000e+03 4.30000e+03
8.40000e+03 4.40000e+03
8.30000e+03 4.40000e+03
8.40000e+03 4.50000e+03
8.40000e+03 4.60000e+03
8.30000e+03 4.60000e+03
8.40000e+03 4.70000e+03
8.30000e+03 4.70000e+03
8.30000e+03 4.80000e+03
8.40000e+03 4.90000e+03
8.40000e+03 4.80000e+03
8.30000e+03 4.90000e+03
8.40000e+03 5.00000e+03
8.30000e+03 5.00000e+03
8.30000e+03 5.10000e+03
8.40000e+03 5.20000e+03
8.40000e+03 5.10000e+03
8.30000e+03 5.20000e+03
8.40000e+03 5.30000e+03
8.40000e+03 5.40000e+03
8.50000e+03 5.40000e+03
8.60000e+03 4.60000e+03
8.60000e+03 4.70000e+03
8.60000e+03 4.80000e+03
8.60000e+03 4.90000e+03
8.60000e+03 5.00000e+03
8.60000e+03 5.10000e+03
8.60000e+03 5.20000e+03
8.60000e+03 5.30000e+03
8.60000e+03 5.40000e+03
8.60000e+03 5.50000e+03
8.50000e+03 5.50000e+03
8.60000e+03 5.60000e+03
8.50000e+03 5.60000e+03
8.40000e+03 5.50000e+03
8.30000e+03 5.40000e+03
8.30000e+03 5.30000e+03
8.20000e+03 5.20000e+03
8.20000e+03 5.30000e+03
8.20000e+03 5.40000e+03
8.20000e+03 5.50000e+03
8.20000e+03 5.60000e+03
8.30000e+03 5.50000e+03
8.40000e+03 5.60000e+03
8.30000e+03 5.60000e+03
8.30000e+03 5.70000e+03
8.40000e+03 5.80000e+03
8.50000e+03 5.90000e+03
8.60000e+03 5.80000e+03
8.60000e+03 5.90000e+03
8.50000e+03 5.80000e+03
8.60000e+03 5.70000e+03
8.40000e+03 5.70000e+03
8.30000e+03 5.80000e+03
8.40000e+03 5.90000e+03
8.40000e+03 6.00000e+03
8.50000e+03 6.10000e+03
8.60000e+03 6.00000e+03
8.60000e+03 6.10000e+03
8.60000e+03 6.20000e+03
8.50000e+03 6.20000e+03
8.40000e+03 6.10000e+03
8.30000e+03 6.00000e+03
8.30000e+03 5.90000e+03
8.20000e+03 5.80000e+03
8.20000e+03 5.90000e+03
8.20000e+03 6.00000e+03
8.20000e+03 6.10000e+03
8.20000e+03 6.20000e+03
8.30000e+03 6.10000e+03
8.40000e+03 6.20000e+03
8.30000e+03 6.20000e+03
8.30000e+03 6.30000e+03
8.40000e+03 6.30000e+03
8.60000e+03 6.30000e+03
8.60000e+03 6.40000e+03
8.50000e+03 6.40000e+03
8.40000e+03 6.40000e+03
8.30000e+03 6.50000e+03
8.30000e+03 6.60000e+03
8.40000e+03 6.80000e+03
8.40000e+03 6.60000e+03
8.40000e+03 6.50000e+03
8.30000e+03 6.40000e+03
8.20000e+03 6.30000e+03
8.20000e+03 6.40000e+03
8.20000e+03 6.50000e+03
8.20000e+03 6.60000e+03
8.10000e+03 6.50000e+03
8.00000e+03 6.60000e+03
8.00000e+03 6.50000e+03
8.10000e+03 6.40000e+03
8.00000e+03 6.40000e+03
8.00000e+03 6.30000e+03
8.10000e+03 6.20000e+03
8.00000e+03 6.20000e+03
8.10000e+03 6.30000e+03
7.90000e+03 6.50000e+03
7.90000e+03 6.40000e+03
7.90000e+03 6.30000e+03
7.90000e+03 6.20000e+03
7.90000e+03 6.10000e+03
8.00000e+03 6.10000e+03
8.10000e+03 6.10000e+03
8.10000e+03 6.00000e+03
8.10000e+03 5.90000e+03
8.00000e+03 5.90000e+03
8.00000e+03 6.00000e+03
7.90000e+03 6.00000e+03
7.90000e+03 5.90000e+03
7.90000e+03 5.80000e+03
8.00000e+03 5.80000e+03
8.10000e+03 5.80000e+03
8.10000e+03 5.70000e+03
8.00000e+03 5.70000e+03
8.10000e+03 5.60000e+03
8.00000e+03 5.60000e+03
7.90000e+03 5.70000e+03
7.90000e+03 5.60000e+03
7.90000e+03 5.50000e+03
8.00000e+03 5.50000e+03
8.10000e+03 5.50000e+03
8.10000e+03 5.40000e+03
8.10000e+03 5.30000e+03
8.00000e+03 5.30000e+03
8.00000e+03 5.40000e+03
7.90000e+03 5.30000e+03
7.90000e+03 5.20000e+03
8.00000e+03 5.20000e+03
8.10000e+03 5.20000e+03
8.20000e+03 5.10000e+03
8.20000e+03 5.00000e+03
8.10000e+03 5.10000e+03
8.10000e+03 5.00000e+03
8.00000e+03 5.00000e+03
8.00000e+03 5.10000e+03
7.90000e+03 5.10000e+03
7.90000e+03 5.00000e+03
8.00000e+03 4.90000e+03
8.10000e+03 4.90000e+03
8.20000e+03 4.80000e+03
8.20000e+03 4.90000e+03
8.10000e+03 4.80000e+03
8.00000e+03 4.80000e+03
7.90000e+03 4.80000e+03
7.90000e+03 4.90000e+03
7.80000e+03 5.00000e+03
7.80000e+03 4.90000e+03
7.70000e+03 4.80000e+03
7.80000e+03 4.70000e+03
7.70000e+03 4.70000e+03
7.80000e+03 4.80000e+03
7.70000e+03 4.90000e+03
7.60000e+03 5.00000e+03
7.70000e+03 5.10000e+03
7.70000e+03 5.00000e+03
7.80000e+03 5.10000e+03
7.80000e+03 5.20000e+03
7.70000e+03 5.20000e+03
7.60000e+03 5.30000e+03
7.70000e+03 5.40000e+03
7.80000e+03 5.30000e+03
7.70000e+03 5.30000e+03
7.80000e+03 5.40000e+03
7.90000e+03 5.40000e+03
7.80000e+03 5.50000e+03
7.80000e+03 5.60000e+03
7.70000e+03 5.60000e+03
7.70000e+03 5.70000e+03
7.80000e+03 5.80000e+03
7.70000e+03 5.80000e+03
7.80000e+03 5.90000e+03
7.70000e+03 5.90000e+03
7.70000e+03 6.00000e+03
7.80000e+03 6.10000e+03
7.80000e+03 6.00000e+03
7.70000e+03 6.10000e+03
7.60000e+03 6.20000e+03
7.70000e+03 6.30000e+03
7.80000e+03 6.20000e+03
7.70000e+03 6.20000e+03
7.80000e+03 6.30000e+03
7.80000e+03 6.40000e+03
7.70000e+03 6.40000e+03
7.80000e+03 6.50000e+03
7.90000e+03 6.60000e+03
7.80000e+03 6.60000e+03
7.70000e+03 6.50000e+03
7.60000e+03 6.40000e+03
7.60000e+03 6.30000e+03
7.50000e+03 6.20000e+03
7.50000e+03 6.30000e+03
7.40000e+03 6.20000e+03
7.40000e+03 6.30000e+03
7.50000e+03 6.40000e+03
7.60000e+03 6.60000e+03
7.50000e+03 6.50000e+03
7.40000e+03 6.40000e+03
7.30000e+03 6.40000e+03
7.40000e+03 6.50000e+03
7.50000e+03 6.60000e+03
7.40000e+03 6.60000e+03
7.30000e+03 6.60000e+03
7.20000e+03 6.60000e+03
7.20000e+03 6.50000e+03
7.20000e+03 6.40000e+03
7.30000e+03 6.30000e+03
7.20000e+03 6.30000e+03
7.10000e+03 6.40000e+03
7.10000e+03 6.30000e+03
7.20000e+03 6.20000e+03
7.10000e+03 6.20000e+03
7.00000e+03 6.20000e+03
7.00000e+03 6.30000e+03
7.00000e+03 6.40000e+03
7.00000e+03 6.50000e+03
7.10000e+03 6.50000e+03
7.10000e+03 6.60000e+03
7.00000e+03 6.60000e+03
6.90000e+03 6.60000e+03
6.90000e+03 6.50000e+03
6.80000e+03 6.60000e+03
6.80000e+03 6.50000e+03
6.70000e+03 6.60000e+03
6.70000e+03 6.50000e+03
6.60000e+03 6.50000e+03
6.60000e+03 6.60000e+03
6.50000e+03 6.60000e+03
6.50000e+03 6.50000e+03
6.40000e+03 6.50000e+03
6.40000e+03 6.60000e+03
6.30000e+03 6.60000e+03
6.30000e+03 6.50000e+03
6.20000e+03 6.50000e+03
6.20000e+03 6.60000e+03
6.10000e+03 6.50000e+03
6.10000e+03 6.60000e+03
6.00000e+03 6.50000e+03
6.00000e+03 6.60000e+03
5.90000e+03 6.60000e+03
5.90000e+03 6.50000e+03
5.80000e+03 6.60000e+03
5.80000e+03 6.50000e+03
5.70000e+03 6.60000e+03
5.70000e+03 6.50000e+03
5.60000e+03 6.50000e+03
5.60000e+03 6.60000e+03
5.50000e+03 6.60000e+03
5.50000e+03 6.50000e+03
5.40000e+03 6.50000e+03
5.40000e+03 6.60000e+03
5.30000e+03 6.60000e+03
5.30000e+03 6.50000e+03
5.20000e+03 6.50000e+03
5.20000e+03 6.60000e+03
5.10000e+03 6.50000e+03
5.10000e+03 6.60000e+03
5.00000e+03 6.50000e+03
5.00000e+03 6.60000e+03
4.90000e+03 6.60000e+03
4.90000e+03 6.50000e+03
4.80000e+03 6.60000e+03
4.80000e+03 6.50000e+03
4.70000e+03 6.60000e+03
4.70000e+03 6.50000e+03
4.60000e+03 6.50000e+03
4.60000e+03 6.60000e+03
4.50000e+03 6.60000e+03
4.40000e+03 6.50000e+03
4.40000e+03 6.60000e+03
4.30000e+03 6.60000e+03
4.30000e+03 6.50000e+03
4.20000e+03 6.50000e+03
4.20000e+03 6.60000e+03
4.10000e+03 6.50000e+03
4.10000e+03 6.60000e+03
4.00000e+03 6.50000e+03
4.00000e+03 6.60000e+03
3.90000e+03 6.60000e+03
3.90000e+03 6.50000e+03
3.90000e+03 6.40000e+03
3.80000e+03 6.40000e+03
3.90000e+03 6.30000e+03
3.90000e+03 6.20000e+03
3.80000e+03 6.30000e+03
3.70000e+03 6.40000e+03
3.70000e+03 6.30000e+03
3.80000e+03 6.20000e+03
3.70000e+03 6.20000e+03
3.60000e+03 6.10000e+03
3.60000e+03 6.20000e+03
3.60000e+03 6.30000e+03
3.60000e+03 6.40000e+03
3.60000e+03 6.50000e+03
3.70000e+03 6.50000e+03
3.80000e+03 6.50000e+03
3.70000e+03 6.60000e+03
3.70000e+03 6.80000e+03
3.60000e+03 6.60000e+03
3.50000e+03 6.50000e+03
3.50000e+03 6.60000e+03
3.40000e+03 6.60000e+03
3.40000e+03 6.50000e+03
3.30000e+03 6.40000e+03
3.40000e+03 6.40000e+03
3.50000e+03 6.30000e+03
3.40000e+03 6.30000e+03
3.50000e+03 6.20000e+03
3.40000e+03 6.20000e+03
3.30000e+03 6.30000e+03
3.30000e+03 6.20000e+03
3.30000e+03 6.10000e+03
3.30000e+03 6.00000e+03
3.40000e+03 6.10000e+03
3.40000e+03 6.00000e+03
3.50000e+03 6.00000e+03
3.60000e+03 5.90000e+03
3.60000e+03 6.00000e+03
3.50000e+03 5.90000e+03
3.40000e+03 5.90000e+03
3.30000e+03 5.80000e+03
3.40000e+03 5.80000e+03
3.50000e+03 5.80000e+03
3.40000e+03 5.70000e+03
3.40000e+03 5.60000e+03
3.30000e+03 5.70000e+03
3.30000e+03 5.60000e+03
3.30000e+03 5.50000e+03
3.40000e+03 5.50000e+03
3.50000e+03 5.50000e+03
3.60000e+03 5.40000e+03
3.60000e+03 5.50000e+03
3.50000e+03 5.40000e+03
3.40000e+03 5.40000e+03
3.50000e+03 5.30000e+03
3.40000e+03 5.30000e+03
3.30000e+03 5.40000e+03
3.30000e+03 5.30000e+03
3.30000e+03 5.20000e+03
3.40000e+03 5.20000e+03
3.50000e+03 5.20000e+03
3.60000e+03 5.10000e+03
3.70000e+03 5.10000e+03
3.60000e+03 5.20000e+03
3.50000e+03 5.10000e+03
3.40000e+03 5.10000e+03
3.40000e+03 5.00000e+03
3.30000e+03 5.10000e+03
3.30000e+03 5.00000e+03
3.40000e+03 4.90000e+03
3.50000e+03 4.90000e+03
3.40000e+03 4.80000e+03
3.40000e+03 4.70000e+03
3.30000e+03 4.80000e+03
3.30000e+03 4.70000e+03
3.30000e+03 4.60000e+03
3.40000e+03 4.60000e+03
3.50000e+03 4.60000e+03
3.40000e+03 4.50000e+03
3.50000e+03 4.40000e+03
3.40000e+03 4.40000e+03
3.30000e+03 4.50000e+03
3.30000e+03 4.40000e+03
3.40000e+03 4.30000e+03
3.60000e+03 4.10000e+03
3.70000e+03 4.20000e+03
3.60000e+03 4.20000e+03
3.50000e+03 4.20000e+03
3.40000e+03 4.20000e+03
3.40000e+03 4.10000e+03
3.30000e+03 4.20000e+03
3.30000e+03 4.10000e+03
3.30000e+03 4.00000e+03
3.40000e+03 4.00000e+03
3.40000e+03 3.90000e+03
3.50000e+03 3.80000e+03
3.40000e+03 3.80000e+03
3.30000e+03 3.90000e+03
3.30000e+03 3.80000e+03
3.30000e+03 3.70000e+03
3.40000e+03 3.70000e+03
3.40000e+03 3.60000e+03
3.30000e+03 3.60000e+03
3.40000e+03 3.50000e+03
3.30000e+03 3.40000e+03
3.40000e+03 3.40000e+03
3.50000e+03 3.40000e+03
3.40000e+03 3.30000e+03
3.50000e+03 3.20000e+03
3.40000e+03 3.20000e+03
3.30000e+03 3.30000e+03
3.30000e+03 3.20000e+03
3.30000e+03 3.10000e+03
3.40000e+03 3.10000e+03
3.50000e+03 3.00000e+03
3.40000e+03 3.00000e+03
3.30000e+03 3.00000e+03
3.40000e+03 2.90000e+03
3.30000e+03 2.80000e+03
3.40000e+03 2.80000e+03
3.50000e+03 2.80000e+03
3.70000e+03 2.70000e+03
3.80000e+03 2.60000e+03
3.90000e+03 2.50000e+03
3.80000e+03 2.50000e+03
3.70000e+03 2.60000e+03
3.60000e+03 2.60000e+03
3.60000e+03 2.70000e+03
3.60000e+03 2.80000e+03
3.50000e+03 2.70000e+03
3.40000e+03 2.70000e+03
3.50000e+03 2.60000e+03
3.40000e+03 2.60000e+03
3.30000e+03 2.70000e+03
3.30000e+03 2.60000e+03
3.30000e+03 2.50000e+03
3.40000e+03 2.50000e+03
3.50000e+03 2.50000e+03
3.60000e+03 2.40000e+03
3.70000e+03 2.50000e+03
3.70000e+03 2.40000e+03
3.60000e+03 2.50000e+03
3.40000e+03 2.40000e+03
3.30000e+03 2.40000e+03
3.30000e+03 2.30000e+03
3.40000e+03 2.30000e+03
3.50000e+03 2.30000e+03
3.40000e+03 2.20000e+03
3.40000e+03 2.10000e+03
3.70000e+03 1.90000e+03
3.50000e+03 2.10000e+03
3.50000e+03 2.20000e+03
3.60000e+03 2.10000e+03
3.70000e+03 2.10000e+03
3.60000e+03 2.20000e+03
3.60000e+03 2.30000e+03
3.70000e+03 2.20000e+03
3.80000e+03 2.10000e+03
3.90000e+03 2.20000e+03
4.00000e+03 2.10000e+03
3.90000e+03 2.10000e+03
3.80000e+03 2.20000e+03
3.80000e+03 2.30000e+03
3.70000e+03 2.30000e+03
3.80000e+03 2.40000e+03
3.90000e+03 2.40000e+03
4.00000e+03 2.40000e+03
3.90000e+03 2.30000e+03
4.00000e+03 2.30000e+03
4.10000e+03 2.30000e+03
4.00000e+03 2.20000e+03
4.10000e+03 2.10000e+03
4.10000e+03 2.20000e+03
4.20000e+03 2.10000e+03
4.30000e+03 2.20000e+03
4.40000e+03 2.10000e+03
4.30000e+03 2.10000e+03
4.20000e+03 2.20000e+03
4.20000e+03 2.30000e+03
4.20000e+03 2.40000e+03
4.30000e+03 2.30000e+03
4.40000e+03 2.30000e+03
4.50000e+03 2.20000e+03
4.40000e+03 2.20000e+03
4.50000e+03 2.10000e+03
4.60000e+03 2.10000e+03
4.60000e+03 2.20000e+03
4.70000e+03 2.30000e+03
4.60000e+03 2.30000e+03
4.70000e+03 2.20000e+03
4.80000e+03 2.30000e+03
4.90000e+03 2.30000e+03
5.00000e+03 2.30000e+03
4.90000e+03 2.20000e+03
4.80000e+03 2.20000e+03
4.80000e+03 2.10000e+03
4.90000e+03 2.10000e+03
5.00000e+03 2.10000e+03
5.00000e+03 2.20000e+03
5.10000e+03 2.10000e+03
5.10000e+03 2.20000e+03
5.20000e+03 2.10000e+03
5.30000e+03 2.20000e+03
5.40000e+03 2.10000e+03
5.30000e+03 2.10000e+03
5.20000e+03 2.20000e+03
5.20000e+03 2.30000e+03
5.10000e+03 2.30000e+03
5.20000e+03 2.40000e+03
5.30000e+03 2.30000e+03
5.40000e+03 2.30000e+03
5.50000e+03 2.20000e+03
5.40000e+03 2.20000e+03
5.50000e+03 2.10000e+03
5.60000e+03 2.10000e+03
5.70000e+03 2.10000e+03
5.60000e+03 2.20000e+03
5.70000e+03 2.30000e+03
5.60000e+03 2.30000e+03
5.70000e+03 2.20000e+03
5.80000e+03 2.30000e+03
5.90000e+03 2.20000e+03
5.80000e+03 2.20000e+03
5.80000e+03 2.10000e+03
5.90000e+03 2.10000e+03
6.00000e+03 2.10000e+03
6.00000e+03 2.20000e+03
6.10000e+03 2.10000e+03
6.10000e+03 2.20000e+03
6.20000e+03 2.10000e+03
6.30000e+03 2.20000e+03
6.40000e+03 2.10000e+03
6.30000e+03 2.10000e+03
6.20000e+03 2.20000e+03
6.20000e+03 2.30000e+03
6.30000e+03 2.40000e+03
6.20000e+03 2.40000e+03
6.40000e+03 2.20000e+03
6.60000e+03 2.10000e+03
6.60000e+03 2.20000e+03
6.50000e+03 2.10000e+03
6.50000e+03 2.20000e+03
6.40000e+03 2.30000e+03
6.40000e+03 2.40000e+03
6.50000e+03 2.40000e+03
6.60000e+03 2.30000e+03
6.60000e+03 2.40000e+03
6.60000e+03 2.50000e+03
6.50000e+03 2.50000e+03
6.60000e+03 2.60000e+03
6.50000e+03 2.60000e+03
6.40000e+03 2.50000e+03
6.30000e+03 2.60000e+03
6.30000e+03 2.70000e+03
6.30000e+03 2.80000e+03
6.40000e+03 2.80000e+03
6.60000e+03 2.70000e+03
6.60000e+03 2.80000e+03
6.50000e+03 2.80000e+03
6.40000e+03 2.70000e+03
6.50000e+03 2.70000e+03
6.40000e+03 2.60000e+03
6.30000e+03 2.50000e+03
6.20000e+03 2.50000e+03
6.10000e+03 2.50000e+03
6.10000e+03 2.40000e+03
6.00000e+03 2.30000e+03
6.00000e+03 2.40000e+03
6.00000e+03 2.50000e+03
5.90000e+03 2.50000e+03
5.90000e+03 2.40000e+03
5.80000e+03 2.50000e+03
5.80000e+03 2.40000e+03
5.70000e+03 2.50000e+03
5.70000e+03 2.40000e+03
5.60000e+03 2.50000e+03
5.60000e+03 2.40000e+03
5.50000e+03 2.30000e+03
5.50000e+03 2.40000e+03
5.40000e+03 2.40000e+03
5.50000e+03 2.50000e+03
5.40000e+03 2.50000e+03
5.30000e+03 2.50000e+03
5.30000e+03 2.40000e+03
5.20000e+03 2.50000e+03
5.10000e+03 2.50000e+03
5.10000e+03 2.40000e+03
5.00000e+03 2.40000e+03
5.00000e+03 2.50000e+03
4.90000e+03 2.50000e+03
4.90000e+03 2.40000e+03
4.80000e+03 2.50000e+03
4.80000e+03 2.40000e+03
4.70000e+03 2.50000e+03
4.70000e+03 2.40000e+03
4.60000e+03 2.50000e+03
4.60000e+03 2.40000e+03
4.50000e+03 2.30000e+03
4.50000e+03 2.40000e+03
4.40000e+03 2.40000e+03
4.50000e+03 2.50000e+03
4.40000e+03 2.50000e+03
4.30000e+03 2.50000e+03
4.30000e+03 2.40000e+03
4.20000e+03 2.50000e+03
4.10000e+03 2.60000e+03
4.10000e+03 2.50000e+03
4.10000e+03 2.40000e+03
4.00000e+03 2.50000e+03
4.00000e+03 2.60000e+03
3.90000e+03 2.60000e+03
4.00000e+03 2.70000e+03
3.90000e+03 2.70000e+03
3.90000e+03 2.80000e+03
3.80000e+03 2.70000e+03
3.80000e+03 2.80000e+03
3.70000e+03 2.80000e+03
3.60000e+03 2.90000e+03
3.70000e+03 2.90000e+03
3.80000e+03 2.90000e+03
3.90000e+03 2.90000e+03
3.80000e+03 3.00000e+03
3.70000e+03 3.00000e+03
3.80000e+03 3.10000e+03
3.70000e+03 3.10000e+03
3.60000e+03 3.00000e+03
3.60000e+03 3.10000e+03
3.60000e+03 3.20000e+03
3.70000e+03 3.30000e+03
3.80000e+03 3.40000e+03
3.80000e+03 3.30000e+03
3.70000e+03 3.40000e+03
3.60000e+03 3.30000e+03
3.60000e+03 3.40000e+03
3.60000e+03 3.50000e+03
3.70000e+03 3.60000e+03
3.80000e+03 3.60000e+03
3.90000e+03 3.60000e+03
3.90000e+03 3.70000e+03
3.80000e+03 3.70000e+03
3.70000e+03 3.80000e+03
3.80000e+03 3.90000e+03
3.90000e+03 3.90000e+03
3.80000e+03 3.80000e+03
3.60000e+03 3.60000e+03
3.60000e+03 3.70000e+03
3.60000e+03 3.80000e+03
3.60000e+03 3.90000e+03
3.60000e+03 4.00000e+03
3.80000e+03 4.10000e+03
3.90000e+03 4.10000e+03
3.80000e+03 4.20000e+03
3.90000e+03 4.20000e+03
4.00000e+03 4.20000e+03
3.90000e+03 4.30000e+03
3.80000e+03 4.40000e+03
3.70000e+03 4.50000e+03
3.80000e+03 4.60000e+03
3.70000e+03 4.60000e+03
3.80000e+03 4.50000e+03
3.60000e+03 4.30000e+03
3.60000e+03 4.40000e+03
3.60000e+03 4.50000e+03
3.60000e+03 4.60000e+03
3.60000e+03 4.70000e+03
3.70000e+03 4.70000e+03
3.80000e+03 4.70000e+03
3.90000e+03 4.80000e+03
4.00000e+03 4.80000e+03
3.90000e+03 4.70000e+03
3.80000e+03 4.80000e+03
3.90000e+03 4.90000e+03
3.90000e+03 5.00000e+03
3.80000e+03 4.90000e+03
3.70000e+03 4.90000e+03
3.70000e+03 4.80000e+03
3.60000e+03 4.80000e+03
3.60000e+03 4.90000e+03
3.60000e+03 5.00000e+03
3.70000e+03 5.00000e+03
3.80000e+03 5.00000e+03
3.90000e+03 5.10000e+03
4.00000e+03 5.10000e+03
3.90000e+03 5.20000e+03
3.80000e+03 5.10000e+03
3.80000e+03 5.20000e+03
3.70000e+03 5.20000e+03
3.60000e+03 5.30000e+03
3.70000e+03 5.30000e+03
3.80000e+03 5.40000e+03
3.80000e+03 5.30000e+03
3.70000e+03 5.40000e+03
3.70000e+03 5.50000e+03
3.80000e+03 5.60000e+03
3.80000e+03 5.70000e+03
3.70000e+03 5.70000e+03
3.70000e+03 5.60000e+03
3.60000e+03 5.60000e+03
3.60000e+03 5.70000e+03
3.60000e+03 5.80000e+03
3.70000e+03 5.90000e+03
3.80000e+03 5.90000e+03
3.70000e+03 6.00000e+03
3.80000e+03 6.10000e+03
3.70000e+03 6.10000e+03
3.80000e+03 6.00000e+03
3.90000e+03 6.00000e+03
4.10000e+03 6.20000e+03
4.20000e+03 6.10000e+03
4.30000e+03 6.20000e+03
4.40000e+03 6.20000e+03
4.30000e+03 6.10000e+03
4.20000e+03 6.20000e+03
4.10000e+03 6.10000e+03
4.00000e+03 6.10000e+03
3.90000e+03 6.10000e+03
4.00000e+03 6.20000e+03
4.00000e+03 6.30000e+03
4.10000e+03 6.40000e+03
4.00000e+03 6.40000e+03
4.10000e+03 6.30000e+03
4.20000e+03 6.30000e+03
4.30000e+03 6.40000e+03
4.20000e+03 6.40000e+03
4.30000e+03 6.30000e+03
4.40000e+03 6.40000e+03
4.50000e+03 6.40000e+03
4.40000e+03 6.30000e+03
4.50000e+03 6.30000e+03
4.60000e+03 6.20000e+03
4.70000e+03 6.20000e+03
4.60000e+03 6.10000e+03
4.50000e+03 6.20000e+03
4.60000e+03 6.30000e+03
4.70000e+03 6.40000e+03
4.60000e+03 6.40000e+03
4.70000e+03 6.30000e+03
4.80000e+03 6.40000e+03
4.90000e+03 6.40000e+03
5.00000e+03 6.30000e+03
5.10000e+03 6.40000e+03
5.00000e+03 6.40000e+03
4.90000e+03 6.30000e+03
4.80000e+03 6.30000e+03
4.90000e+03 6.20000e+03
4.80000e+03 6.20000e+03
4.80000e+03 6.10000e+03
4.90000e+03 6.00000e+03
5.10000e+03 6.20000e+03
5.20000e+03 6.10000e+03
5.30000e+03 6.20000e+03
5.40000e+03 6.20000e+03
5.30000e+03 6.10000e+03
5.20000e+03 6.20000e+03
5.10000e+03 6.10000e+03
5.00000e+03 6.10000e+03
4.90000e+03 6.10000e+03
5.00000e+03 6.20000e+03
5.10000e+03 6.30000e+03
5.20000e+03 6.30000e+03
5.30000e+03 6.40000e+03
5.20000e+03 6.40000e+03
5.30000e+03 6.30000e+03
5.40000e+03 6.40000e+03
5.50000e+03 6.40000e+03
5.40000e+03 6.30000e+03
5.50000e+03 6.30000e+03
5.60000e+03 6.20000e+03
5.70000e+03 6.20000e+03
5.80000e+03 6.10000e+03
5.90000e+03 6.10000e+03
5.80000e+03 6.20000e+03
5.70000e+03 6.10000e+03
5.60000e+03 6.10000e+03
5.50000e+03 6.20000e+03
5.60000e+03 6.30000e+03
5.70000e+03 6.40000e+03
5.60000e+03 6.40000e+03
5.70000e+03 6.30000e+03
5.80000e+03 6.40000e+03
5.90000e+03 6.40000e+03
6.00000e+03 6.40000e+03
5.90000e+03 6.30000e+03
5.80000e+03 6.30000e+03
5.90000e+03 6.20000e+03
6.00000e+03 6.20000e+03
6.10000e+03 6.20000e+03
6.00000e+03 6.30000e+03
6.10000e+03 6.40000e+03
6.20000e+03 6.30000e+03
6.30000e+03 6.20000e+03
6.20000e+03 6.20000e+03
6.10000e+03 6.30000e+03
6.20000e+03 6.40000e+03
6.30000e+03 6.40000e+03
6.30000e+03 6.30000e+03
6.40000e+03 6.40000e+03
6.60000e+03 6.30000e+03
6.70000e+03 6.40000e+03
6.80000e+03 6.40000e+03
6.70000e+03 6.30000e+03
6.60000e+03 6.40000e+03
6.50000e+03 6.40000e+03
6.40000e+03 6.30000e+03
6.40000e+03 6.20000e+03
6.50000e+03 6.30000e+03
6.50000e+03 6.20000e+03
6.60000e+03 6.10000e+03
6.50000e+03 6.10000e+03
6.60000e+03 6.20000e+03
6.70000e+03 6.10000e+03
6.80000e+03 6.10000e+03
6.90000e+03 6.10000e+03
6.80000e+03 6.20000e+03
6.70000e+03 6.20000e+03
6.80000e+03 6.30000e+03
6.90000e+03 6.40000e+03
6.90000e+03 6.30000e+03
6.90000e+03 6.20000e+03
7.00000e+03 6.10000e+03
7.10000e+03 6.10000e+03
7.20000e+03 6.00000e+03
7.20000e+03 6.10000e+03
7.10000e+03 6.00000e+03
7.20000e+03 5.90000e+03
7.10000e+03 5.90000e+03
7.00000e+03 5.90000e+03
7.00000e+03 6.00000e+03
6.90000e+03 6.00000e+03
6.90000e+03 5.90000e+03
6.80000e+03 5.90000e+03
6.80000e+03 6.00000e+03
6.70000e+03 6.00000e+03
6.70000e+03 5.90000e+03
6.60000e+03 5.90000e+03
6.60000e+03 6.00000e+03
6.50000e+03 5.90000e+03
6.50000e+03 6.00000e+03
6.40000e+03 6.00000e+03
6.40000e+03 5.90000e+03
6.30000e+03 5.90000e+03
6.30000e+03 6.00000e+03
6.40000e+03 6.10000e+03
6.30000e+03 6.10000e+03
6.20000e+03 6.10000e+03
6.20000e+03 6.00000e+03
6.20000e+03 5.90000e+03
6.10000e+03 5.90000e+03
6.10000e+03 6.00000e+03
6.00000e+03 5.90000e+03
6.00000e+03 6.00000e+03
6.10000e+03 6.10000e+03
6.00000e+03 6.10000e+03
5.90000e+03 6.00000e+03
5.90000e+03 5.90000e+03
5.80000e+03 5.90000e+03
5.80000e+03 6.00000e+03
5.70000e+03 6.00000e+03
5.70000e+03 5.90000e+03
5.60000e+03 5.90000e+03
5.60000e+03 6.00000e+03
5.50000e+03 5.90000e+03
5.50000e+03 6.00000e+03
5.40000e+03 6.00000e+03
5.50000e+03 6.10000e+03
5.40000e+03 6.10000e+03
5.30000e+03 6.00000e+03
5.40000e+03 5.90000e+03
5.30000e+03 5.90000e+03
5.20000e+03 5.90000e+03
5.20000e+03 6.00000e+03
5.10000e+03 5.90000e+03
5.10000e+03 6.00000e+03
5.00000e+03 5.90000e+03
5.00000e+03 6.00000e+03
4.90000e+03 5.90000e+03
4.80000e+03 5.90000e+03
4.80000e+03 6.00000e+03
4.70000e+03 6.00000e+03
4.70000e+03 5.90000e+03
4.60000e+03 5.90000e+03
4.60000e+03 6.00000e+03
4.50000e+03 5.90000e+03
4.50000e+03 6.00000e+03
4.40000e+03 6.00000e+03
4.50000e+03 6.10000e+03
4.40000e+03 6.10000e+03
4.30000e+03 6.00000e+03
4.40000e+03 5.90000e+03
4.30000e+03 5.90000e+03
4.20000e+03 5.80000e+03
4.20000e+03 5.90000e+03
4.20000e+03 6.00000e+03
4.10000e+03 5.90000e+03
4.10000e+03 6.00000e+03
4.00000e+03 5.90000e+03
4.00000e+03 6.00000e+03
3.90000e+03 5.90000e+03
3.90000e+03 5.80000e+03
4.00000e+03 5.80000e+03
4.10000e+03 5.80000e+03
4.20000e+03 5.70000e+03
4.20000e+03 5.60000e+03
4.10000e+03 5.70000e+03
4.10000e+03 5.60000e+03
4.00000e+03 5.60000e+03
4.00000e+03 5.70000e+03
3.90000e+03 5.60000e+03
3.90000e+03 5.50000e+03
4.00000e+03 5.50000e+03
4.10000e+03 5.50000e+03
4.20000e+03 5.40000e+03
4.20000e+03 5.50000e+03
4.10000e+03 5.40000e+03
4.20000e+03 5.30000e+03
4.20000e+03 5.20000e+03
4.10000e+03 5.30000e+03
4.00000e+03 5.30000e+03
4.00000e+03 5.40000e+03
3.90000e+03 5.40000e+03
3.90000e+03 5.30000e+03
4.00000e+03 5.20000e+03
4.10000e+03 5.20000e+03
4.20000e+03 5.10000e+03
4.30000e+03 5.10000e+03
4.30000e+03 5.00000e+03
4.20000e+03 4.90000e+03
4.20000e+03 5.00000e+03
4.10000e+03 5.10000e+03
4.10000e+03 5.00000e+03
4.00000e+03 5.00000e+03
4.10000e+03 4.90000e+03
4.00000e+03 4.90000e+03
4.10000e+03 4.80000e+03
4.20000e+03 4.70000e+03
4.30000e+03 4.80000e+03
4.20000e+03 4.80000e+03
4.10000e+03 4.70000e+03
4.00000e+03 4.70000e+03
4.10000e+03 4.60000e+03
4.30000e+03 4.50000e+03
4.20000e+03 4.40000e+03
4.20000e+03 4.50000e+03
4.20000e+03 4.60000e+03
4.10000e+03 4.50000e+03
4.00000e+03 4.50000e+03
4.00000e+03 4.60000e+03
3.90000e+03 4.50000e+03
4.00000e+03 4.40000e+03
3.90000e+03 4.40000e+03
4.00000e+03 4.30000e+03
4.10000e+03 4.30000e+03
4.20000e+03 4.20000e+03
4.30000e+03 4.20000e+03
4.20000e+03 4.30000e+03
4.10000e+03 4.20000e+03
4.20000e+03 4.10000e+03
4.20000e+03 4.00000e+03
4.10000e+03 4.10000e+03
4.00000e+03 4.10000e+03
3.90000e+03 4.00000e+03
4.00000e+03 3.90000e+03
4.10000e+03 4.00000e+03
4.00000e+03 4.00000e+03
4.10000e+03 3.90000e+03
4.20000e+03 3.70000e+03
4.20000e+03 3.80000e+03
4.30000e+03 3.90000e+03
4.20000e+03 3.90000e+03
4.10000e+03 3.80000e+03
4.00000e+03 3.80000e+03
4.10000e+03 3.70000e+03
4.00000e+03 3.70000e+03
4.10000e+03 3.60000e+03
4.20000e+03 3.50000e+03
4.30000e+03 3.60000e+03
4.20000e+03 3.60000e+03
4.10000e+03 3.50000e+03
4.00000e+03 3.50000e+03
4.00000e+03 3.60000e+03
3.90000e+03 3.50000e+03
3.90000e+03 3.40000e+03
4.00000e+03 3.40000e+03
4.10000e+03 3.40000e+03
4.20000e+03 3.30000e+03
4.30000e+03 3.30000e+03
4.20000e+03 3.40000e+03
4.10000e+03 3.30000e+03
4.20000e+03 3.20000e+03
4.30000e+03 3.20000e+03
4.40000e+03 3.10000e+03
4.50000e+03 3.10000e+03
4.40000e+03 3.20000e+03
4.30000e+03 3.10000e+03
4.20000e+03 3.10000e+03
4.10000e+03 3.20000e+03
4.00000e+03 3.20000e+03
4.00000e+03 3.30000e+03
3.90000e+03 3.30000e+03
3.90000e+03 3.20000e+03
3.90000e+03 3.10000e+03
4.00000e+03 3.00000e+03
4.10000e+03 3.10000e+03
4.00000e+03 3.10000e+03
4.10000e+03 3.00000e+03
4.20000e+03 2.90000e+03
4.30000e+03 3.00000e+03
4.20000e+03 3.00000e+03
4.10000e+03 2.90000e+03
4.00000e+03 2.90000e+03
4.10000e+03 2.80000e+03
4.00000e+03 2.80000e+03
4.10000e+03 2.70000e+03
4.20000e+03 2.60000e+03
4.30000e+03 2.70000e+03
4.20000e+03 2.70000e+03
4.20000e+03 2.80000e+03
4.30000e+03 2.80000e+03
4.30000e+03 2.90000e+03
4.40000e+03 3.00000e+03
4.50000e+03 3.00000e+03
4.60000e+03 2.90000e+03
4.70000e+03 3.00000e+03
4.60000e+03 3.00000e+03
4.50000e+03 2.90000e+03
4.40000e+03 2.90000e+03
4.50000e+03 2.80000e+03
4.40000e+03 2.80000e+03
4.40000e+03 2.70000e+03
4.40000e+03 2.60000e+03
4.50000e+03 2.70000e+03
4.50000e+03 2.60000e+03
4.60000e+03 2.60000e+03
4.70000e+03 2.60000e+03
4.60000e+03 2.70000e+03
4.70000e+03 2.80000e+03
4.60000e+03 2.80000e+03
4.70000e+03 2.70000e+03
4.80000e+03 2.80000e+03
4.90000e+03 2.70000e+03
4.80000e+03 2.70000e+03
4.80000e+03 2.60000e+03
4.90000e+03 2.60000e+03
5.00000e+03 2.60000e+03
5.10000e+03 2.60000e+03
5.00000e+03 2.70000e+03
5.10000e+03 2.80000e+03
5.00000e+03 2.80000e+03
5.10000e+03 2.70000e+03
5.20000e+03 2.60000e+03
5.30000e+03 2.60000e+03
5.20000e+03 2.70000e+03
5.20000e+03 2.80000e+03
5.30000e+03 2.70000e+03
5.40000e+03 2.80000e+03
5.50000e+03 2.80000e+03
5.40000e+03 2.70000e+03
5.40000e+03 2.60000e+03
5.50000e+03 2.70000e+03
5.50000e+03 2.60000e+03
5.60000e+03 2.60000e+03
5.70000e+03 2.60000e+03
5.60000e+03 2.70000e+03
5.70000e+03 2.80000e+03
5.60000e+03 2.80000e+03
5.70000e+03 2.70000e+03
5.80000e+03 2.80000e+03
5.90000e+03 2.80000e+03
6.00000e+03 2.80000e+03
5.90000e+03 2.70000e+03
5.80000e+03 2.70000e+03
5.80000e+03 2.60000e+03
5.90000e+03 2.60000e+03
6.00000e+03 2.60000e+03
6.10000e+03 2.60000e+03
6.00000e+03 2.70000e+03
6.10000e+03 2.80000e+03
6.20000e+03 2.70000e+03
6.20000e+03 2.60000e+03
6.10000e+03 2.70000e+03
6.20000e+03 2.80000e+03
6.40000e+03 2.90000e+03
6.30000e+03 3.00000e+03
6.40000e+03 3.10000e+03
6.50000e+03 3.10000e+03
6.70000e+03 3.00000e+03
6.60000e+03 2.90000e+03
6.60000e+03 3.00000e+03
6.60000e+03 3.10000e+03
6.50000e+03 3.00000e+03
6.40000e+03 3.00000e+03
6.30000e+03 3.10000e+03
6.40000e+03 3.20000e+03
6.30000e+03 3.20000e+03
6.30000e+03 3.30000e+03
6.30000e+03 3.40000e+03
6.40000e+03 3.50000e+03
6.50000e+03 3.40000e+03
6.40000e+03 3.40000e+03
6.40000e+03 3.30000e+03
6.50000e+03 3.30000e+03
6.60000e+03 3.20000e+03
6.50000e+03 3.20000e+03
6.60000e+03 3.30000e+03
6.80000e+03 3.40000e+03
6.90000e+03 3.50000e+03
6.90000e+03 3.40000e+03
6.80000e+03 3.50000e+03
6.70000e+03 3.40000e+03
6.60000e+03 3.40000e+03
6.70000e+03 3.30000e+03
6.80000e+03 3.20000e+03
6.90000e+03 3.30000e+03
7.00000e+03 3.30000e+03
6.90000e+03 3.20000e+03
6.80000e+03 3.30000e+03
6.70000e+03 3.20000e+03
6.70000e+03 3.10000e+03
6.80000e+03 3.10000e+03
6.90000e+03 3.10000e+03
6.80000e+03 3.00000e+03
6.90000e+03 3.00000e+03
6.80000e+03 2.90000e+03
6.90000e+03 2.90000e+03
7.00000e+03 2.90000e+03
7.20000e+03 2.90000e+03
7.10000e+03 2.90000e+03
7.00000e+03 3.00000e+03
7.10000e+03 3.10000e+03
7.20000e+03 3.00000e+03
7.20000e+03 3.10000e+03
7.10000e+03 3.00000e+03
7.00000e+03 3.10000e+03
7.10000e+03 3.20000e+03
7.00000e+03 3.20000e+03
7.10000e+03 3.30000e+03
7.20000e+03 3.20000e+03
7.20000e+03 3.30000e+03
7.20000e+03 3.40000e+03
7.10000e+03 3.40000e+03
7.20000e+03 3.50000e+03
7.10000e+03 3.50000e+03
7.00000e+03 3.40000e+03
7.00000e+03 3.50000e+03
7.00000e+03 3.60000e+03
7.20000e+03 3.60000e+03
7.20000e+03 3.70000e+03
7.20000e+03 3.80000e+03
7.10000e+03 3.80000e+03
7.10000e+03 3.70000e+03
7.10000e+03 3.60000e+03
7.00000e+03 3.70000e+03
6.90000e+03 3.60000e+03
6.80000e+03 3.70000e+03
6.80000e+03 3.60000e+03
6.90000e+03 3.70000e+03
7.00000e+03 3.80000e+03
6.90000e+03 3.80000e+03
7.00000e+03 3.90000e+03
6.90000e+03 3.90000e+03
6.90000e+03 4.00000e+03
7.00000e+03 4.00000e+03
7.10000e+03 3.90000e+03
7.20000e+03 3.90000e+03
7.20000e+03 4.00000e+03
7.10000e+03 4.00000e+03
7.20000e+03 4.10000e+03
7.10000e+03 4.10000e+03
7.00000e+03 4.10000e+03
7.00000e+03 4.20000e+03
7.10000e+03 4.30000e+03
7.20000e+03 4.20000e+03
7.20000e+03 4.30000e+03
7.10000e+03 4.20000e+03
7.00000e+03 4.30000e+03
7.00000e+03 4.40000e+03
7.10000e+03 4.40000e+03
7.20000e+03 4.40000e+03
7.20000e+03 4.50000e+03
7.10000e+03 4.50000e+03
7.20000e+03 4.60000e+03
7.10000e+03 4.60000e+03
7.20000e+03 4.70000e+03
7.10000e+03 4.70000e+03
7.00000e+03 4.60000e+03
6.90000e+03 4.70000e+03
6.90000e+03 4.60000e+03
7.00000e+03 4.70000e+03
7.00000e+03 4.80000e+03
7.10000e+03 4.90000e+03
7.20000e+03 4.80000e+03
7.20000e+03 4.90000e+03
7.10000e+03 4.80000e+03
7.00000e+03 4.90000e+03
6.90000e+03 5.00000e+03
6.90000e+03 4.90000e+03
7.00000e+03 5.00000e+03
7.10000e+03 5.00000e+03
7.00000e+03 5.10000e+03
7.20000e+03 5.00000e+03
7.20000e+03 5.10000e+03
7.20000e+03 5.20000e+03
7.20000e+03 5.30000e+03
7.10000e+03 5.20000e+03
7.10000e+03 5.10000e+03
7.00000e+03 5.20000e+03
6.90000e+03 5.30000e+03
6.90000e+03 5.20000e+03
7.00000e+03 5.30000e+03
7.10000e+03 5.30000e+03
7.00000e+03 5.40000e+03
7.10000e+03 5.50000e+03
7.20000e+03 5.40000e+03
7.20000e+03 5.50000e+03
7.10000e+03 5.40000e+03
7.00000e+03 5.50000e+03
6.90000e+03 5.50000e+03
6.90000e+03 5.40000e+03
6.80000e+03 5.50000e+03
6.80000e+03 5.40000e+03
6.70000e+03 5.50000e+03
6.70000e+03 5.40000e+03
6.80000e+03 5.30000e+03
6.80000e+03 5.20000e+03
6.70000e+03 5.30000e+03
6.70000e+03 5.20000e+03
6.70000e+03 5.10000e+03
6.80000e+03 5.00000e+03
6.90000e+03 5.10000e+03
6.80000e+03 5.10000e+03
6.70000e+03 5.00000e+03
6.80000e+03 4.90000e+03
6.70000e+03 4.90000e+03
6.70000e+03 4.80000e+03
6.80000e+03 4.70000e+03
6.90000e+03 4.80000e+03
6.80000e+03 4.80000e+03
6.70000e+03 4.70000e+03
6.80000e+03 4.60000e+03
6.70000e+03 4.60000e+03
6.70000e+03 4.50000e+03
6.80000e+03 4.40000e+03
6.90000e+03 4.50000e+03
6.90000e+03 4.40000e+03
6.80000e+03 4.50000e+03
6.70000e+03 4.40000e+03
6.70000e+03 4.30000e+03
6.80000e+03 4.30000e+03
6.90000e+03 4.30000e+03
6.90000e+03 4.20000e+03
6.80000e+03 4.20000e+03
6.70000e+03 4.20000e+03
6.80000e+03 4.10000e+03
6.80000e+03 4.00000e+03
6.70000e+03 4.00000e+03
6.60000e+03 4.00000e+03
6.70000e+03 3.90000e+03
6.80000e+03 3.80000e+03
6.80000e+03 3.90000e+03
6.70000e+03 3.80000e+03
6.70000e+03 3.70000e+03
6.60000e+03 3.70000e+03
6.60000e+03 3.80000e+03
6.60000e+03 3.90000e+03
6.50000e+03 3.80000e+03
6.50000e+03 3.70000e+03
6.60000e+03 3.60000e+03
6.70000e+03 3.60000e+03
6.60000e+03 3.50000e+03
6.50000e+03 3.60000e+03
6.40000e+03 3.60000e+03
6.40000e+03 3.70000e+03
6.30000e+03 3.80000e+03
6.30000e+03 3.90000e+03
6.30000e+03 4.00000e+03
6.40000e+03 4.00000e+03
6.50000e+03 4.00000e+03
6.40000e+03 3.90000e+03
6.50000e+03 3.90000e+03
6.40000e+03 3.80000e+03
6.30000e+03 3.70000e+03
6.20000e+03 3.70000e+03
6.10000e+03 3.80000e+03
6.10000e+03 3.70000e+03
6.20000e+03 3.60000e+03
6.30000e+03 3.60000e+03
6.20000e+03 3.50000e+03
6.10000e+03 3.60000e+03
6.00000e+03 3.50000e+03
6.00000e+03 3.60000e+03
6.00000e+03 3.70000e+03
6.00000e+03 3.80000e+03
5.90000e+03 3.80000e+03
6.00000e+03 3.90000e+03
5.90000e+03 3.90000e+03
5.80000e+03 3.90000e+03
5.80000e+03 3.80000e+03
5.90000e+03 3.70000e+03
5.90000e+03 3.60000e+03
5.80000e+03 3.70000e+03
5.70000e+03 3.80000e+03
5.70000e+03 3.70000e+03
5.80000e+03 3.60000e+03
5.70000e+03 3.60000e+03
5.80000e+03 3.50000e+03
5.70000e+03 3.50000e+03
5.60000e+03 3.50000e+03
5.60000e+03 3.60000e+03
5.60000e+03 3.70000e+03
5.60000e+03 3.80000e+03
5.60000e+03 3.90000e+03
5.50000e+03 3.80000e+03
5.50000e+03 3.90000e+03
5.40000e+03 3.90000e+03
5.60000e+03 4.00000e+03
5.70000e+03 4.10000e+03
5.80000e+03 4.00000e+03
5.90000e+03 4.00000e+03
5.80000e+03 4.10000e+03
5.70000e+03 4.00000e+03
5.60000e+03 4.10000e+03
5.50000e+03 4.00000e+03
5.40000e+03 4.00000e+03
5.30000e+03 3.90000e+03
5.40000e+03 3.80000e+03
5.30000e+03 3.80000e+03
5.40000e+03 3.70000e+03
5.50000e+03 3.70000e+03
5.50000e+03 3.60000e+03
5.40000e+03 3.60000e+03
5.50000e+03 3.50000e+03
5.40000e+03 3.50000e+03
5.30000e+03 3.60000e+03
5.30000e+03 3.70000e+03
5.20000e+03 3.80000e+03
5.20000e+03 3.90000e+03
5.20000e+03 4.00000e+03
5.30000e+03 4.00000e+03
5.40000e+03 4.10000e+03
5.30000e+03 4.10000e+03
5.30000e+03 4.20000e+03
5.40000e+03 4.30000e+03
5.50000e+03 4.30000e+03
5.60000e+03 4.20000e+03
5.70000e+03 4.20000e+03
5.60000e+03 4.30000e+03
5.50000e+03 4.20000e+03
5.40000e+03 4.20000e+03
5.30000e+03 4.30000e+03
5.40000e+03 4.40000e+03
5.40000e+03 4.50000e+03
5.50000e+03 4.50000e+03
5.60000e+03 4.50000e+03
5.70000e+03 4.60000e+03
5.80000e+03 4.60000e+03
5.70000e+03 4.50000e+03
5.60000e+03 4.60000e+03
5.50000e+03 4.60000e+03
5.40000e+03 4.60000e+03
5.30000e+03 4.60000e+03
5.30000e+03 4.50000e+03
5.30000e+03 4.40000e+03
5.20000e+03 4.30000e+03
5.20000e+03 4.20000e+03
5.10000e+03 4.30000e+03
5.20000e+03 4.40000e+03
5.10000e+03 4.40000e+03
5.00000e+03 4.30000e+03
5.00000e+03 4.40000e+03
5.00000e+03 4.50000e+03
5.10000e+03 4.50000e+03
5.20000e+03 4.60000e+03
5.30000e+03 4.70000e+03
5.40000e+03 4.70000e+03
5.30000e+03 4.80000e+03
5.20000e+03 4.70000e+03
5.10000e+03 4.60000e+03
5.00000e+03 4.60000e+03
4.90000e+03 4.60000e+03
4.90000e+03 4.70000e+03
5.00000e+03 4.80000e+03
4.90000e+03 4.80000e+03
4.90000e+03 4.90000e+03
4.90000e+03 5.00000e+03
5.00000e+03 4.90000e+03
5.10000e+03 4.80000e+03
5.10000e+03 4.90000e+03
5.20000e+03 4.80000e+03
5.20000e+03 4.90000e+03
5.20000e+03 5.00000e+03
5.30000e+03 5.10000e+03
5.40000e+03 5.20000e+03
5.30000e+03 5.20000e+03
5.20000e+03 5.10000e+03
5.30000e+03 5.00000e+03
5.40000e+03 5.10000e+03
5.50000e+03 5.20000e+03
5.50000e+03 5.10000e+03
5.60000e+03 5.00000e+03
5.70000e+03 5.10000e+03
5.80000e+03 5.00000e+03
5.90000e+03 5.00000e+03
6.00000e+03 4.90000e+03
6.10000e+03 5.00000e+03
6.20000e+03 4.90000e+03
6.20000e+03 5.00000e+03
6.10000e+03 4.90000e+03
6.00000e+03 5.00000e+03
5.90000e+03 4.90000e+03
5.80000e+03 4.90000e+03
5.70000e+03 5.00000e+03
5.60000e+03 5.10000e+03
5.50000e+03 5.00000e+03
5.40000e+03 5.00000e+03
5.30000e+03 4.90000e+03
5.40000e+03 4.90000e+03
5.50000e+03 4.90000e+03
5.40000e+03 4.80000e+03
5.50000e+03 4.80000e+03
5.60000e+03 4.70000e+03
5.50000e+03 4.70000e+03
5.60000e+03 4.80000e+03
5.70000e+03 4.90000e+03
5.60000e+03 4.90000e+03
5.70000e+03 4.80000e+03
5.80000e+03 4.70000e+03
5.70000e+03 4.70000e+03
5.80000e+03 4.80000e+03
5.90000e+03 4.80000e+03
6.00000e+03 4.80000e+03
5.90000e+03 4.70000e+03
5.90000e+03 4.60000e+03
6.00000e+03 4.70000e+03
6.10000e+03 4.80000e+03
6.20000e+03 4.70000e+03
6.30000e+03 4.80000e+03
6.20000e+03 4.80000e+03
6.10000e+03 4.70000e+03
6.20000e+03 4.60000e+03
6.30000e+03 4.50000e+03
6.20000e+03 4.50000e+03
6.10000e+03 4.60000e+03
6.00000e+03 4.60000e+03
6.10000e+03 4.50000e+03
6.20000e+03 4.40000e+03
6.20000e+03 4.30000e+03
6.10000e+03 4.40000e+03
6.00000e+03 4.40000e+03
6.00000e+03 4.50000e+03
5.90000e+03 4.50000e+03
5.90000e+03 4.40000e+03
5.90000e+03 4.30000e+03
6.00000e+03 4.30000e+03
6.10000e+03 4.30000e+03
6.20000e+03 4.20000e+03
6.30000e+03 4.20000e+03
6.20000e+03 4.10000e+03
6.10000e+03 4.20000e+03
6.10000e+03 4.10000e+03
6.00000e+03 4.10000e+03
6.00000e+03 4.20000e+03
5.90000e+03 4.20000e+03
5.80000e+03 4.30000e+03
5.80000e+03 4.40000e+03
5.80000e+03 4.50000e+03
5.70000e+03 4.40000e+03
5.70000e+03 4.30000e+03
5.80000e+03 4.20000e+03
6.00000e+03 4.00000e+03
6.10000e+03 4.00000e+03
6.20000e+03 3.90000e+03
6.20000e+03 3.80000e+03
6.20000e+03 4.00000e+03
6.40000e+03 4.10000e+03
6.40000e+03 4.20000e+03
6.50000e+03 4.20000e+03
6.60000e+03 4.10000e+03
6.60000e+03 4.20000e+03
6.60000e+03 4.30000e+03
6.50000e+03 4.30000e+03
6.60000e+03 4.40000e+03
6.50000e+03 4.40000e+03
6.40000e+03 4.30000e+03
6.30000e+03 4.30000e+03
6.40000e+03 4.40000e+03
6.30000e+03 4.40000e+03
6.40000e+03 4.50000e+03
6.50000e+03 4.50000e+03
6.60000e+03 4.50000e+03
6.60000e+03 4.60000e+03
6.50000e+03 4.60000e+03
6.60000e+03 4.70000e+03
6.50000e+03 4.70000e+03
6.40000e+03 4.60000e+03
6.30000e+03 4.60000e+03
6.40000e+03 4.70000e+03
6.30000e+03 4.70000e+03
6.40000e+03 4.80000e+03
6.50000e+03 4.80000e+03
6.60000e+03 4.80000e+03
6.60000e+03 4.90000e+03
6.50000e+03 4.90000e+03
6.60000e+03 5.00000e+03
6.50000e+03 5.00000e+03
6.40000e+03 4.90000e+03
6.30000e+03 4.90000e+03
6.40000e+03 5.00000e+03
6.30000e+03 5.00000e+03
6.30000e+03 5.10000e+03
6.40000e+03 5.20000e+03
6.50000e+03 5.30000e+03
6.60000e+03 5.20000e+03
6.60000e+03 5.30000e+03
6.50000e+03 5.20000e+03
6.60000e+03 5.10000e+03
6.50000e+03 5.10000e+03
6.40000e+03 5.10000e+03
6.30000e+03 5.20000e+03
6.40000e+03 5.30000e+03
6.30000e+03 5.30000e+03
6.40000e+03 5.40000e+03
6.50000e+03 5.40000e+03
6.60000e+03 5.40000e+03
6.60000e+03 5.50000e+03
6.50000e+03 5.50000e+03
6.40000e+03 5.50000e+03
6.30000e+03 5.50000e+03
6.30000e+03 5.40000e+03
6.20000e+03 5.50000e+03
6.20000e+03 5.40000e+03
6.20000e+03 5.30000e+03
6.20000e+03 5.20000e+03
6.10000e+03 5.30000e+03
6.10000e+03 5.20000e+03
6.20000e+03 5.10000e+03
6.10000e+03 5.10000e+03
6.00000e+03 5.10000e+03
6.00000e+03 5.20000e+03
5.90000e+03 5.10000e+03
5.80000e+03 5.20000e+03
5.80000e+03 5.10000e+03
5.90000e+03 5.20000e+03
6.00000e+03 5.30000e+03
5.90000e+03 5.30000e+03
6.00000e+03 5.40000e+03
6.10000e+03 5.50000e+03
6.10000e+03 5.40000e+03
6.00000e+03 5.50000e+03
5.90000e+03 5.50000e+03
5.90000e+03 5.40000e+03
5.80000e+03 5.50000e+03
5.80000e+03 5.40000e+03
5.80000e+03 5.30000e+03
5.70000e+03 5.30000e+03
5.70000e+03 5.40000e+03
5.70000e+03 5.50000e+03
5.60000e+03 5.50000e+03
5.60000e+03 5.40000e+03
5.60000e+03 5.30000e+03
5.70000e+03 5.20000e+03
5.60000e+03 5.20000e+03
5.50000e+03 5.30000e+03
5.50000e+03 5.40000e+03
5.40000e+03 5.40000e+03
5.50000e+03 5.50000e+03
5.40000e+03 5.50000e+03
5.30000e+03 5.50000e+03
5.30000e+03 5.40000e+03
5.40000e+03 5.30000e+03
5.30000e+03 5.30000e+03
5.20000e+03 5.40000e+03
5.20000e+03 5.30000e+03
5.20000e+03 5.20000e+03
5.10000e+03 5.20000e+03
5.10000e+03 5.10000e+03
5.00000e+03 5.10000e+03
5.00000e+03 5.20000e+03
5.00000e+03 5.30000e+03
5.10000e+03 5.40000e+03
5.20000e+03 5.50000e+03
5.10000e+03 5.50000e+03
5.00000e+03 5.50000e+03
5.00000e+03 5.40000e+03
4.90000e+03 5.30000e+03
4.90000e+03 5.40000e+03
4.90000e+03 5.50000e+03
4.80000e+03 5.50000e+03
4.80000e+03 5.40000e+03
4.70000e+03 5.50000e+03
4.70000e+03 5.40000e+03
4.80000e+03 5.30000e+03
4.90000e+03 5.20000e+03
4.80000e+03 5.20000e+03
4.70000e+03 5.30000e+03
4.60000e+03 5.20000e+03
