3038
1.05300e+03 1.32500e+03
1.05300e+03 1.28400e+03
1.05600e+03 1.24900e+03
1.05800e+03 1.21000e+03
1.05700e+03 1.17200e+03
1.05800e+03 1.13600e+03
1.05900e+03 1.09200e+03
1.04800e+03 1.05600e+03
1.07800e+03 1.15400e+03
1.10200e+03 1.17100e+03
1.17100e+03 1.05500e+03
1.17300e+03 1.09300e+03
1.17200e+03 1.13500e+03
1.13700e+03 1.13400e+03
1.17400e+03 1.17900e+03
1.17200e+03 1.21200e+03
1.17000e+03 1.25100e+03
1.15200e+03 1.27000e+03
1.17200e+03 1.29200e+03
1.17200e+03 1.33000e+03
1.17100e+03 1.36800e+03
1.17000e+03 1.40800e+03
7.84000e+02 3.00000e+01
8.06000e+02 1.07000e+02
8.42000e+02 8.50000e+01
8.44000e+02 1.30000e+02
8.43000e+02 1.66000e+02
8.44000e+02 2.06000e+02
8.43000e+02 2.45000e+02
8.45000e+02 2.82000e+02
8.43000e+02 3.22000e+02
8.43000e+02 3.61000e+02
8.82000e+02 1.66000e+02
8.84000e+02 8.80000e+01
9.30000e+02 8.50000e+01
9.33000e+02 1.27000e+02
9.32000e+02 1.63000e+02
9.31000e+02 2.05000e+02
9.31000e+02 2.46000e+02
9.04000e+02 2.64000e+02
9.29000e+02 2.86000e+02
9.33000e+02 3.21000e+02
9.30000e+02 3.70000e+02
9.91000e+02 1.65000e+02
8.26000e+02 4.40000e+02
9.65000e+02 4.59000e+02
5.81000e+02 7.90000e+01
6.42000e+02 9.00000e+01
6.42000e+02 1.28000e+02
6.37000e+02 1.64000e+02
6.42000e+02 2.08000e+02
6.41000e+02 2.48000e+02
6.41000e+02 2.85000e+02
6.42000e+02 3.23000e+02
6.40000e+02 3.61000e+02
6.71000e+02 3.60000e+02
6.81000e+02 1.64000e+02
6.80000e+02 8.40000e+01
7.10000e+02 4.37000e+02
7.30000e+02 3.59000e+02
7.32000e+02 3.21000e+02
7.67000e+02 3.23000e+02
7.26000e+02 2.87000e+02
7.27000e+02 2.44000e+02
7.26000e+02 1.17000e+02
7.29000e+02 1.66000e+02
7.29000e+02 1.30000e+02
7.28000e+02 8.60000e+01
8.05000e+02 5.94000e+02
7.82000e+02 6.53000e+02
8.42000e+02 6.31000e+02
8.55000e+02 7.06000e+02
8.72000e+02 7.99000e+02
8.45000e+02 8.26000e+02
8.43000e+02 8.64000e+02
8.90000e+02 8.48000e+02
8.89000e+02 8.83000e+02
9.50000e+02 9.19000e+02
9.32000e+02 8.83000e+02
9.29000e+02 8.46000e+02
9.30000e+02 8.04000e+02
9.25000e+02 7.65000e+02
9.33000e+02 7.26000e+02
9.28000e+02 6.89000e+02
9.58000e+02 6.90000e+02
9.32000e+02 6.51000e+02
9.29000e+02 6.12000e+02
9.31000e+02 5.70000e+02
9.29000e+02 5.35000e+02
1.00100e+03 5.14000e+02
5.73000e+02 3.25000e+02
6.11000e+02 4.74000e+02
6.10000e+02 5.03000e+02
6.01000e+02 5.75000e+02
6.54000e+02 5.71000e+02
6.40000e+02 6.48000e+02
6.42000e+02 6.88000e+02
6.38000e+02 7.28000e+02
6.40000e+02 7.66000e+02
6.41000e+02 8.05000e+02
6.40000e+02 8.42000e+02
6.41000e+02 8.83000e+02
6.89000e+02 8.90000e+02
6.89000e+02 8.43000e+02
6.88000e+02 8.04000e+02
7.29000e+02 8.63000e+02
7.27000e+02 6.28000e+02
8.96000e+02 1.02700e+03
8.81000e+02 9.71000e+02
8.23000e+02 9.61000e+02
7.46000e+02 9.58000e+02
6.02000e+02 9.53000e+02
5.99000e+02 1.00900e+03
8.28000e+02 1.06500e+03
8.03000e+02 1.08500e+03
8.24000e+02 1.10400e+03
8.25000e+02 1.14400e+03
8.23000e+02 1.18100e+03
8.23000e+02 1.22200e+03
8.25000e+02 1.26100e+03
8.21000e+02 1.29800e+03
8.22000e+02 1.35600e+03
8.43000e+02 1.39900e+03
8.82000e+02 1.33600e+03
8.81000e+02 1.29600e+03
8.82000e+02 1.26300e+03
8.80000e+02 1.21500e+03
8.80000e+02 1.17800e+03
8.82000e+02 1.14300e+03
8.82000e+02 1.10200e+03
8.79000e+02 1.06500e+03
7.50000e+02 1.08800e+03
7.53000e+02 1.21600e+03
7.54000e+02 1.25800e+03
7.73000e+02 1.30700e+03
7.47000e+02 1.35800e+03
7.10000e+02 1.30100e+03
7.09000e+02 1.26100e+03
7.07000e+02 1.22300e+03
7.06000e+02 1.18100e+03
7.07000e+02 1.14600e+03
7.04000e+02 1.10200e+03
7.08000e+02 1.06700e+03
6.38000e+02 1.10500e+03
6.39000e+02 1.14500e+03
6.41000e+02 1.17900e+03
6.37000e+02 1.22200e+03
6.38000e+02 1.25600e+03
6.39000e+02 1.29800e+03
6.40000e+02 1.33700e+03
6.40000e+02 1.37500e+03
6.41000e+02 1.41500e+03
6.02000e+02 1.39400e+03
6.38000e+02 1.45500e+03
1.79600e+03 1.50500e+03
1.75600e+03 1.49400e+03
1.71700e+03 1.48400e+03
1.67900e+03 1.48400e+03
1.63100e+03 1.47300e+03
1.53300e+03 1.49200e+03
1.05100e+03 1.48100e+03
1.00200e+03 1.48200e+03
8.11000e+02 1.48100e+03
1.75800e+03 1.52400e+03
1.71900e+03 1.52500e+03
1.67800e+03 1.52400e+03
1.64000e+03 1.52500e+03
1.60100e+03 1.52200e+03
1.56300e+03 1.52400e+03
1.52300e+03 1.52400e+03
1.48500e+03 1.52100e+03
1.44800e+03 1.52400e+03
1.40800e+03 1.52300e+03
1.37000e+03 1.52400e+03
1.33200e+03 1.52300e+03
1.29200e+03 1.52400e+03
1.25200e+03 1.52300e+03
1.21500e+03 1.52300e+03
1.17500e+03 1.52200e+03
1.14000e+03 1.52300e+03
1.09700e+03 1.52400e+03
1.06000e+03 1.52200e+03
1.02200e+03 1.52200e+03
9.82000e+02 1.52100e+03
9.47000e+02 1.52200e+03
9.05000e+02 1.52100e+03
8.65000e+02 1.52200e+03
8.29000e+02 1.52200e+03
7.90000e+02 1.52300e+03
7.52000e+02 1.52000e+03
7.13000e+02 1.52000e+03
6.75000e+02 1.52100e+03
6.34000e+02 1.52200e+03
5.97000e+02 1.52100e+03
5.57000e+02 1.52100e+03
1.75700e+03 1.64700e+03
1.75900e+03 1.68700e+03
1.73900e+03 1.77300e+03
1.72000e+03 1.59800e+03
1.69900e+03 1.74400e+03
1.67900e+03 1.69600e+03
1.66000e+03 1.55900e+03
1.64000e+03 1.65800e+03
1.62200e+03 1.82000e+03
1.60600e+03 1.54800e+03
1.56300e+03 1.55100e+03
1.57400e+03 1.59600e+03
1.57400e+03 1.76300e+03
1.54800e+03 1.83200e+03
1.48800e+03 1.56200e+03
1.45100e+03 1.56100e+03
1.46400e+03 1.61000e+03
1.48800e+03 1.71500e+03
1.41000e+03 1.62700e+03
1.41100e+03 1.69300e+03
1.39100e+03 1.77600e+03
1.37000e+03 1.59400e+03
1.36100e+03 1.62600e+03
1.33400e+03 1.75400e+03
1.31300e+03 1.78300e+03
1.27400e+03 1.56000e+03
1.17800e+03 1.81300e+03
1.14000e+03 1.81400e+03
1.08000e+03 1.69300e+03
1.04200e+03 1.70600e+03
1.00400e+03 1.63600e+03
9.27000e+02 1.61800e+03
9.28000e+02 1.66700e+03
8.69000e+02 1.74300e+03
8.71000e+02 1.84200e+03
8.30000e+02 1.76500e+03
8.11000e+02 1.64200e+03
7.82000e+02 1.63000e+03
7.52000e+02 1.61100e+03
7.13000e+02 1.57000e+03
7.16000e+02 1.84200e+03
6.76000e+02 1.75100e+03
6.76000e+02 1.82100e+03
6.28000e+02 1.76200e+03
6.11000e+02 1.71600e+03
6.34000e+02 1.59600e+03
5.98000e+02 1.60700e+03
5.60000e+02 1.64600e+03
5.60000e+02 1.68500e+03
5.21000e+02 1.78400e+03
1.75600e+03 1.86900e+03
1.71700e+03 1.86900e+03
1.68000e+03 1.87000e+03
1.64200e+03 1.87100e+03
1.60200e+03 1.87100e+03
1.56400e+03 1.87100e+03
1.52600e+03 1.87000e+03
1.48700e+03 1.87100e+03
1.44800e+03 1.87300e+03
1.40900e+03 1.87100e+03
1.36900e+03 1.87200e+03
1.33300e+03 1.87200e+03
1.29400e+03 1.87200e+03
1.25300e+03 1.87300e+03
1.21800e+03 1.87200e+03
1.17600e+03 1.87000e+03
1.13900e+03 1.86900e+03
1.10000e+03 1.87200e+03
1.06100e+03 1.87100e+03
1.02400e+03 1.86900e+03
9.83000e+02 1.87100e+03
9.45000e+02 1.87000e+03
9.04000e+02 1.87000e+03
8.69000e+02 1.87000e+03
8.29000e+02 1.87000e+03
7.89000e+02 1.87200e+03
7.51000e+02 1.86700e+03
7.13000e+02 1.87200e+03
6.74000e+02 1.86800e+03
6.37000e+02 1.86900e+03
5.96000e+02 1.87100e+03
5.57000e+02 1.87200e+03
1.64200e+03 1.90200e+03
1.56300e+03 1.89900e+03
1.45600e+03 1.92800e+03
1.25600e+03 1.89900e+03
1.23400e+03 1.93600e+03
1.14400e+03 1.90900e+03
1.10200e+03 1.91000e+03
1.06000e+03 1.90900e+03
9.84000e+02 1.89800e+03
9.48000e+02 1.90900e+03
8.83000e+02 1.92700e+03
8.48000e+02 1.90700e+03
7.69000e+02 1.90600e+03
7.16000e+02 1.89900e+03
6.74000e+02 1.90800e+03
5.99000e+02 1.90800e+03
1.47500e+03 1.98400e+03
1.42800e+03 2.00700e+03
1.42900e+03 2.04400e+03
1.43000e+03 2.08200e+03
1.43000e+03 2.12200e+03
1.42900e+03 2.16000e+03
1.42900e+03 2.19800e+03
1.43000e+03 2.23800e+03
1.42900e+03 2.27700e+03
1.42800e+03 2.31400e+03
1.43200e+03 2.36900e+03
1.42800e+03 2.39100e+03
1.42900e+03 2.42700e+03
1.42500e+03 2.49300e+03
1.38000e+03 2.00400e+03
1.41000e+03 2.10200e+03
1.38000e+03 2.23900e+03
1.40900e+03 2.37000e+03
1.35200e+03 2.31100e+03
1.35100e+03 2.34000e+03
1.35100e+03 2.41000e+03
1.31300e+03 2.15600e+03
1.27000e+03 2.33400e+03
1.27400e+03 2.49000e+03
1.37900e+03 2.55000e+03
1.34300e+03 2.54700e+03
1.36200e+03 2.60200e+03
1.29100e+03 2.52700e+03
1.26500e+03 2.56000e+03
1.28600e+03 2.63500e+03
1.36300e+03 2.66200e+03
1.36900e+03 2.70100e+03
1.39400e+03 2.72200e+03
1.37100e+03 2.74000e+03
1.37000e+03 2.78200e+03
1.37000e+03 2.81700e+03
1.36900e+03 2.85700e+03
1.40900e+03 2.88600e+03
1.36900e+03 2.89400e+03
1.36900e+03 2.93500e+03
1.27300e+03 2.93300e+03
1.27200e+03 2.89300e+03
1.27300e+03 2.85200e+03
1.27400e+03 2.81400e+03
1.27500e+03 2.78000e+03
1.27200e+03 2.73700e+03
1.27100e+03 2.70100e+03
1.27300e+03 2.66400e+03
1.23400e+03 2.96300e+03
1.27200e+03 2.96100e+03
1.39000e+03 2.98200e+03
1.25200e+03 3.02500e+03
1.34300e+03 3.04900e+03
1.37200e+03 3.08700e+03
1.37200e+03 3.12800e+03
1.37300e+03 3.16600e+03
1.37100e+03 3.20100e+03
1.37200e+03 3.24000e+03
1.36900e+03 3.28700e+03
1.36900e+03 3.31700e+03
1.37400e+03 3.35800e+03
1.32800e+03 3.41700e+03
1.29400e+03 3.42100e+03
1.27100e+03 3.35700e+03
1.27600e+03 3.31800e+03
1.27400e+03 3.27800e+03
1.23300e+03 3.28000e+03
1.27300e+03 3.23900e+03
1.27500e+03 3.19900e+03
1.27300e+03 3.16400e+03
1.27600e+03 3.12600e+03
1.27500e+03 3.08500e+03
1.22400e+03 3.18400e+03
1.19400e+03 3.14400e+03
1.32000e+03 3.20100e+03
1.32200e+03 3.26000e+03
1.39200e+03 3.50400e+03
1.42300e+03 3.53200e+03
1.39900e+03 3.76400e+03
1.40800e+03 3.86200e+03
1.43900e+03 3.89000e+03
1.37000e+03 3.52800e+03
1.37000e+03 3.56900e+03
1.36800e+03 3.61200e+03
1.36900e+03 3.64600e+03
1.37100e+03 3.68300e+03
1.37000e+03 3.72300e+03
1.37000e+03 3.76500e+03
1.36700e+03 3.80100e+03
1.36800e+03 3.84000e+03
1.36700e+03 3.88200e+03
1.33100e+03 3.87100e+03
1.33200e+03 3.79200e+03
1.31200e+03 3.58600e+03
1.27400e+03 3.52800e+03
1.27200e+03 3.56700e+03
1.27200e+03 3.60600e+03
1.27200e+03 3.64800e+03
1.27300e+03 3.68300e+03
1.27200e+03 3.72200e+03
1.27300e+03 3.76400e+03
1.27400e+03 3.80800e+03
1.27400e+03 3.84100e+03
1.27400e+03 3.87900e+03
1.23400e+03 2.18200e+03
1.24800e+03 2.24100e+03
1.22600e+03 2.27600e+03
1.19500e+03 2.00600e+03
1.19800e+03 2.04300e+03
1.19900e+03 2.07900e+03
1.19700e+03 2.11900e+03
1.19900e+03 2.16200e+03
1.19600e+03 2.20000e+03
1.19800e+03 2.23800e+03
1.19500e+03 2.27800e+03
1.19700e+03 2.31700e+03
1.19800e+03 2.35700e+03
1.19600e+03 2.39200e+03
1.19700e+03 2.43200e+03
1.20600e+03 2.48900e+03
1.15700e+03 2.00300e+03
1.15700e+03 2.04200e+03
1.15800e+03 2.08100e+03
1.15800e+03 2.11800e+03
1.15900e+03 2.16200e+03
1.15600e+03 2.20000e+03
1.15600e+03 2.24000e+03
1.15600e+03 2.27800e+03
1.15900e+03 2.31500e+03
1.15700e+03 2.35100e+03
1.16000e+03 2.39300e+03
1.15900e+03 2.43100e+03
1.15500e+03 2.47200e+03
1.16100e+03 2.50900e+03
1.11900e+03 2.47000e+03
1.19100e+03 2.57600e+03
1.11900e+03 2.57300e+03
1.19400e+03 2.74000e+03
1.15500e+03 2.66100e+03
1.15900e+03 2.70000e+03
1.15900e+03 2.73800e+03
1.16000e+03 2.77600e+03
1.16100e+03 2.81500e+03
1.15900e+03 2.85400e+03
1.15700e+03 2.89200e+03
1.16300e+03 2.92900e+03
1.10800e+03 2.81500e+03
1.10800e+03 2.91200e+03
1.08200e+03 2.75800e+03
1.06200e+03 2.65700e+03
1.06300e+03 2.70100e+03
1.06400e+03 2.73900e+03
1.06200e+03 2.77600e+03
1.06300e+03 2.81600e+03
1.06100e+03 2.85000e+03
1.06000e+03 2.89400e+03
1.05900e+03 2.93300e+03
1.17600e+03 3.02800e+03
1.15800e+03 3.08800e+03
1.16000e+03 3.12600e+03
1.15500e+03 3.16600e+03
1.15800e+03 3.20100e+03
1.15900e+03 3.24200e+03
1.15700e+03 3.28200e+03
1.15800e+03 3.32000e+03
1.15800e+03 3.35600e+03
1.10900e+03 3.06800e+03
1.12100e+03 3.10500e+03
1.09700e+03 3.20600e+03
1.06400e+03 3.08800e+03
1.06200e+03 3.13100e+03
1.06400e+03 3.16200e+03
1.06200e+03 3.20300e+03
1.06100e+03 3.24100e+03
1.05900e+03 3.28000e+03
1.06100e+03 3.32000e+03
1.06200e+03 3.35700e+03
1.21300e+03 3.62500e+03
1.22400e+03 3.66700e+03
1.18600e+03 3.74300e+03
1.20400e+03 3.78300e+03
1.15700e+03 3.53000e+03
1.15800e+03 3.56900e+03
1.15900e+03 3.61100e+03
1.16000e+03 3.64500e+03
1.15300e+03 3.68600e+03
1.15800e+03 3.72900e+03
1.15800e+03 3.76500e+03
1.15600e+03 3.80100e+03
1.15700e+03 3.84300e+03
1.15700e+03 3.88000e+03
1.11800e+03 3.50100e+03
1.11800e+03 3.79400e+03
1.11800e+03 3.87000e+03
1.05900e+03 3.52900e+03
1.06100e+03 3.56800e+03
1.06300e+03 3.60700e+03
1.06200e+03 3.64700e+03
1.06100e+03 3.68200e+03
1.06200e+03 3.73000e+03
1.05900e+03 3.76300e+03
1.06100e+03 3.80100e+03
1.05900e+03 3.84200e+03
1.06000e+03 3.88000e+03
9.54000e+02 1.97600e+03
9.55000e+02 2.02300e+03
1.08300e+03 2.02600e+03
1.07300e+03 2.06100e+03
1.01200e+03 2.10000e+03
1.07200e+03 2.19800e+03
9.81000e+02 2.27900e+03
1.05000e+03 2.50700e+03
9.64000e+02 2.62400e+03
1.00500e+03 2.68100e+03
9.84000e+02 2.71900e+03
1.03100e+03 3.00900e+03
1.00400e+03 3.05900e+03
9.70000e+02 3.01800e+03
1.00300e+03 3.42600e+03
9.68000e+02 3.42500e+03
9.28000e+02 2.00600e+03
9.28000e+02 2.04800e+03
9.28000e+02 2.08100e+03
9.27000e+02 2.12200e+03
9.27000e+02 2.15900e+03
9.28000e+02 2.20000e+03
9.25000e+02 2.24100e+03
9.27000e+02 2.27600e+03
9.26000e+02 2.31700e+03
9.28000e+02 2.35400e+03
9.26000e+02 2.39100e+03
9.29000e+02 2.42900e+03
9.26000e+02 2.46900e+03
9.24000e+02 2.50800e+03
8.86000e+02 2.00300e+03
8.89000e+02 2.04500e+03
8.88000e+02 2.08300e+03
8.88000e+02 2.12000e+03
8.89000e+02 2.15900e+03
8.87000e+02 2.20100e+03
8.86000e+02 2.24100e+03
8.90000e+02 2.27600e+03
8.86000e+02 2.31500e+03
8.88000e+02 2.35300e+03
8.88000e+02 2.39200e+03
8.86000e+02 2.43000e+03
8.87000e+02 2.46800e+03
8.89000e+02 2.50900e+03
9.10000e+02 2.58800e+03
9.47000e+02 2.66200e+03
8.69000e+02 2.63300e+03
9.47000e+02 2.65900e+03
9.46000e+02 2.70000e+03
9.46000e+02 2.74000e+03
9.46000e+02 2.77700e+03
9.47000e+02 2.81500e+03
9.45000e+02 2.85600e+03
9.47000e+02 2.89400e+03
9.44000e+02 2.93200e+03
8.47000e+02 2.92900e+03
8.48000e+02 2.89100e+03
8.50000e+02 2.85400e+03
8.47000e+02 2.81300e+03
8.48000e+02 2.77500e+03
8.47000e+02 2.73600e+03
8.49000e+02 2.69900e+03
8.49000e+02 2.66500e+03
8.63000e+02 2.98700e+03
8.67000e+02 3.01900e+03
9.44000e+02 3.02100e+03
9.41000e+02 3.08800e+03
9.44000e+02 3.12700e+03
9.45000e+02 3.16000e+03
9.45000e+02 3.20300e+03
9.43000e+02 3.24200e+03
9.45000e+02 3.27500e+03
9.46000e+02 3.32100e+03
9.45000e+02 3.35900e+03
8.49000e+02 3.08700e+03
8.49000e+02 3.12500e+03
8.50000e+02 3.16200e+03
8.48000e+02 3.20200e+03
8.50000e+02 3.24200e+03
8.50000e+02 3.28300e+03
8.53000e+02 3.31900e+03
9.38000e+02 3.44100e+03
9.10000e+02 3.44000e+03
9.43000e+02 3.53000e+03
9.47000e+02 3.57000e+03
9.43000e+02 3.60900e+03
9.46000e+02 3.64700e+03
9.47000e+02 3.68300e+03
9.47000e+02 3.72500e+03
9.47000e+02 3.76100e+03
9.46000e+02 3.80300e+03
9.46000e+02 3.84300e+03
9.46000e+02 3.88300e+03
9.04000e+02 3.70300e+03
9.28000e+02 3.74200e+03
9.04000e+02 3.79300e+03
8.95000e+02 3.83400e+03
8.97000e+02 3.85900e+03
8.67000e+02 3.52200e+03
8.48000e+02 3.60700e+03
8.48000e+02 3.64700e+03
8.49000e+02 3.68300e+03
8.48000e+02 3.72700e+03
8.52000e+02 3.75700e+03
8.50000e+02 3.80000e+03
8.49000e+02 3.84100e+03
8.50000e+02 3.87800e+03
8.26000e+02 3.82100e+03
8.11000e+02 3.85800e+03
6.94000e+02 1.95500e+03
8.24000e+02 1.97600e+03
8.04000e+02 2.04100e+03
7.93000e+02 2.08100e+03
7.62000e+02 2.11700e+03
8.03000e+02 2.14200e+03
7.50000e+02 2.15900e+03
7.73000e+02 2.18000e+03
8.61000e+02 2.48700e+03
8.31000e+02 2.50300e+03
8.42000e+02 2.58300e+03
7.59000e+02 2.71800e+03
7.91000e+02 2.77900e+03
7.80000e+02 2.96700e+03
8.29000e+02 3.00000e+03
8.08000e+02 3.23700e+03
8.19000e+02 3.27900e+03
7.60000e+02 3.31900e+03
7.80000e+02 3.42400e+03
8.08000e+02 3.44400e+03
7.85000e+02 3.52700e+03
7.80000e+02 3.57200e+03
7.48000e+02 3.55000e+03
7.50000e+02 3.70800e+03
6.55000e+02 1.96600e+03
6.56000e+02 2.01100e+03
6.55000e+02 2.04000e+03
6.56000e+02 2.08200e+03
6.58000e+02 2.12300e+03
6.56000e+02 2.16000e+03
6.56000e+02 2.19800e+03
6.58000e+02 2.23900e+03
6.57000e+02 2.27400e+03
6.57000e+02 2.31400e+03
6.57000e+02 2.35600e+03
6.57000e+02 2.39000e+03
6.54000e+02 2.43000e+03
6.55000e+02 2.46900e+03
6.56000e+02 2.50900e+03
5.99000e+02 2.00400e+03
5.97000e+02 2.04200e+03
5.98000e+02 2.08100e+03
5.96000e+02 2.12200e+03
5.98000e+02 2.16100e+03
5.99000e+02 2.19600e+03
6.00000e+02 2.23900e+03
5.97000e+02 2.27800e+03
5.97000e+02 2.31700e+03
5.98000e+02 2.35400e+03
5.97000e+02 2.39300e+03
5.98000e+02 2.43200e+03
5.97000e+02 2.51600e+03
5.98000e+02 2.55100e+03
7.34000e+02 2.66300e+03
7.35000e+02 2.70100e+03
7.35000e+02 2.74100e+03
7.35000e+02 2.78000e+03
7.35000e+02 2.81400e+03
7.34000e+02 2.85100e+03
7.32000e+02 2.89600e+03
7.34000e+02 2.93200e+03
7.04000e+02 2.83400e+03
6.80000e+02 2.77100e+03
6.89000e+02 2.69300e+03
6.97000e+02 2.63000e+03
6.57000e+02 2.88100e+03
6.39000e+02 2.59500e+03
6.36000e+02 2.63100e+03
6.39000e+02 2.67300e+03
6.37000e+02 2.70800e+03
6.35000e+02 2.74800e+03
6.35000e+02 2.78700e+03
6.35000e+02 2.82200e+03
6.36000e+02 2.86300e+03
6.36000e+02 2.90200e+03
6.36000e+02 2.94400e+03
5.98000e+02 2.59200e+03
6.00000e+02 2.62900e+03
5.96000e+02 2.67100e+03
5.98000e+02 2.70700e+03
5.96000e+02 2.74800e+03
5.96000e+02 2.78700e+03
5.97000e+02 2.82500e+03
5.98000e+02 2.86300e+03
5.95000e+02 2.90000e+03
5.95000e+02 2.94300e+03
7.33000e+02 3.02000e+03
6.28000e+02 2.99800e+03
5.47000e+02 3.01000e+03
7.34000e+02 3.08700e+03
7.33000e+02 3.12500e+03
7.36000e+02 3.16400e+03
7.32000e+02 3.20200e+03
7.32000e+02 3.23700e+03
7.33000e+02 3.27700e+03
7.34000e+02 3.32000e+03
7.03000e+02 3.45900e+03
6.92000e+02 3.58700e+03
7.33000e+02 3.60700e+03
7.31000e+02 3.64400e+03
7.33000e+02 3.68700e+03
7.34000e+02 3.72300e+03
7.32000e+02 3.76700e+03
7.32000e+02 3.80400e+03
7.34000e+02 3.84400e+03
7.33000e+02 3.88000e+03
6.74000e+02 3.08600e+03
6.76000e+02 3.12200e+03
6.74000e+02 3.16900e+03
6.74000e+02 3.19900e+03
6.72000e+02 3.24100e+03
6.75000e+02 3.27900e+03
6.77000e+02 3.32000e+03
6.76000e+02 3.35900e+03
6.75000e+02 3.39600e+03
6.74000e+02 3.43600e+03
6.66000e+02 3.47200e+03
6.76000e+02 3.53100e+03
6.75000e+02 3.57100e+03
6.72000e+02 3.60900e+03
6.74000e+02 3.64800e+03
6.75000e+02 3.68400e+03
6.75000e+02 3.72600e+03
6.74000e+02 3.76400e+03
6.74000e+02 3.80200e+03
6.74000e+02 3.84400e+03
6.76000e+02 3.87700e+03
5.78000e+02 3.14400e+03
6.20000e+02 3.22300e+03
6.40000e+02 3.27100e+03
6.07000e+02 3.34100e+03
6.36000e+02 3.43900e+03
5.97000e+02 3.53300e+03
6.09000e+02 3.94000e+03
4.38000e+02 4.90000e+01
4.17000e+02 2.84000e+02
4.57000e+02 1.22000e+02
4.53000e+02 1.62000e+02
4.54000e+02 2.02000e+02
4.56000e+02 2.42000e+02
4.57000e+02 2.82000e+02
4.57000e+02 3.20000e+02
4.56000e+02 3.61000e+02
4.84000e+02 1.85000e+02
5.24000e+02 1.22000e+02
5.25000e+02 1.66000e+02
5.26000e+02 2.04000e+02
5.23000e+02 2.45000e+02
5.24000e+02 2.83000e+02
5.26000e+02 3.23000e+02
5.24000e+02 3.61000e+02
5.59000e+02 3.90000e+02
3.90000e+02 4.10000e+02
3.63000e+02 4.70000e+01
3.39000e+02 1.24000e+02
3.40000e+02 1.65000e+02
3.40000e+02 2.04000e+02
3.42000e+02 2.43000e+02
3.41000e+02 2.82000e+02
3.41000e+02 3.23000e+02
3.42000e+02 3.59000e+02
3.22000e+02 4.80000e+01
3.02000e+02 1.27000e+02
3.00000e+02 1.63000e+02
3.02000e+02 2.03000e+02
3.01000e+02 2.44000e+02
3.02000e+02 2.85000e+02
3.05000e+02 3.25000e+02
3.04000e+02 3.62000e+02
2.47000e+02 3.82000e+02
2.23000e+02 2.82000e+02
2.12000e+02 1.10000e+02
2.33000e+02 5.00000e+01
1.69000e+02 4.10000e+01
1.86000e+02 1.28000e+02
1.86000e+02 1.64000e+02
1.86000e+02 2.03000e+02
1.89000e+02 2.46000e+02
1.86000e+02 2.85000e+02
1.86000e+02 3.22000e+02
1.88000e+02 3.61000e+02
1.48000e+02 3.58000e+02
1.47000e+02 3.22000e+02
1.47000e+02 2.87000e+02
1.50000e+02 2.44000e+02
1.49000e+02 2.07000e+02
1.49000e+02 1.66000e+02
1.49000e+02 1.29000e+02
1.11000e+02 1.68000e+02
9.10000e+01 5.10000e+01
5.40000e+01 4.80000e+01
3.30000e+01 1.26000e+02
3.30000e+01 1.67000e+02
3.50000e+01 1.18000e+02
3.50000e+01 2.48000e+02
3.30000e+01 3.60000e+02
3.10000e+01 3.64000e+02
3.30000e+01 3.68000e+02
3.40000e+01 3.72000e+02
3.30000e+01 3.23000e+02
3.40000e+01 3.62000e+02
6.30000e+01 3.60000e+02
9.00000e+01 3.24000e+02
5.34000e+02 4.73000e+02
5.29000e+02 6.10000e+02
4.94000e+02 5.04000e+02
4.67000e+02 4.75000e+02
4.37000e+02 5.32000e+02
4.54000e+02 6.03000e+02
3.97000e+02 5.24000e+02
4.15000e+02 4.79000e+02
3.66000e+02 6.04000e+02
3.22000e+02 5.24000e+02
3.12000e+02 4.65000e+02
2.72000e+02 5.22000e+02
2.73000e+02 5.71000e+02
2.62000e+02 4.36000e+02
2.29000e+02 4.52000e+02
2.24000e+02 4.84000e+02
1.19000e+02 5.73000e+02
1.17000e+02 5.26000e+02
5.40000e+01 5.74000e+02
5.20000e+01 4.93000e+02
6.40000e+01 4.53000e+02
4.00000e+00 5.54000e+02
-4.70000e+01 5.12000e+02
4.00000e+00 6.02000e+02
3.40000e+01 6.32000e+02
1.20000e+01 6.66000e+02
5.50000e+02 6.91000e+02
5.25000e+02 6.50000e+02
5.25000e+02 6.89000e+02
5.21000e+02 7.29000e+02
5.23000e+02 7.66000e+02
5.23000e+02 8.05000e+02
5.21000e+02 8.41000e+02
5.27000e+02 8.84000e+02
4.55000e+02 1.29900e+03
4.27000e+02 8.84000e+02
4.28000e+02 8.43000e+02
4.29000e+02 8.04000e+02
4.28000e+02 7.68000e+02
4.27000e+02 7.28000e+02
4.26000e+02 6.85000e+02
4.30000e+02 6.48000e+02
3.70000e+02 7.25000e+02
3.87000e+02 7.81000e+02
3.67000e+02 8.23000e+02
3.11000e+02 8.83000e+02
3.11000e+02 8.39000e+02
3.13000e+02 8.01000e+02
3.13000e+02 7.67000e+02
3.09000e+02 7.24000e+02
3.11000e+02 6.85000e+02
3.16000e+02 6.49000e+02
2.34000e+02 6.50000e+02
2.34000e+02 6.85000e+02
2.34000e+02 7.24000e+02
2.12000e+02 7.45000e+02
2.33000e+02 7.64000e+02
2.33000e+02 8.02000e+02
2.35000e+02 8.43000e+02
2.36000e+02 8.85000e+02
1.58000e+02 6.70000e+02
1.17000e+02 6.46000e+02
1.18000e+02 6.88000e+02
1.19000e+02 7.28000e+02
1.18000e+02 7.67000e+02
1.20000e+02 8.05000e+02
1.19000e+02 8.42000e+02
1.20000e+02 8.82000e+02
5.44000e+02 1.03800e+03
5.22000e+02 9.51000e+02
4.77000e+02 1.04600e+03
4.75000e+02 9.79000e+02
4.49000e+02 1.05000e+03
3.96000e+02 9.76000e+02
2.99000e+02 9.41000e+02
2.43000e+02 9.18000e+02
2.62000e+02 9.91000e+02
2.14000e+02 9.51000e+02
2.05000e+02 9.87000e+02
2.25000e+02 1.02600e+03
1.66000e+02 9.79000e+02
1.27000e+02 1.01500e+03
1.06000e+02 9.72000e+02
8.90000e+01 1.01700e+03
2.30000e+01 9.68000e+02
-6.10000e+01 8.01000e+02
-5.70000e+01 3.20000e+01
5.23000e+02 1.10300e+03
5.24000e+02 1.14300e+03
5.23000e+02 1.18300e+03
5.22000e+02 1.22300e+03
5.23000e+02 1.25600e+03
5.23000e+02 1.29600e+03
5.23000e+02 1.33700e+03
5.23000e+02 1.37700e+03
5.26000e+02 1.41500e+03
5.23000e+02 1.45400e+03
4.76000e+02 1.08400e+03
4.76000e+02 1.12100e+03
4.75000e+02 1.16200e+03
4.75000e+02 1.19900e+03
4.77000e+02 1.24100e+03
4.74000e+02 1.27700e+03
4.75000e+02 1.31600e+03
4.78000e+02 1.35500e+03
4.78000e+02 1.39400e+03
4.75000e+02 1.43100e+03
4.75000e+02 1.47300e+03
8.78000e+02 1.50600e+03
4.74000e+02 1.54900e+03
4.75000e+02 1.58700e+03
4.75000e+02 1.62500e+03
4.78000e+02 1.66500e+03
4.75000e+02 1.70600e+03
4.75000e+02 1.74300e+03
4.76000e+02 1.78100e+03
4.76000e+02 1.83000e+03
4.76000e+02 1.91200e+03
4.36000e+02 1.08700e+03
4.39000e+02 1.12300e+03
4.38000e+02 1.16000e+03
4.34000e+02 1.20200e+03
4.36000e+02 1.23800e+03
4.35000e+02 1.28100e+03
4.36000e+02 1.32000e+03
4.35000e+02 1.35700e+03
4.36000e+02 1.39600e+03
4.36000e+02 1.43500e+03
4.38000e+02 1.47300e+03
4.35000e+02 1.50200e+03
4.35000e+02 1.55200e+03
4.34000e+02 1.58700e+03
4.36000e+02 1.62700e+03
4.38000e+02 1.66500e+03
4.37000e+02 1.70300e+03
4.37000e+02 1.74400e+03
4.38000e+02 1.78100e+03
4.38000e+02 1.82200e+03
4.37000e+02 1.86200e+03
4.34000e+02 1.90000e+03
3.91000e+02 1.08600e+03
3.77000e+02 1.19200e+03
3.85000e+02 1.23000e+03
3.67000e+02 1.26800e+03
3.78000e+02 1.55100e+03
3.58000e+02 1.84100e+03
3.46000e+02 1.89900e+03
3.17000e+02 1.12200e+03
3.22000e+02 1.16200e+03
3.22000e+02 1.20000e+03
3.19000e+02 1.23900e+03
3.21000e+02 1.27700e+03
3.19000e+02 1.31700e+03
3.21000e+02 1.35300e+03
3.21000e+02 1.39400e+03
3.20000e+02 1.43000e+03
3.20000e+02 1.47100e+03
3.20000e+02 1.55000e+03
3.21000e+02 1.59000e+03
3.18000e+02 1.62500e+03
3.19000e+02 1.66400e+03
3.20000e+02 1.70400e+03
3.21000e+02 1.74300e+03
3.19000e+02 1.78400e+03
3.21000e+02 1.82100e+03
3.21000e+02 1.85900e+03
3.19000e+02 1.89900e+03
2.79000e+02 1.06100e+03
2.83000e+02 1.12200e+03
2.81000e+02 1.16100e+03
2.81000e+02 1.19800e+03
2.80000e+02 1.24000e+03
2.82000e+02 1.27400e+03
2.81000e+02 1.31800e+03
2.81000e+02 1.35500e+03
2.81000e+02 1.39500e+03
2.81000e+02 1.43500e+03
2.83000e+02 1.47300e+03
2.81000e+02 1.55000e+03
2.81000e+02 1.58400e+03
2.82000e+02 1.62600e+03
2.81000e+02 1.66700e+03
2.81000e+02 1.70400e+03
2.81000e+02 1.74300e+03
2.84000e+02 1.78300e+03
2.83000e+02 1.82200e+03
2.82000e+02 1.86000e+03
2.82000e+02 1.90000e+03
2.16000e+02 1.18100e+03
2.46000e+02 1.37300e+03
2.41000e+02 1.43300e+03
2.30000e+02 1.47100e+03
2.60000e+02 1.51400e+03
2.36000e+02 1.54100e+03
2.35000e+02 1.83800e+03
2.05000e+02 1.06300e+03
1.67000e+02 1.10000e+03
1.70000e+02 1.13100e+03
1.66000e+02 1.08400e+03
1.65000e+02 1.20200e+03
1.67000e+02 1.23900e+03
1.87000e+02 1.26000e+03
1.68000e+02 1.28100e+03
1.67000e+02 1.31500e+03
1.65000e+02 1.36000e+03
1.68000e+02 1.39100e+03
1.67000e+02 1.43400e+03
1.70000e+02 1.47100e+03
1.67000e+02 1.55000e+03
1.66000e+02 1.58700e+03
1.65000e+02 1.62600e+03
1.67000e+02 1.66500e+03
1.67000e+02 1.71100e+03
1.69000e+02 1.74300e+03
1.67000e+02 1.78100e+03
1.67000e+02 1.82000e+03
1.68000e+02 1.85800e+03
1.67000e+02 1.90100e+03
1.31000e+02 1.05500e+03
1.29000e+02 1.09400e+03
1.28000e+02 1.13200e+03
1.25000e+02 1.17200e+03
1.28000e+02 1.21300e+03
1.26000e+02 1.25000e+03
1.28000e+02 1.29000e+03
1.23000e+02 1.32700e+03
1.27000e+02 1.36700e+03
1.28000e+02 1.40500e+03
1.29000e+02 1.44300e+03
1.27000e+02 1.48500e+03
1.28000e+02 1.52200e+03
1.31000e+02 1.56000e+03
1.29000e+02 1.59900e+03
1.30000e+02 1.63800e+03
1.30000e+02 1.67800e+03
1.27000e+02 1.71300e+03
1.28000e+02 1.75300e+03
9.10000e+01 1.05800e+03
8.90000e+01 1.09700e+03
8.70000e+01 1.13100e+03
8.70000e+01 1.16900e+03
8.60000e+01 1.21100e+03
8.60000e+01 1.24800e+03
9.00000e+01 1.29200e+03
8.70000e+01 1.24000e+03
9.00000e+01 1.36900e+03
8.60000e+01 1.40800e+03
8.80000e+01 1.44500e+03
9.00000e+01 1.48300e+03
9.10000e+01 1.52000e+03
8.80000e+01 1.55800e+03
9.40000e+01 1.60600e+03
9.10000e+01 1.63900e+03
8.80000e+01 1.67600e+03
8.90000e+01 1.62900e+03
8.90000e+01 1.75800e+03
5.30000e+01 1.05700e+03
4.90000e+01 1.09400e+03
4.90000e+01 1.13500e+03
5.10000e+01 1.17500e+03
5.10000e+01 1.21300e+03
4.90000e+01 1.25100e+03
5.00000e+01 1.28800e+03
5.00000e+01 1.32800e+03
5.10000e+01 1.36600e+03
4.90000e+01 1.40400e+03
5.10000e+01 1.44400e+03
5.00000e+01 1.48300e+03
5.10000e+01 1.52200e+03
5.00000e+01 1.55800e+03
5.30000e+01 1.60000e+03
5.00000e+01 1.63700e+03
5.00000e+01 1.67300e+03
4.70000e+01 1.71200e+03
5.00000e+01 1.75400e+03
4.90000e+01 1.79500e+03
1.10000e+01 1.05500e+03
1.60000e+01 1.09500e+03
1.20000e+01 1.13400e+03
1.30000e+01 1.17300e+03
1.50000e+01 1.21000e+03
1.20000e+01 1.24900e+03
1.10000e+01 1.28900e+03
1.40000e+01 1.32800e+03
1.30000e+01 1.36800e+03
1.40000e+01 1.40600e+03
1.60000e+01 1.44100e+03
1.30000e+01 1.48200e+03
1.40000e+01 1.52100e+03
1.00000e+01 1.56100e+03
1.20000e+01 1.59400e+03
1.00000e+01 1.63700e+03
1.50000e+01 1.67800e+03
1.50000e+01 1.71400e+03
1.10000e+01 1.75300e+03
1.10000e+01 1.79300e+03
2.10000e+01 1.88200e+03
8.80000e+01 1.32700e+03
8.80000e+01 1.71200e+03
5.03000e+02 2.00200e+03
5.12000e+02 2.04000e+03
5.42000e+02 2.09900e+03
5.21000e+02 2.14000e+03
5.34000e+02 2.17900e+03
4.84000e+02 2.09800e+03
4.34000e+02 2.06200e+03
4.14000e+02 2.02000e+03
3.94000e+02 2.13700e+03
4.26000e+02 2.19800e+03
4.63000e+02 2.27700e+03
4.84000e+02 2.31300e+03
4.15000e+02 2.29200e+03
4.35000e+02 2.37300e+03
4.36000e+02 2.43700e+03
4.63000e+02 2.43800e+03
4.94000e+02 2.45800e+03
4.84000e+02 2.51600e+03
4.84000e+02 2.55200e+03
4.83000e+02 2.59200e+03
4.83000e+02 2.63000e+03
4.84000e+02 2.67100e+03
4.83000e+02 2.70700e+03
4.84000e+02 2.74800e+03
4.82000e+02 2.78400e+03
4.82000e+02 2.82400e+03
4.84000e+02 2.86300e+03
4.85000e+02 2.90300e+03
4.83000e+02 2.93900e+03
5.21000e+02 2.94100e+03
5.20000e+02 2.89900e+03
5.23000e+02 2.86200e+03
5.21000e+02 2.82300e+03
5.21000e+02 2.78700e+03
5.24000e+02 2.74500e+03
5.20000e+02 2.70900e+03
5.21000e+02 2.66900e+03
5.22000e+02 2.63100e+03
5.20000e+02 2.59300e+03
4.73000e+02 3.01100e+03
3.37000e+02 1.93300e+03
3.59000e+02 1.96400e+03
3.68000e+02 2.00100e+03
3.68000e+02 2.03900e+03
3.67000e+02 2.07900e+03
3.67000e+02 2.11800e+03
3.68000e+02 2.16000e+03
3.67000e+02 2.19700e+03
3.67000e+02 2.23800e+03
3.68000e+02 2.27500e+03
3.68000e+02 2.31300e+03
3.70000e+02 2.35100e+03
3.69000e+02 2.39200e+03
3.65000e+02 2.42700e+03
3.22000e+02 2.08000e+03
3.19000e+02 2.11800e+03
3.18000e+02 2.15600e+03
3.19000e+02 2.19900e+03
3.18000e+02 2.23300e+03
3.19000e+02 2.27400e+03
3.19000e+02 2.31500e+03
3.18000e+02 2.35200e+03
3.19000e+02 2.39400e+03
3.18000e+02 2.42800e+03
2.90000e+02 1.97200e+03
2.81000e+02 1.99900e+03
2.82000e+02 2.04200e+03
2.80000e+02 2.07800e+03
2.78000e+02 2.11500e+03
2.80000e+02 2.16100e+03
2.80000e+02 2.19500e+03
2.79000e+02 2.23600e+03
2.81000e+02 2.27800e+03
2.80000e+02 2.31200e+03
2.81000e+02 2.35500e+03
2.80000e+02 2.39200e+03
2.77000e+02 2.42700e+03
3.48000e+02 2.50300e+03
3.85000e+02 2.52400e+03
3.87000e+02 2.55400e+03
3.65000e+02 2.58200e+03
3.76000e+02 2.62200e+03
3.94000e+02 2.75000e+03
3.95000e+02 2.95200e+03
3.08000e+02 2.52600e+03
2.79000e+02 2.52700e+03
2.80000e+02 2.56300e+03
3.21000e+02 2.60400e+03
2.83000e+02 2.60000e+03
3.16000e+02 2.64000e+03
2.82000e+02 2.64000e+03
3.21000e+02 2.68000e+03
2.80000e+02 2.67900e+03
3.20000e+02 2.71700e+03
2.82000e+02 2.71700e+03
3.20000e+02 2.75700e+03
2.79000e+02 2.75500e+03
3.18000e+02 2.79800e+03
2.83000e+02 2.79400e+03
3.19000e+02 2.83300e+03
2.81000e+02 2.83200e+03
3.18000e+02 2.87000e+03
2.82000e+02 2.86900e+03
3.21000e+02 2.91000e+03
2.80000e+02 2.91000e+03
3.20000e+02 2.94900e+03
2.81000e+02 2.94900e+03
5.57000e+02 3.08900e+03
5.59000e+02 3.12500e+03
5.56000e+02 3.16400e+03
5.58000e+02 3.20100e+03
5.58000e+02 3.24000e+03
5.59000e+02 3.27900e+03
5.58000e+02 3.31700e+03
5.59000e+02 3.35600e+03
5.61000e+02 3.39300e+03
5.60000e+02 3.43700e+03
4.90000e+02 3.27700e+03
4.63000e+02 3.08500e+03
4.62000e+02 3.12200e+03
4.64000e+02 3.16300e+03
4.63000e+02 3.20000e+03
4.61000e+02 3.23500e+03
4.64000e+02 3.27800e+03
4.62000e+02 3.31600e+03
4.64000e+02 3.35500e+03
4.63000e+02 3.39500e+03
4.64000e+02 3.43400e+03
5.58000e+02 3.53200e+03
5.59000e+02 3.56800e+03
5.59000e+02 3.60400e+03
5.62000e+02 3.64500e+03
5.58000e+02 3.68500e+03
5.61000e+02 3.72400e+03
5.58000e+02 3.76600e+03
5.59000e+02 3.80000e+03
5.60000e+02 3.83900e+03
5.61000e+02 3.87900e+03
5.20000e+02 3.76000e+03
5.09000e+02 3.80000e+03
5.11000e+02 3.84000e+03
5.09000e+02 3.87900e+03
4.60000e+02 3.48900e+03
4.43000e+02 3.51900e+03
4.52000e+02 3.56500e+03
4.64000e+02 3.60600e+03
4.63000e+02 3.64400e+03
4.61000e+02 3.68500e+03
4.62000e+02 3.72100e+03
4.63000e+02 3.76100e+03
4.62000e+02 3.80100e+03
4.62000e+02 3.84000e+03
4.62000e+02 3.87700e+03
4.44000e+02 3.03600e+03
3.57000e+02 3.03700e+03
3.94000e+02 3.26000e+03
3.97000e+02 3.33900e+03
3.96000e+02 3.41800e+03
3.84000e+02 3.51200e+03
3.88000e+02 3.54800e+03
3.74000e+02 3.60900e+03
4.03000e+02 3.64600e+03
4.24000e+02 3.68700e+03
4.06000e+02 3.74300e+03
4.05000e+02 3.90600e+03
4.42000e+02 3.91900e+03
3.44000e+02 3.08700e+03
3.49000e+02 3.12400e+03
3.46000e+02 3.16200e+03
3.47000e+02 3.20100e+03
3.48000e+02 3.23800e+03
3.47000e+02 3.27500e+03
3.46000e+02 3.31700e+03
3.49000e+02 3.35800e+03
3.47000e+02 3.39700e+03
3.49000e+02 3.43200e+03
3.49000e+02 3.47700e+03
3.47000e+02 3.51100e+03
3.48000e+02 3.54700e+03
3.46000e+02 3.60400e+03
3.46000e+02 3.64300e+03
3.47000e+02 3.68700e+03
3.48000e+02 3.72400e+03
3.46000e+02 3.76200e+03
3.48000e+02 3.79800e+03
3.44000e+02 3.83900e+03
3.47000e+02 3.87600e+03
3.24000e+02 3.41300e+03
3.07000e+02 3.50100e+03
2.96000e+02 3.55800e+03
3.27000e+02 3.62900e+03
2.96000e+02 3.74300e+03
2.70000e+02 3.12400e+03
2.72000e+02 3.16100e+03
2.69000e+02 3.19700e+03
2.72000e+02 3.23800e+03
2.70000e+02 3.27900e+03
2.71000e+02 3.31800e+03
2.73000e+02 3.35600e+03
2.50000e+02 3.22000e+03
2.31000e+02 3.28800e+03
2.21000e+02 3.33800e+03
2.42000e+02 3.37700e+03
2.63000e+02 3.45300e+03
2.52000e+02 3.52900e+03
2.12000e+02 3.47000e+03
2.11000e+02 3.51400e+03
2.72000e+02 3.58700e+03
2.70000e+02 3.62400e+03
2.68000e+02 3.66500e+03
2.70000e+02 3.70600e+03
2.70000e+02 3.74200e+03
2.70000e+02 3.78400e+03
2.70000e+02 3.82000e+03
2.70000e+02 3.85800e+03
2.71000e+02 3.91600e+03
2.13000e+02 3.82400e+03
1.94000e+02 3.91700e+03
2.23000e+02 2.02100e+03
2.22000e+02 2.14000e+03
2.34000e+02 2.41000e+03
2.31000e+02 2.49000e+03
2.02000e+02 2.07900e+03
2.03000e+02 2.12000e+03
2.02000e+02 2.15900e+03
2.03000e+02 2.19700e+03
2.01000e+02 2.23700e+03
2.04000e+02 2.27400e+03
2.04000e+02 2.31600e+03
2.02000e+02 2.35300e+03
2.00000e+02 2.39200e+03
2.04000e+02 2.42800e+03
2.03000e+02 2.60200e+03
2.04000e+02 2.64300e+03
2.05000e+02 2.69900e+03
2.05000e+02 2.72100e+03
2.04000e+02 2.75900e+03
2.04000e+02 2.79900e+03
2.04000e+02 2.83600e+03
2.03000e+02 2.87700e+03
2.04000e+02 2.91300e+03
2.04000e+02 2.95300e+03
1.64000e+02 2.00300e+03
1.65000e+02 2.04200e+03
1.65000e+02 2.08100e+03
1.64000e+02 2.12000e+03
1.64000e+02 2.15900e+03
1.65000e+02 2.19700e+03
1.64000e+02 2.23300e+03
1.64000e+02 2.27400e+03
1.66000e+02 2.31500e+03
1.65000e+02 2.35100e+03
1.64000e+02 2.39200e+03
1.64000e+02 2.43000e+03
1.65000e+02 2.48700e+03
1.64000e+02 2.52300e+03
1.66000e+02 2.56700e+03
1.65000e+02 2.60200e+03
1.66000e+02 2.64300e+03
1.63000e+02 2.68300e+03
1.65000e+02 2.72100e+03
1.65000e+02 2.75900e+03
1.64000e+02 2.79900e+03
1.63000e+02 2.83700e+03
1.66000e+02 2.86900e+03
1.66000e+02 2.91100e+03
1.64000e+02 2.95400e+03
1.28000e+02 2.08000e+03
1.27000e+02 2.14000e+03
1.27000e+02 2.18000e+03
1.25000e+02 2.21900e+03
1.25000e+02 2.25800e+03
1.27000e+02 2.29600e+03
1.25000e+02 2.15800e+03
1.28000e+02 2.37300e+03
1.27000e+02 2.41600e+03
1.26000e+02 2.44800e+03
1.28000e+02 2.48900e+03
1.27000e+02 2.52800e+03
1.27000e+02 2.56400e+03
1.26000e+02 2.60700e+03
1.27000e+02 2.64200e+03
1.26000e+02 2.68300e+03
1.26000e+02 2.72000e+03
1.28000e+02 2.76000e+03
1.27000e+02 2.79600e+03
1.24000e+02 2.83400e+03
1.27000e+02 2.87400e+03
1.29000e+02 2.91400e+03
7.80000e+01 1.99000e+03
8.80000e+01 2.13700e+03
9.00000e+01 2.17700e+03
8.70000e+01 2.21800e+03
8.70000e+01 2.25800e+03
9.00000e+01 2.29800e+03
9.10000e+01 2.34300e+03
9.00000e+01 2.37300e+03
9.20000e+01 2.42000e+03
8.90000e+01 2.44900e+03
8.70000e+01 2.48900e+03
8.60000e+01 2.52400e+03
9.00000e+01 2.56500e+03
8.80000e+01 2.60400e+03
8.90000e+01 2.64300e+03
8.70000e+01 2.67900e+03
8.90000e+01 2.71800e+03
8.90000e+01 2.75700e+03
9.00000e+01 2.80600e+03
8.80000e+01 2.83500e+03
8.70000e+01 2.87200e+03
8.80000e+01 2.91100e+03
5.00000e+01 2.13700e+03
5.00000e+01 2.17600e+03
5.10000e+01 2.21600e+03
4.90000e+01 2.25700e+03
5.00000e+01 2.29400e+03
4.90000e+01 2.33400e+03
4.90000e+01 2.37000e+03
4.80000e+01 2.40800e+03
5.00000e+01 2.44900e+03
5.00000e+01 2.48900e+03
5.00000e+01 2.52500e+03
4.90000e+01 2.56400e+03
5.00000e+01 2.60300e+03
5.00000e+01 2.64300e+03
4.90000e+01 2.68100e+03
5.00000e+01 2.71700e+03
5.00000e+01 2.75700e+03
5.10000e+01 2.79600e+03
4.90000e+01 2.83400e+03
4.90000e+01 2.87400e+03
-2.30000e+01 1.99400e+03
1.00000e+01 2.13700e+03
1.20000e+01 2.17800e+03
1.10000e+01 2.21700e+03
1.10000e+01 2.25600e+03
1.10000e+01 2.29200e+03
1.10000e+01 2.33300e+03
1.30000e+01 2.37800e+03
1.00000e+01 2.41100e+03
9.00000e+00 2.44800e+03
1.00000e+01 2.48400e+03
9.00000e+00 2.52400e+03
1.10000e+01 2.56300e+03
1.00000e+01 2.60100e+03
1.00000e+01 2.64000e+03
1.10000e+01 2.68200e+03
9.00000e+00 2.71800e+03
1.00000e+01 2.75400e+03
1.00000e+01 2.80100e+03
1.00000e+01 2.83400e+03
1.10000e+01 2.87200e+03
1.26000e+02 2.33400e+03
1.73000e+02 3.14300e+03
1.74000e+02 3.18400e+03
1.55000e+02 3.12300e+03
1.54000e+02 3.16200e+03
1.56000e+02 3.20300e+03
1.54000e+02 3.24100e+03
1.54000e+02 3.27800e+03
1.54000e+02 3.31400e+03
1.56000e+02 3.35500e+03
1.53000e+02 3.39700e+03
1.36000e+02 3.46800e+03
1.35000e+02 3.51000e+03
1.55000e+02 3.55100e+03
1.56000e+02 3.59100e+03
1.55000e+02 3.62700e+03
1.55000e+02 3.66500e+03
1.54000e+02 3.70700e+03
1.52000e+02 3.74400e+03
1.56000e+02 3.79100e+03
1.55000e+02 3.82200e+03
1.57000e+02 3.86100e+03
1.15000e+02 3.54700e+03
1.14000e+02 3.58500e+03
1.14000e+02 3.60000e+03
1.13000e+02 3.61000e+03
1.13000e+02 3.62400e+03
1.12000e+02 3.66300e+03
1.12000e+02 3.69900e+03
1.12000e+02 3.73900e+03
1.12000e+02 3.77900e+03
1.16000e+02 3.81900e+03
1.13000e+02 3.85800e+03
1.14000e+02 3.89800e+03
1.05000e+02 3.10200e+03
1.03000e+02 3.15900e+03
1.07000e+02 3.25600e+03
1.05000e+02 3.29500e+03
1.05000e+02 3.37500e+03
6.60000e+01 3.21500e+03
6.40000e+01 3.37400e+03
7.50000e+01 3.46200e+03
3.60000e+01 3.46000e+03
7.50000e+01 3.54600e+03
3.70000e+01 3.54700e+03
7.60000e+01 3.62400e+03
3.50000e+01 3.62200e+03
7.70000e+01 3.70200e+03
3.70000e+01 3.70100e+03
7.70000e+01 3.77800e+03
3.70000e+01 3.78000e+03
7.80000e+01 3.85800e+03
3.60000e+01 3.85600e+03
-4.00000e+00 3.87300e+03
1.70000e+01 2.05200e+03
1.60000e+01 2.96200e+03
-6.60000e+01 3.13400e+03
-6.80000e+01 3.90500e+03
3.80000e+01 3.94100e+03
2.83000e+03 4.00000e+01
2.83000e+03 7.70000e+01
2.83000e+03 1.14000e+02
2.83100e+03 1.55000e+02
2.83000e+03 1.94000e+02
2.83100e+03 2.31000e+02
2.83100e+03 2.69000e+02
2.83100e+03 3.09000e+02
2.83000e+03 3.47000e+02
2.83000e+03 3.84000e+02
2.79200e+03 3.50000e+01
2.79200e+03 7.50000e+01
2.79000e+03 1.15000e+02
2.79200e+03 1.53000e+02
2.79100e+03 1.91000e+02
2.79100e+03 2.31000e+02
2.79000e+03 2.71000e+02
2.79100e+03 3.06000e+02
2.79100e+03 3.45000e+02
2.79200e+03 3.84000e+02
2.80000e+03 4.60000e+02
2.80100e+03 4.99000e+02
2.80100e+03 5.38000e+02
2.80000e+03 5.78000e+02
2.80200e+03 6.20000e+02
2.80000e+03 6.54000e+02
2.80000e+03 6.94000e+02
2.80200e+03 7.32000e+02
2.80000e+03 7.72000e+02
2.80000e+03 8.10000e+02
2.76200e+03 4.59000e+02
2.76100e+03 4.97000e+02
2.76100e+03 5.40000e+02
2.76100e+03 5.78000e+02
2.76200e+03 5.91000e+02
2.76300e+03 6.56000e+02
2.76200e+03 6.94000e+02
2.76100e+03 7.31000e+02
2.76200e+03 7.70000e+02
2.76100e+03 8.08000e+02
2.80100e+03 9.46000e+02
2.80300e+03 1.03400e+03
2.72300e+03 9.43000e+02
2.72400e+03 1.02900e+03
2.70200e+03 1.00300e+03
2.80000e+03 1.09800e+03
2.79900e+03 1.13700e+03
2.83100e+03 1.15800e+03
2.80100e+03 1.17800e+03
2.80000e+03 1.21600e+03
2.82900e+03 1.23700e+03
2.80100e+03 1.25400e+03
2.80000e+03 1.29200e+03
2.80000e+03 1.33100e+03
2.80100e+03 1.37000e+03
2.79900e+03 1.40900e+03
2.80400e+03 1.45000e+03
2.75900e+03 1.09800e+03
2.76200e+03 1.13800e+03
2.76200e+03 1.17800e+03
2.76100e+03 1.21300e+03
2.76300e+03 1.25500e+03
2.76100e+03 1.29300e+03
2.76300e+03 1.33000e+03
2.76100e+03 1.36900e+03
2.75900e+03 1.41100e+03
2.76100e+03 1.44600e+03
2.76200e+03 6.17000e+02
2.80100e+03 1.50700e+03
2.80000e+03 1.54800e+03
2.80100e+03 1.58100e+03
2.80100e+03 1.61900e+03
2.79900e+03 1.65600e+03
2.80000e+03 1.69800e+03
2.80000e+03 1.73800e+03
2.80000e+03 1.78100e+03
2.79900e+03 1.82000e+03
2.80000e+03 1.85600e+03
2.76000e+03 1.50600e+03
2.76000e+03 1.54300e+03
2.76300e+03 1.58600e+03
2.76100e+03 1.62100e+03
2.76100e+03 1.65900e+03
2.76100e+03 1.69800e+03
2.76200e+03 1.73700e+03
2.76100e+03 1.77500e+03
2.76200e+03 1.82100e+03
2.76200e+03 1.85300e+03
2.80000e+03 2.06700e+03
2.79800e+03 2.10200e+03
2.79900e+03 2.14300e+03
2.80100e+03 2.18300e+03
2.80000e+03 2.22100e+03
2.80100e+03 2.26200e+03
2.80000e+03 2.29900e+03
2.80000e+03 2.33700e+03
2.80100e+03 2.37600e+03
2.80000e+03 2.41400e+03
2.76000e+03 2.06600e+03
2.76000e+03 2.10500e+03
2.76100e+03 2.14400e+03
2.76100e+03 2.18400e+03
2.76300e+03 2.22200e+03
2.76000e+03 2.25900e+03
2.76100e+03 2.29700e+03
2.76000e+03 2.33800e+03
2.76100e+03 2.37200e+03
2.80000e+03 2.41100e+03
2.80000e+03 2.49100e+03
2.77200e+03 2.51200e+03
2.73200e+03 2.49100e+03
2.78800e+03 2.16700e+03
2.76200e+03 2.67600e+03
2.73200e+03 2.61800e+03
2.76100e+03 2.90300e+03
2.76100e+03 2.98300e+03
2.79900e+03 3.04100e+03
2.80000e+03 3.08300e+03
2.79900e+03 3.11700e+03
2.79900e+03 3.08500e+03
2.79900e+03 3.19500e+03
2.79800e+03 3.23400e+03
2.79900e+03 3.27400e+03
2.79800e+03 3.31200e+03
2.79800e+03 3.35000e+03
2.79700e+03 3.38900e+03
2.79900e+03 3.42700e+03
2.80000e+03 3.46400e+03
2.86400e+03 3.47400e+03
2.86500e+03 3.51500e+03
2.79800e+03 3.56300e+03
2.79800e+03 3.79600e+03
2.79700e+03 3.79400e+03
2.69800e+03 3.90000e+01
2.69700e+03 1.16000e+02
2.71600e+03 1.91000e+02
2.69600e+03 5.40000e+02
2.70400e+03 1.43700e+03
2.70400e+03 1.58300e+03
2.70300e+03 1.68000e+03
2.69400e+03 2.22100e+03
2.70400e+03 2.31700e+03
2.71400e+03 2.34500e+03
2.73300e+03 2.37400e+03
2.72000e+03 3.10000e+03
2.72100e+03 3.14700e+03
2.75200e+03 3.19800e+03
2.71200e+03 3.19400e+03
2.68300e+03 3.19600e+03
2.64200e+03 3.19500e+03
2.76300e+03 3.29200e+03
2.76100e+03 3.33200e+03
2.76100e+03 3.36900e+03
2.76000e+03 3.40900e+03
2.73200e+03 3.46700e+03
2.70100e+03 3.62100e+03
2.69900e+03 3.85200e+03
2.78100e+03 3.94000e+03
2.70100e+03 3.94000e+03
2.62300e+03 3.94500e+03
2.62100e+03 -5.00000e+00
2.74400e+03 1.80000e+01
2.64900e+03 2.50000e+01
2.60900e+03 4.80000e+01
2.65900e+03 9.40000e+01
2.65800e+03 1.34000e+02
2.65900e+03 1.71000e+02
2.65800e+03 2.08000e+02
2.65700e+03 2.48000e+02
2.66000e+03 2.85000e+02
2.65900e+03 3.25000e+02
2.65900e+03 3.68000e+02
2.54500e+03 9.20000e+01
2.54300e+03 1.31000e+02
2.54300e+03 1.70000e+02
2.54100e+03 2.12000e+02
2.53800e+03 2.48000e+02
2.54400e+03 2.88000e+02
2.54100e+03 2.46000e+02
2.54100e+03 3.62000e+02
2.57100e+03 2.70000e+02
2.57100e+03 3.25000e+02
2.48500e+03 3.60000e+01
2.52400e+03 5.40000e+01
2.49400e+03 2.49000e+02
2.59000e+03 3.93000e+02
2.64100e+03 4.11000e+02
2.65900e+03 4.41000e+02
2.66000e+03 5.00000e+02
2.66000e+03 5.38000e+02
2.65800e+03 5.77000e+02
2.65900e+03 6.18000e+02
2.66000e+03 6.56000e+02
2.66100e+03 7.01000e+02
2.65800e+03 7.33000e+02
2.65900e+03 7.72000e+02
2.58200e+03 4.39000e+02
2.59200e+03 5.21000e+02
2.58100e+03 7.70000e+02
2.54300e+03 4.97000e+02
2.54200e+03 5.36000e+02
2.54300e+03 5.79000e+02
2.54200e+03 6.15000e+02
2.54200e+03 6.57000e+02
2.54300e+03 6.91000e+02
2.54300e+03 7.34000e+02
2.54100e+03 7.71000e+02
2.54200e+03 8.08000e+02
2.54300e+03 8.47000e+02
2.54000e+03 8.77000e+02
2.61700e+03 8.47000e+02
2.62000e+03 9.16000e+02
2.57000e+03 1.00400e+03
2.52900e+03 1.00300e+03
2.65600e+03 1.04200e+03
2.65800e+03 1.08200e+03
2.65600e+03 1.11800e+03
2.65700e+03 1.15900e+03
2.65600e+03 1.20000e+03
2.65700e+03 1.23600e+03
2.65700e+03 1.27200e+03
2.65700e+03 1.31400e+03
2.61600e+03 1.13700e+03
2.61700e+03 1.19500e+03
2.62400e+03 1.27300e+03
2.59800e+03 1.31400e+03
2.55800e+03 1.21400e+03
2.54200e+03 1.04000e+03
2.54000e+03 1.07900e+03
2.54100e+03 1.12100e+03
2.54000e+03 1.15600e+03
2.53900e+03 1.19500e+03
2.53900e+03 1.23100e+03
2.54000e+03 1.27200e+03
2.54000e+03 1.31100e+03
2.50100e+03 1.34200e+03
2.54000e+03 1.35800e+03
2.54000e+03 1.39800e+03
2.51200e+03 1.43600e+03
2.62800e+03 1.43500e+03
2.64300e+03 1.48400e+03
2.66700e+03 1.52400e+03
2.66600e+03 1.56000e+03
2.66500e+03 1.60100e+03
2.66700e+03 1.64000e+03
2.66500e+03 1.67900e+03
2.66500e+03 1.72800e+03
2.66600e+03 1.75500e+03
2.66600e+03 1.79400e+03
2.66500e+03 1.83600e+03
2.66700e+03 1.87300e+03
2.64600e+03 1.48600e+03
2.61700e+03 1.52500e+03
2.62800e+03 1.71500e+03
2.61800e+03 1.75600e+03
2.54800e+03 1.52400e+03
2.55000e+03 1.56100e+03
2.55200e+03 1.60000e+03
2.55000e+03 1.64000e+03
2.55000e+03 1.67700e+03
2.55100e+03 1.71700e+03
2.55100e+03 1.75600e+03
2.55100e+03 1.79800e+03
2.54900e+03 1.83200e+03
2.55000e+03 1.87400e+03
2.57900e+03 1.89300e+03
2.66500e+03 1.93500e+03
2.64700e+03 1.99100e+03
2.66700e+03 2.02500e+03
2.66700e+03 2.06400e+03
2.66700e+03 2.10400e+03
2.66500e+03 2.13900e+03
2.66600e+03 2.17800e+03
2.66500e+03 2.22000e+03
2.66500e+03 2.25400e+03
2.54800e+03 2.25800e+03
2.54900e+03 2.21800e+03
2.54900e+03 2.18000e+03
2.55000e+03 2.14100e+03
2.54900e+03 2.10300e+03
2.54800e+03 2.06400e+03
2.54800e+03 2.02500e+03
2.53800e+03 1.98700e+03
2.59000e+03 2.33300e+03
2.66600e+03 2.32800e+03
2.66700e+03 2.39400e+03
2.66700e+03 2.43200e+03
2.66600e+03 2.47000e+03
2.66600e+03 2.50800e+03
2.66500e+03 2.55000e+03
2.66500e+03 2.58600e+03
2.66600e+03 2.62600e+03
2.54900e+03 2.39300e+03
2.54800e+03 2.43100e+03
2.54900e+03 2.47300e+03
2.54800e+03 2.51200e+03
2.54600e+03 2.54800e+03
2.55000e+03 2.59100e+03
2.54800e+03 2.62700e+03
2.68700e+03 2.71600e+03
2.68600e+03 2.86800e+03
2.64700e+03 2.71100e+03
2.64500e+03 2.86600e+03
2.64300e+03 2.90600e+03
2.64500e+03 2.98400e+03
2.60400e+03 2.90500e+03
2.60500e+03 3.10900e+03
2.60500e+03 3.13600e+03
2.60600e+03 3.29000e+03
2.60600e+03 3.33300e+03
2.60600e+03 3.36800e+03
2.60400e+03 3.41000e+03
2.56800e+03 3.03700e+03
2.56800e+03 3.07900e+03
2.56800e+03 3.11900e+03
2.56700e+03 3.15700e+03
2.56600e+03 3.19500e+03
2.56700e+03 3.23400e+03
2.56800e+03 3.27400e+03
2.56600e+03 3.31000e+03
2.56800e+03 3.35000e+03
2.56600e+03 3.38600e+03
2.56700e+03 3.42800e+03
2.56800e+03 3.46600e+03
2.35200e+03 8.90000e+01
2.34800e+03 1.25000e+02
2.34900e+03 1.68000e+02
2.34900e+03 2.08000e+02
2.35000e+03 2.44000e+02
2.34900e+03 2.86000e+02
2.35000e+03 3.22000e+02
2.40000e+03 3.33000e+02
2.46600e+03 3.23000e+02
2.40600e+03 2.07000e+02
2.37800e+03 1.68000e+02
2.41700e+03 1.30000e+02
2.39700e+03 7.00000e+01
2.46800e+03 2.83000e+02
2.46700e+03 2.42000e+02
2.49400e+03 2.45000e+02
2.46700e+03 2.08000e+02
2.46200e+03 1.68000e+02
2.46500e+03 1.29000e+02
2.46500e+03 9.00000e+01
2.42100e+03 3.83000e+02
2.37700e+03 4.49000e+02
2.45800e+03 3.92000e+02
2.46800e+03 4.67000e+02
2.50700e+03 5.61000e+02
2.35100e+03 5.34000e+02
2.35200e+03 5.74000e+02
2.35000e+03 6.14000e+02
2.35000e+03 6.52000e+02
2.35200e+03 6.91000e+02
2.35000e+03 7.27000e+02
2.35100e+03 7.68000e+02
2.46700e+03 7.65000e+02
2.46600e+03 7.29000e+02
2.46600e+03 6.92000e+02
2.46600e+03 6.49000e+02
2.46600e+03 6.13000e+02
2.46600e+03 5.74000e+02
2.46700e+03 5.40000e+02
2.51300e+03 5.72000e+02
2.35000e+03 8.27000e+02
2.41800e+03 8.36000e+02
2.43800e+03 8.75000e+02
2.47500e+03 8.33000e+02
2.49500e+03 9.41000e+02
2.38800e+03 9.42000e+02
2.34800e+03 9.40000e+02
2.47500e+03 1.00800e+03
2.46600e+03 1.03800e+03
2.35100e+03 1.04000e+03
2.35000e+03 1.07500e+03
2.34900e+03 1.11400e+03
2.34700e+03 1.15200e+03
2.34900e+03 1.19200e+03
2.34900e+03 1.23200e+03
2.34800e+03 1.27000e+03
2.34800e+03 1.30700e+03
2.38800e+03 1.20900e+03
2.40800e+03 1.11600e+03
2.46800e+03 1.31000e+03
2.46600e+03 1.26900e+03
2.46500e+03 1.23200e+03
2.48400e+03 1.21200e+03
2.46500e+03 1.19000e+03
2.46500e+03 1.15800e+03
2.46200e+03 1.11200e+03
2.46600e+03 1.07500e+03
2.36700e+03 1.35400e+03
2.38000e+03 1.43300e+03
2.33800e+03 1.45200e+03
2.41500e+03 1.48200e+03
2.43600e+03 1.43100e+03
2.42500e+03 1.39400e+03
2.42600e+03 1.35800e+03
2.46500e+03 1.47100e+03
2.47300e+03 1.37300e+03
2.32100e+03 1.52200e+03
2.32000e+03 1.55700e+03
2.32000e+03 1.59800e+03
2.31800e+03 1.63800e+03
2.32000e+03 1.67300e+03
2.32100e+03 1.71700e+03
2.32200e+03 1.75500e+03
2.32100e+03 1.79400e+03
2.32100e+03 1.83200e+03
2.32200e+03 1.87200e+03
2.34900e+03 1.83100e+03
2.37700e+03 1.87000e+03
2.37800e+03 1.83000e+03
2.37800e+03 1.78900e+03
2.37800e+03 1.75200e+03
2.37800e+03 1.71400e+03
2.37700e+03 1.67900e+03
2.37600e+03 1.63700e+03
2.37800e+03 1.59700e+03
2.37800e+03 1.55800e+03
2.38000e+03 1.52400e+03
2.52500e+03 1.88000e+03
2.49300e+03 1.86800e+03
2.49500e+03 1.83000e+03
2.49300e+03 1.79100e+03
2.49200e+03 1.75300e+03
2.49300e+03 1.71400e+03
2.49100e+03 1.67600e+03
2.49200e+03 1.63400e+03
2.49300e+03 1.60100e+03
2.49400e+03 1.55900e+03
2.49400e+03 1.34900e+03
2.37800e+03 2.02200e+03
2.37900e+03 2.05900e+03
2.37700e+03 2.09900e+03
2.37900e+03 2.13700e+03
2.37700e+03 2.17700e+03
2.37900e+03 2.21800e+03
2.37900e+03 2.25400e+03
2.45400e+03 2.04100e+03
2.47400e+03 1.95300e+03
2.49500e+03 2.28800e+03
2.49300e+03 2.25500e+03
2.49400e+03 2.21800e+03
2.49100e+03 2.17600e+03
2.49200e+03 2.13800e+03
2.49300e+03 2.10000e+03
2.49300e+03 2.06100e+03
2.49500e+03 2.02200e+03
2.37700e+03 2.38800e+03
2.37800e+03 2.42500e+03
2.37700e+03 2.46800e+03
2.37600e+03 2.50100e+03
2.37700e+03 2.54700e+03
2.37900e+03 2.58600e+03
2.37800e+03 2.62400e+03
2.37800e+03 2.66300e+03
2.40600e+03 2.42800e+03
2.43700e+03 2.50500e+03
2.44800e+03 2.62400e+03
2.49500e+03 2.66500e+03
2.49500e+03 2.62300e+03
2.49500e+03 2.58500e+03
2.49300e+03 2.54700e+03
2.49300e+03 2.50600e+03
2.49500e+03 2.46800e+03
2.49400e+03 2.42900e+03
2.49400e+03 2.39100e+03
2.37900e+03 2.74900e+03
2.37700e+03 2.78600e+03
2.37700e+03 2.82500e+03
2.37500e+03 2.86500e+03
2.37800e+03 2.90300e+03
2.37600e+03 2.94300e+03
2.37700e+03 2.98100e+03
2.44600e+03 2.76900e+03
2.43600e+03 2.72900e+03
2.52900e+03 2.97900e+03
2.51500e+03 3.01300e+03
2.49400e+03 2.98200e+03
2.49100e+03 2.94200e+03
2.49100e+03 2.90200e+03
2.49200e+03 2.86500e+03
2.49200e+03 2.82500e+03
2.49300e+03 2.78600e+03
2.49300e+03 2.74800e+03
2.53100e+03 2.82700e+03
2.53100e+03 2.78700e+03
2.53000e+03 2.71000e+03
2.37600e+03 3.05700e+03
2.37600e+03 3.09500e+03
2.37600e+03 3.13600e+03
2.37800e+03 3.17500e+03
2.37700e+03 3.21200e+03
2.37700e+03 3.25100e+03
2.37500e+03 3.28800e+03
2.37700e+03 3.32800e+03
2.37800e+03 3.36800e+03
2.37600e+03 3.40800e+03
2.42400e+03 3.42600e+03
2.45400e+03 3.44400e+03
2.49400e+03 3.40300e+03
2.49500e+03 3.36800e+03
2.49300e+03 3.32600e+03
2.49200e+03 3.28600e+03
2.49300e+03 3.24800e+03
2.49300e+03 3.21000e+03
2.49300e+03 3.17000e+03
2.49200e+03 3.12700e+03
2.49400e+03 3.09500e+03
2.49500e+03 3.05900e+03
2.39000e+03 3.55000e+03
2.38500e+03 3.69500e+03
2.50400e+03 3.81300e+03
2.26800e+03 3.81300e+03
2.15000e+03 9.10000e+01
2.15000e+03 1.29000e+02
2.14900e+03 1.65000e+02
2.14700e+03 2.09000e+02
2.14900e+03 2.44000e+02
2.14700e+03 2.82000e+02
2.14900e+03 3.23000e+02
2.17900e+03 2.43000e+02
2.19100e+03 6.60000e+01
2.22800e+03 7.60000e+01
2.22700e+03 1.08000e+02
2.21800e+03 3.03000e+02
2.24000e+03 3.41000e+02
2.26700e+03 3.25000e+02
2.26800e+03 2.82000e+02
2.32600e+03 3.06000e+02
2.26700e+03 2.43000e+02
2.30200e+03 2.23000e+02
2.26500e+03 2.03000e+02
2.30500e+03 1.88000e+02
2.26400e+03 1.67000e+02
2.26700e+03 1.27000e+02
2.26500e+03 8.70000e+01
2.30300e+03 7.20000e+01
2.11100e+03 4.28000e+02
2.11100e+03 4.66000e+02
2.18700e+03 4.26000e+02
2.24600e+03 4.86000e+02
2.26600e+03 4.64000e+02
2.31700e+03 4.68000e+02
2.22900e+03 4.06000e+02
2.15000e+03 5.34000e+02
2.14900e+03 5.73000e+02
2.14700e+03 6.11000e+02
2.14400e+03 6.51000e+02
2.15000e+03 6.91000e+02
2.14800e+03 7.28000e+02
2.14800e+03 8.48000e+02
2.12800e+03 8.07000e+02
2.17800e+03 6.11000e+02
2.18800e+03 6.42000e+02
2.22500e+03 5.15000e+02
2.22500e+03 5.55000e+02
2.23300e+03 7.28000e+02
2.30300e+03 7.67000e+02
2.26700e+03 7.67000e+02
2.26600e+03 7.30000e+02
2.30300e+03 7.09000e+02
2.26500e+03 6.89000e+02
2.31200e+03 6.50000e+02
2.26600e+03 6.51000e+02
2.26700e+03 6.15000e+02
2.26200e+03 5.71000e+02
2.26600e+03 5.34000e+02
2.13000e+03 8.03000e+02
2.16700e+03 8.48000e+02
2.24500e+03 8.43000e+02
2.28600e+03 8.85000e+02
2.16700e+03 9.21000e+02
2.13600e+03 9.39000e+02
2.14900e+03 1.03100e+03
2.14800e+03 1.06300e+03
2.14700e+03 1.10700e+03
2.14900e+03 1.14300e+03
2.14500e+03 1.18300e+03
2.14600e+03 1.21900e+03
2.14600e+03 1.26100e+03
2.14800e+03 1.30000e+03
2.14800e+03 1.33300e+03
2.14600e+03 1.37700e+03
2.19500e+03 1.37800e+03
2.19300e+03 1.22100e+03
2.20600e+03 1.18100e+03
2.18600e+03 1.14200e+03
2.20600e+03 1.10600e+03
2.22400e+03 1.06600e+03
2.26500e+03 1.37500e+03
2.26500e+03 1.33900e+03
2.26100e+03 1.29600e+03
2.26300e+03 1.26000e+03
2.26400e+03 1.22000e+03
2.29100e+03 1.22100e+03
2.26300e+03 1.18200e+03
2.28100e+03 1.16400e+03
2.26400e+03 1.14300e+03
2.26300e+03 1.10400e+03
2.26100e+03 1.06500e+03
2.26100e+03 1.02600e+03
2.25300e+03 1.46300e+03
2.17300e+03 1.46200e+03
2.14600e+03 1.52000e+03
2.14500e+03 1.55800e+03
2.14700e+03 1.59700e+03
2.14600e+03 1.63500e+03
2.14400e+03 1.67700e+03
2.14700e+03 1.71600e+03
2.14500e+03 1.75300e+03
2.14400e+03 1.79300e+03
2.14700e+03 1.83100e+03
2.14600e+03 1.87000e+03
2.20400e+03 1.86800e+03
2.20600e+03 1.83000e+03
2.20500e+03 1.78900e+03
2.20600e+03 1.75300e+03
2.20500e+03 1.71400e+03
2.20200e+03 1.67300e+03
2.20400e+03 1.63500e+03
2.20400e+03 1.59600e+03
2.20300e+03 1.55700e+03
2.20300e+03 1.52100e+03
2.25100e+03 1.81300e+03
2.24000e+03 1.55800e+03
2.25200e+03 1.52100e+03
2.30800e+03 1.96600e+03
2.31000e+03 1.92700e+03
2.26100e+03 1.92200e+03
2.19400e+03 1.92100e+03
2.13400e+03 1.95100e+03
2.14800e+03 2.08000e+03
2.14600e+03 2.12200e+03
2.14300e+03 2.16100e+03
2.14400e+03 2.20000e+03
2.14800e+03 2.24000e+03
2.14600e+03 2.27800e+03
2.14500e+03 2.31600e+03
2.14500e+03 2.35400e+03
2.14600e+03 2.39300e+03
2.14600e+03 2.43400e+03
2.18600e+03 2.13600e+03
2.24400e+03 2.45000e+03
2.20400e+03 2.43000e+03
2.20300e+03 2.39100e+03
2.20400e+03 2.27300e+03
2.20500e+03 2.31400e+03
2.19900e+03 2.27300e+03
2.20400e+03 2.23900e+03
2.23000e+03 2.25400e+03
2.20500e+03 2.19700e+03
2.20300e+03 2.15800e+03
2.20500e+03 2.60200e+03
2.20500e+03 2.08300e+03
2.24100e+03 2.06200e+03
2.20400e+03 2.04300e+03
2.20300e+03 2.01400e+03
2.25400e+03 2.02600e+03
2.32800e+03 2.02400e+03
2.31900e+03 2.08000e+03
2.31900e+03 2.12200e+03
2.31800e+03 2.16500e+03
2.28700e+03 2.16900e+03
2.31900e+03 2.20200e+03
2.29000e+03 2.23000e+03
2.31900e+03 2.23800e+03
2.31900e+03 2.27700e+03
2.29100e+03 2.29700e+03
2.32000e+03 2.31600e+03
2.32100e+03 2.35500e+03
2.31900e+03 2.39600e+03
2.31900e+03 2.43000e+03
2.34800e+03 2.39600e+03
2.16700e+03 2.53700e+03
2.16400e+03 2.57600e+03
2.16300e+03 2.62400e+03
2.13600e+03 2.64100e+03
2.11500e+03 2.58400e+03
2.10700e+03 2.66100e+03
2.10600e+03 2.70100e+03
2.10700e+03 2.74000e+03
2.10500e+03 2.77500e+03
2.10600e+03 2.81900e+03
2.10400e+03 2.85500e+03
2.10500e+03 2.89400e+03
2.10500e+03 2.93300e+03
2.10600e+03 2.99200e+03
2.17500e+03 3.02900e+03
2.22200e+03 2.99000e+03
2.18700e+03 2.93200e+03
2.18300e+03 2.89300e+03
2.18500e+03 2.85300e+03
2.20900e+03 2.81300e+03
2.18600e+03 2.81400e+03
2.18200e+03 2.77800e+03
2.18500e+03 2.73800e+03
2.18400e+03 2.70000e+03
2.18300e+03 2.66100e+03
2.21200e+03 2.69900e+03
2.25200e+03 2.73900e+03
2.30000e+03 2.99100e+03
2.30000e+03 2.96400e+03
2.30100e+03 2.93300e+03
2.30100e+03 2.89600e+03
2.29800e+03 2.85400e+03
2.29900e+03 2.81600e+03
2.29700e+03 2.77600e+03
2.29600e+03 2.73800e+03
2.29900e+03 2.70000e+03
2.30000e+03 2.66000e+03
2.33700e+03 2.70300e+03
2.33600e+03 2.66300e+03
2.33800e+03 2.62000e+03
2.29000e+03 2.58500e+03
2.10600e+03 3.08700e+03
2.07500e+03 3.10400e+03
2.10800e+03 3.12300e+03
2.10700e+03 3.16500e+03
2.10500e+03 3.20100e+03
2.10700e+03 3.24200e+03
2.10600e+03 3.27700e+03
2.10300e+03 3.31800e+03
2.10600e+03 3.35900e+03
2.10600e+03 3.41600e+03
2.18500e+03 3.35600e+03
2.18500e+03 3.31900e+03
2.18400e+03 3.27700e+03
2.18100e+03 3.24200e+03
2.18400e+03 3.20100e+03
2.18400e+03 3.16300e+03
2.18300e+03 3.12200e+03
2.18200e+03 3.08100e+03
2.22200e+03 3.22200e+03
2.27900e+03 3.18400e+03
2.32800e+03 3.07700e+03
2.29800e+03 3.08400e+03
2.29900e+03 3.12500e+03
2.29800e+03 3.16500e+03
2.29600e+03 3.20500e+03
2.29900e+03 3.23900e+03
2.29500e+03 3.28000e+03
2.30000e+03 3.32400e+03
2.29900e+03 3.35500e+03
2.33900e+03 3.26000e+03
2.32700e+03 3.41600e+03
2.06200e+03 3.60400e+03
2.10600e+03 3.60600e+03
2.16700e+03 3.61800e+03
2.10600e+03 3.64300e+03
2.10400e+03 3.68400e+03
2.10500e+03 3.72300e+03
2.10500e+03 3.76400e+03
2.10300e+03 3.80100e+03
2.10600e+03 3.84100e+03
2.10600e+03 3.88400e+03
2.16600e+03 3.85000e+03
2.09600e+03 7.10000e+01
2.09700e+03 2.27000e+02
2.05800e+03 8.60000e+01
2.06100e+03 1.31000e+02
2.06000e+03 1.70000e+02
2.05800e+03 2.09000e+02
2.05800e+03 2.48000e+02
2.05700e+03 2.85000e+02
2.05800e+03 3.28000e+02
1.99100e+03 1.87000e+02
1.97900e+03 3.25000e+02
1.93700e+03 5.30000e+01
1.94200e+03 9.00000e+01
1.94400e+03 1.30000e+02
1.94300e+03 1.67000e+02
1.94200e+03 2.09000e+02
1.94100e+03 2.46000e+02
1.94100e+03 2.85000e+02
1.93900e+03 3.25000e+02
2.03700e+03 4.10000e+02
2.01000e+03 4.88000e+02
2.06200e+03 5.38000e+02
2.06000e+03 5.74000e+02
2.05900e+03 6.15000e+02
2.05900e+03 6.51000e+02
2.06000e+03 6.91000e+02
2.05900e+03 7.32000e+02
2.05900e+03 7.72000e+02
2.05000e+03 8.12000e+02
1.98900e+03 7.33000e+02
1.99000e+03 5.76000e+02
1.94100e+03 5.36000e+02
1.94200e+03 5.72000e+02
1.94400e+03 6.14000e+02
1.94300e+03 6.54000e+02
1.94300e+03 6.93000e+02
1.94300e+03 7.29000e+02
1.94100e+03 7.71000e+02
1.95100e+03 8.96000e+02
2.05800e+03 9.81000e+02
2.07000e+03 1.03100e+03
2.06900e+03 1.06900e+03
2.06700e+03 1.10700e+03
2.06800e+03 1.14200e+03
2.06800e+03 1.18200e+03
2.06800e+03 1.22300e+03
2.06800e+03 1.25900e+03
2.07400e+03 1.29900e+03
2.10700e+03 1.32700e+03
2.06700e+03 1.36500e+03
2.02800e+03 1.31800e+03
2.03800e+03 1.28100e+03
2.02100e+03 1.24300e+03
2.00000e+03 1.20500e+03
1.95100e+03 1.25700e+03
1.95000e+03 1.22300e+03
1.95100e+03 1.18300e+03
1.95100e+03 1.14600e+03
1.95000e+03 1.11100e+03
1.95000e+03 1.06800e+03
1.95400e+03 1.02800e+03
1.95400e+03 9.72000e+02
1.95100e+03 8.93000e+02
1.97100e+03 1.08700e+03
2.00900e+03 1.03200e+03
1.89300e+03 1.34800e+03
1.91200e+03 1.40900e+03
1.94100e+03 1.42700e+03
2.00900e+03 1.43300e+03
2.00000e+03 1.38700e+03
2.02800e+03 1.52600e+03
2.02900e+03 1.56100e+03
2.02900e+03 1.59900e+03
2.02900e+03 1.63800e+03
2.02900e+03 1.68000e+03
2.02800e+03 1.71900e+03
2.02900e+03 1.75500e+03
2.02800e+03 1.79500e+03
2.02800e+03 1.83300e+03
2.02900e+03 1.87200e+03
2.07600e+03 1.81300e+03
2.09700e+03 1.85300e+03
2.04800e+03 1.95000e+03
2.01800e+03 1.93000e+03
1.97100e+03 1.52100e+03
1.97100e+03 1.56000e+03
1.97100e+03 1.60000e+03
1.97000e+03 1.64300e+03
1.96900e+03 1.67700e+03
1.97100e+03 1.71700e+03
1.97000e+03 1.75400e+03
1.96900e+03 1.79500e+03
1.96700e+03 1.35100e+03
1.96900e+03 1.87100e+03
2.06500e+03 2.02600e+03
2.10700e+03 2.09500e+03
2.08500e+03 2.14100e+03
2.09500e+03 2.22900e+03
2.11200e+03 2.31700e+03
2.00900e+03 2.02400e+03
2.03000e+03 2.08400e+03
2.02900e+03 2.12300e+03
2.02900e+03 2.16200e+03
2.02800e+03 2.20200e+03
2.02800e+03 2.23900e+03
2.02900e+03 2.27500e+03
2.02700e+03 2.31700e+03
2.02700e+03 2.35400e+03
2.02700e+03 2.39300e+03
2.02800e+03 2.43300e+03
1.97100e+03 2.08200e+03
1.97000e+03 2.12000e+03
1.97000e+03 2.16100e+03
1.97200e+03 2.20100e+03
1.97000e+03 2.23900e+03
1.96900e+03 2.27800e+03
1.97100e+03 2.31700e+03
1.97000e+03 2.35500e+03
1.97000e+03 2.39200e+03
1.96900e+03 2.43300e+03
1.97000e+03 2.46900e+03
1.94900e+03 2.55300e+03
2.00900e+03 2.57600e+03
2.00900e+03 2.62200e+03
2.02900e+03 2.66500e+03
1.98200e+03 2.66300e+03
1.98600e+03 2.70700e+03
1.98800e+03 2.74300e+03
1.98800e+03 2.77700e+03
1.98900e+03 2.81800e+03
1.98800e+03 2.85700e+03
1.98800e+03 2.89300e+03
1.98800e+03 2.93400e+03
1.91200e+03 2.66400e+03
1.91200e+03 2.70300e+03
1.91100e+03 2.73800e+03
1.91100e+03 2.77900e+03
1.91300e+03 2.81700e+03
1.91100e+03 2.85800e+03
1.91200e+03 2.89500e+03
1.91000e+03 2.93200e+03
2.02600e+03 2.99200e+03
1.92900e+03 3.04900e+03
1.99000e+03 3.08800e+03
1.99000e+03 3.12500e+03
1.98900e+03 3.16500e+03
1.98800e+03 3.20300e+03
1.99000e+03 3.24400e+03
1.98600e+03 3.28000e+03
1.98900e+03 3.31700e+03
1.98900e+03 3.35700e+03
1.98900e+03 3.41900e+03
2.03600e+03 3.31800e+03
2.04500e+03 3.38900e+03
1.91100e+03 3.41600e+03
1.90900e+03 3.35700e+03
1.91100e+03 3.31800e+03
1.91100e+03 3.27800e+03
1.91100e+03 3.24000e+03
1.91100e+03 3.20100e+03
1.91000e+03 3.16500e+03
1.91200e+03 3.12400e+03
1.91200e+03 3.08600e+03
1.93000e+03 3.04900e+03
2.02800e+03 2.99200e+03
1.98800e+03 3.60600e+03
1.98800e+03 3.64600e+03
1.98900e+03 3.68500e+03
1.98600e+03 3.72400e+03
1.98600e+03 3.76600e+03
1.98700e+03 3.80300e+03
1.98600e+03 3.84100e+03
1.98400e+03 3.88000e+03
2.01500e+03 3.80200e+03
2.03600e+03 3.84100e+03
2.01500e+03 3.88100e+03
1.94900e+03 3.60500e+03
1.94900e+03 3.64700e+03
1.94900e+03 3.81100e+03
1.94900e+03 3.88800e+03
1.89000e+03 3.54000e+03
1.91100e+03 3.57000e+03
1.91100e+03 3.60800e+03
1.91000e+03 3.64900e+03
1.91000e+03 3.68600e+03
1.91100e+03 3.72600e+03
1.91100e+03 3.76000e+03
1.91100e+03 3.80200e+03
1.91100e+03 3.84100e+03
1.91100e+03 3.88000e+03
1.89300e+03 3.82000e+03
1.87000e+03 3.78200e+03
1.88400e+03 9.00000e+01
1.88600e+03 2.45000e+02
1.89600e+03 3.65000e+02
1.84600e+03 9.10000e+01
1.84800e+03 1.32000e+02
1.84600e+03 1.68000e+02
1.84800e+03 2.11000e+02
1.84800e+03 2.49000e+02
1.84800e+03 2.86000e+02
1.85000e+03 3.27000e+02
1.78900e+03 7.30000e+01
1.78100e+03 1.28000e+02
1.80900e+03 1.82000e+02
1.81900e+03 2.14000e+02
1.77000e+03 3.60000e+02
1.76100e+03 4.49000e+02
1.80800e+03 4.53000e+02
1.83700e+03 4.38000e+02
1.90300e+03 5.16000e+02
1.85700e+03 5.40000e+02
1.85500e+03 5.76000e+02
1.85500e+03 6.15000e+02
1.85400e+03 6.52000e+02
1.88600e+03 6.97000e+02
1.85900e+03 6.94000e+02
1.85600e+03 7.34000e+02
1.82500e+03 7.31000e+02
1.85600e+03 7.70000e+02
1.91300e+03 7.70000e+02
1.89400e+03 8.29000e+02
1.84500e+03 8.26000e+02
1.84700e+03 9.04000e+02
1.86300e+03 9.81000e+02
1.86600e+03 1.02000e+03
1.86600e+03 1.05500e+03
1.86600e+03 1.09900e+03
1.86500e+03 1.13700e+03
1.86800e+03 1.17400e+03
1.86600e+03 1.21500e+03
1.86600e+03 1.25100e+03
1.86600e+03 1.29200e+03
1.86300e+03 1.32900e+03
1.86400e+03 1.36900e+03
1.86200e+03 1.40200e+03
1.83600e+03 1.21400e+03
1.74900e+03 9.79000e+02
1.74900e+03 1.01800e+03
1.75000e+03 1.05900e+03
1.74900e+03 1.09800e+03
1.74900e+03 1.13800e+03
1.74800e+03 1.17500e+03
1.74800e+03 1.21300e+03
1.75000e+03 1.25000e+03
1.74900e+03 1.29300e+03
1.71700e+03 1.29100e+03
1.74900e+03 1.33000e+03
1.75000e+03 1.37100e+03
1.75100e+03 1.40900e+03
1.69700e+03 1.38900e+03
1.92000e+03 1.56300e+03
1.93300e+03 1.64200e+03
1.89200e+03 1.63600e+03
1.91300e+03 1.78700e+03
1.85400e+03 1.52300e+03
1.85600e+03 1.56200e+03
1.85500e+03 1.60000e+03
1.85300e+03 1.64100e+03
1.85500e+03 1.67800e+03
1.85500e+03 1.71700e+03
1.85600e+03 1.75600e+03
1.85500e+03 1.79400e+03
1.85200e+03 1.83400e+03
1.85300e+03 1.95200e+03
1.93000e+03 2.02400e+03
1.92900e+03 2.23600e+03
1.94200e+03 2.27700e+03
1.92100e+03 2.31400e+03
1.92300e+03 2.38200e+03
1.93200e+03 2.43000e+03
1.88400e+03 2.45100e+03
1.85300e+03 2.02300e+03
1.85500e+03 2.08300e+03
1.85600e+03 2.12300e+03
1.85400e+03 2.16000e+03
1.85400e+03 2.20100e+03
1.85500e+03 2.23600e+03
1.85300e+03 2.27700e+03
1.85600e+03 2.31700e+03
1.85500e+03 2.35600e+03
1.85500e+03 2.39400e+03
1.85200e+03 2.43100e+03
1.91100e+03 2.52800e+03
1.87100e+03 2.52600e+03
1.85400e+03 2.64500e+03
1.85100e+03 2.99000e+03
1.83200e+03 3.29800e+03
1.83200e+03 3.33900e+03
1.69200e+03 3.20000e+01
1.73200e+03 9.10000e+01
1.73300e+03 1.27000e+02
1.71000e+03 2.33000e+02
1.73500e+03 1.70000e+02
1.73100e+03 2.09000e+02
1.73100e+03 2.51000e+02
1.73100e+03 2.88000e+02
1.73100e+03 3.25000e+02
1.68100e+03 2.13000e+02
1.68200e+03 2.49000e+02
1.64500e+03 9.10000e+01
1.64500e+03 1.29000e+02
1.64300e+03 1.67000e+02
1.64200e+03 2.08000e+02
1.64300e+03 2.49000e+02
1.64300e+03 2.85000e+02
1.64100e+03 3.22000e+02
1.73200e+03 4.49000e+02
1.65200e+03 4.50000e+02
1.73600e+03 5.37000e+02
1.74100e+03 5.75000e+02
1.74100e+03 6.14000e+02
1.74100e+03 6.58000e+02
1.71000e+03 6.55000e+02
1.74000e+03 6.92000e+02
1.74100e+03 7.30000e+02
1.74200e+03 7.66000e+02
1.65100e+03 5.34000e+02
1.65200e+03 5.75000e+02
1.65200e+03 6.14000e+02
1.65100e+03 6.53000e+02
1.65300e+03 6.92000e+02
1.65400e+03 7.30000e+02
1.65100e+03 7.70000e+02
1.65000e+03 8.56000e+02
1.78500e+03 2.00500e+03
1.78800e+03 2.04500e+03
1.78700e+03 2.08500e+03
1.78800e+03 2.12000e+03
1.78800e+03 2.16000e+03
1.78600e+03 2.20000e+03
1.78600e+03 2.23800e+03
1.78700e+03 2.27400e+03
1.78700e+03 2.31600e+03
1.75800e+03 2.31700e+03
1.78800e+03 2.35500e+03
1.75700e+03 2.37400e+03
1.78900e+03 2.36800e+03
1.78500e+03 2.43100e+03
1.77700e+03 2.47100e+03
1.72700e+03 1.94700e+03
1.73000e+03 1.98600e+03
1.70600e+03 2.08200e+03
1.70900e+03 2.42900e+03
1.66800e+03 2.00300e+03
1.66800e+03 2.04400e+03
1.66800e+03 2.08300e+03
1.66900e+03 2.12100e+03
1.66900e+03 2.16100e+03
1.67000e+03 2.20000e+03
1.67000e+03 2.23700e+03
1.66900e+03 2.27400e+03
1.66900e+03 2.31700e+03
1.66900e+03 2.35600e+03
1.66900e+03 2.39100e+03
1.66600e+03 2.43000e+03
1.79700e+03 2.52900e+03
1.74500e+03 2.56800e+03
1.68000e+03 2.51500e+03
1.63000e+03 2.53000e+03
1.79600e+03 2.66500e+03
1.79500e+03 2.70300e+03
1.79800e+03 2.74200e+03
1.79700e+03 2.77800e+03
1.79600e+03 2.81600e+03
1.79700e+03 2.85700e+03
1.79500e+03 2.89200e+03
1.79700e+03 2.93400e+03
1.73600e+03 2.71900e+03
1.73900e+03 2.77900e+03
1.72800e+03 2.85900e+03
1.72900e+03 2.91300e+03
1.73600e+03 2.96300e+03
1.69700e+03 2.66400e+03
1.69900e+03 2.70200e+03
1.70100e+03 2.74200e+03
1.69900e+03 2.77800e+03
1.69900e+03 2.81600e+03
1.69900e+03 2.85600e+03
1.69800e+03 2.89400e+03
1.69500e+03 2.93700e+03
1.79500e+03 3.08800e+03
1.79500e+03 3.12900e+03
1.79700e+03 3.16300e+03
1.79700e+03 3.20300e+03
1.79600e+03 3.24300e+03
1.79500e+03 3.27700e+03
1.79500e+03 3.32000e+03
1.79600e+03 3.35800e+03
1.71700e+03 3.02000e+03
1.73900e+03 3.18400e+03
1.69600e+03 3.04100e+03
1.69900e+03 3.06900e+03
1.70000e+03 3.10900e+03
1.70000e+03 3.14300e+03
1.69900e+03 3.18300e+03
1.70100e+03 3.22300e+03
1.69900e+03 3.26000e+03
1.67800e+03 3.28000e+03
1.70000e+03 3.30200e+03
1.70100e+03 3.33900e+03
1.69800e+03 3.37900e+03
1.69700e+03 3.41800e+03
1.79400e+03 3.57100e+03
1.79500e+03 3.60900e+03
1.79600e+03 3.64700e+03
1.79500e+03 3.68600e+03
1.79500e+03 3.72600e+03
1.79500e+03 3.76400e+03
1.79400e+03 3.80200e+03
1.79500e+03 3.84000e+03
1.79600e+03 3.88100e+03
1.69700e+03 3.56800e+03
1.69800e+03 3.60500e+03
1.69800e+03 3.64900e+03
1.69800e+03 3.68500e+03
1.69900e+03 3.72300e+03
1.69600e+03 3.76500e+03
1.69900e+03 3.79800e+03
1.69700e+03 3.84700e+03
1.69500e+03 3.87700e+03
1.70500e+03 3.91800e+03
1.44300e+03 8.80000e+01
1.44200e+03 1.27000e+02
1.44000e+03 1.67000e+02
1.44100e+03 2.04000e+02
1.44200e+03 2.42000e+02
1.44200e+03 2.82000e+02
1.44000e+03 3.21000e+02
1.48200e+03 3.02000e+02
1.48000e+03 2.62000e+02
1.48100e+03 2.23000e+02
1.47700e+03 6.80000e+01
1.52900e+03 8.60000e+01
1.52800e+03 1.26000e+02
1.53100e+03 1.67000e+02
1.52600e+03 2.04000e+02
1.53000e+03 2.45000e+02
1.52800e+03 2.83000e+02
1.53000e+03 3.23000e+02
1.54800e+03 3.66000e+02
1.56400e+03 3.31000e+02
1.41500e+03 4.58000e+02
1.40200e+03 5.74000e+02
1.41200e+03 6.10000e+02
1.45300e+03 4.55000e+02
1.45200e+03 4.92000e+02
1.45200e+03 5.34000e+02
1.45300e+03 5.72000e+02
1.45100e+03 6.12000e+02
1.45100e+03 6.52000e+02
1.45400e+03 6.87000e+02
1.45300e+03 7.31000e+02
1.45100e+03 7.65000e+02
1.45200e+03 8.05000e+02
1.45200e+03 8.44000e+02
1.45200e+03 8.80000e+02
1.54200e+03 8.91000e+02
1.53700e+03 8.09000e+02
1.54000e+03 7.67000e+02
1.54200e+03 7.27000e+02
1.61500e+03 7.65000e+02
1.57600e+03 7.08000e+02
1.53900e+03 6.89000e+02
1.53300e+03 6.47000e+02
1.54000e+03 6.10000e+02
1.53900e+03 5.73000e+02
1.53800e+03 5.34000e+02
1.51800e+03 4.55000e+02
1.41200e+03 1.05400e+03
1.43200e+03 1.07300e+03
1.45200e+03 1.05600e+03
1.44900e+03 1.09300e+03
1.45000e+03 1.13200e+03
1.44900e+03 1.17200e+03
1.45400e+03 1.21000e+03
1.45200e+03 1.25200e+03
1.45200e+03 1.28900e+03
1.45100e+03 1.32400e+03
1.45000e+03 1.36600e+03
1.45200e+03 1.40600e+03
1.50900e+03 1.20600e+03
1.52900e+03 1.29100e+03
1.57000e+03 1.05500e+03
1.57000e+03 1.09200e+03
1.56700e+03 1.13100e+03
1.56700e+03 1.17100e+03
1.56600e+03 1.20900e+03
1.56700e+03 1.25100e+03
1.56600e+03 1.29000e+03
1.56700e+03 1.32200e+03
1.56500e+03 1.37000e+03
1.56700e+03 1.40500e+03
1.58600e+03 1.23200e+03
1.60500e+03 1.19000e+03
1.66300e+03 1.17100e+03
1.66000e+03 1.08900e+03
1.66300e+03 1.05600e+03
1.59800e+03 1.99500e+03
1.49000e+03 2.08000e+03
1.49000e+03 2.12100e+03
1.48700e+03 2.15700e+03
1.48700e+03 2.19800e+03
1.48900e+03 2.23500e+03
1.48700e+03 2.27400e+03
1.48900e+03 2.31400e+03
1.48700e+03 2.35100e+03
1.49200e+03 2.39300e+03
1.48800e+03 2.42900e+03
1.51700e+03 2.19600e+03
1.55700e+03 2.21500e+03
1.55600e+03 2.07800e+03
1.60200e+03 2.07900e+03
1.60400e+03 2.11800e+03
1.60400e+03 2.07400e+03
1.60500e+03 2.19900e+03
1.60100e+03 2.23700e+03
1.60400e+03 2.27200e+03
1.60300e+03 2.31600e+03
1.60400e+03 2.35500e+03
1.60400e+03 2.39100e+03
1.60300e+03 2.42700e+03
1.47700e+03 2.49100e+03
1.45800e+03 2.54600e+03
1.46800e+03 2.61300e+03
1.49400e+03 2.55200e+03
1.54800e+03 2.55300e+03
1.59400e+03 2.54400e+03
1.60500e+03 2.49400e+03
1.48800e+03 2.65900e+03
1.48600e+03 2.70300e+03
1.48800e+03 2.73500e+03
1.48800e+03 2.77600e+03
1.45700e+03 2.77500e+03
1.48900e+03 2.81300e+03
1.48800e+03 2.85500e+03
1.45700e+03 2.89000e+03
1.48800e+03 2.89300e+03
1.48700e+03 2.93200e+03
1.54400e+03 2.77500e+03
1.54700e+03 2.69900e+03
1.53500e+03 2.66800e+03
1.58300e+03 2.66000e+03
1.58500e+03 2.70100e+03
1.58500e+03 2.73800e+03
1.58400e+03 2.77700e+03
1.58600e+03 2.81500e+03
1.58100e+03 2.85200e+03
1.58600e+03 2.89400e+03
1.58300e+03 2.93300e+03
1.48500e+03 3.01000e+03
1.43900e+03 3.04600e+03
1.44800e+03 3.12400e+03
1.48800e+03 3.08500e+03
1.49300e+03 3.12400e+03
1.48900e+03 3.16200e+03
1.48500e+03 3.20100e+03
1.49200e+03 3.24400e+03
1.48700e+03 3.27900e+03
1.49000e+03 3.31600e+03
1.48800e+03 3.35700e+03
1.58300e+03 3.06500e+03
1.62400e+03 3.10700e+03
1.58800e+03 3.10200e+03
1.58500e+03 3.14600e+03
1.58300e+03 3.18200e+03
1.60100e+03 3.20500e+03
1.58400e+03 3.22300e+03
1.58400e+03 3.25800e+03
1.58400e+03 3.30000e+03
1.58600e+03 3.34100e+03
1.58200e+03 3.37300e+03
1.58400e+03 3.41700e+03
1.61300e+03 3.42000e+03
1.63200e+03 3.43500e+03
1.64000e+03 3.47300e+03
1.67100e+03 3.46300e+03
1.49900e+03 3.49300e+03
1.48700e+03 3.52800e+03
1.48800e+03 3.57000e+03
1.48600e+03 3.59600e+03
1.48700e+03 3.64300e+03
1.48700e+03 3.68500e+03
1.48700e+03 3.72200e+03
1.48800e+03 3.76300e+03
1.48700e+03 3.80000e+03
1.48800e+03 3.84100e+03
1.48800e+03 3.87800e+03
1.54700e+03 3.70300e+03
1.54300e+03 3.74200e+03
1.58200e+03 3.57200e+03
1.58300e+03 3.60400e+03
1.58400e+03 3.64800e+03
1.58400e+03 3.68600e+03
1.58000e+03 3.72200e+03
1.58400e+03 3.76400e+03
1.58300e+03 3.80100e+03
1.58400e+03 3.84200e+03
1.58600e+03 3.87800e+03
1.62400e+03 3.86100e+03
1.63300e+03 3.90100e+03
1.66100e+03 3.88900e+03
1.62200e+03 3.64800e+03
1.63100e+03 3.60700e+03
1.65100e+03 3.56800e+03
1.18700e+03 1.14000e+02
1.22500e+03 8.30000e+01
1.25300e+03 9.10000e+01
1.28300e+03 8.60000e+01
1.25100e+03 1.28000e+02
1.24900e+03 1.63000e+02
1.25200e+03 2.06000e+02
1.23000e+03 2.25000e+02
1.25000e+03 2.45000e+02
1.28700e+03 2.43000e+02
1.25400e+03 2.83000e+02
1.25400e+03 3.24000e+02
1.29200e+03 3.24000e+02
1.31900e+03 4.80000e+01
1.32900e+03 8.30000e+01
1.32700e+03 1.26000e+02
1.32900e+03 1.66000e+02
1.32900e+03 2.04000e+02
1.33000e+03 2.44000e+02
1.32900e+03 2.84000e+02
1.32900e+03 3.21000e+02
1.39600e+03 6.80000e+01
1.41700e+03 1.28000e+02
1.41500e+03 1.67000e+02
1.40500e+03 2.11000e+02
1.36600e+03 2.65000e+02
1.37600e+03 3.33000e+02
1.41500e+03 3.27000e+02
1.26000e+03 5.33000e+02
1.26000e+03 5.71000e+02
1.25800e+03 6.10000e+02
1.25900e+03 6.48000e+02
1.25700e+03 6.89000e+02
1.25900e+03 7.27000e+02
1.25900e+03 7.65000e+02
1.25800e+03 8.04000e+02
1.25800e+03 8.64000e+02
1.29700e+03 6.11000e+02
1.29800e+03 5.74000e+02
1.29800e+03 5.31000e+02
1.33900e+03 4.53000e+02
1.33700e+03 4.93000e+02
1.33400e+03 5.33000e+02
1.33500e+03 5.73000e+02
1.33600e+03 6.12000e+02
1.33600e+03 6.50000e+02
1.33600e+03 6.89000e+02
1.33700e+03 7.33000e+02
1.33600e+03 7.68000e+02
1.33500e+03 8.03000e+02
1.33500e+03 8.44000e+02
1.33300e+03 8.85000e+02
1.38400e+03 8.06000e+02
1.27900e+03 9.90000e+02
1.27900e+03 1.06200e+03
1.23600e+03 1.13500e+03
1.23900e+03 1.17400e+03
1.23800e+03 1.21000e+03
1.23900e+03 1.25000e+03
1.23900e+03 1.28800e+03
1.23900e+03 1.32900e+03
1.23800e+03 1.36400e+03
1.23800e+03 1.40800e+03
1.20800e+03 1.40600e+03
1.23800e+03 1.44400e+03
1.27700e+03 1.19300e+03
1.31500e+03 1.15200e+03
1.29600e+03 1.31900e+03
1.35700e+03 1.06800e+03
1.35600e+03 1.13000e+03
1.35600e+03 1.17200e+03
1.40100e+03 9.76000e+02
1.39500e+03 1.19200e+03
1.35900e+03 1.21400e+03
1.37500e+03 1.23100e+03
1.35700e+03 1.25100e+03
1.35400e+03 1.28800e+03
1.35300e+03 1.32600e+03
1.35700e+03 1.36800e+03
1.35600e+03 1.40600e+03
1.05100e+03 8.80000e+01
1.04700e+03 1.25000e+02
1.04900e+03 1.70000e+02
1.04400e+03 2.06000e+02
1.04600e+03 2.46000e+02
1.04800e+03 2.80000e+02
1.04600e+03 3.22000e+02
1.09900e+03 3.34000e+02
1.10600e+03 1.27000e+02
1.09600e+03 9.50000e+01
1.13600e+03 8.60000e+01
1.13400e+03 1.28000e+02
1.13200e+03 1.62000e+02
1.13400e+03 2.04000e+02
1.13500e+03 2.47000e+02
1.13500e+03 2.80000e+02
1.13600e+03 3.22000e+02
1.15300e+03 3.87000e+02
1.18200e+03 3.39000e+02
1.23200e+03 3.95000e+02
1.03600e+03 4.56000e+02
1.09000e+03 4.25000e+02
1.16200e+03 4.65000e+02
1.23300e+03 5.07000e+02
1.04700e+03 5.34000e+02
1.04900e+03 5.72000e+02
1.04500e+03 6.08000e+02
1.04600e+03 6.50000e+02
1.04600e+03 6.89000e+02
1.04600e+03 7.30000e+02
1.04400e+03 7.63000e+02
1.04800e+03 8.05000e+02
1.04700e+03 8.47000e+02
1.04700e+03 8.87000e+02
1.10500e+03 8.05000e+02
1.09200e+03 7.64000e+02
1.07400e+03 7.27000e+02
1.08700e+03 6.13000e+02
1.08600e+03 5.33000e+02
1.12800e+03 6.33000e+02
1.14200e+03 5.29000e+02
1.14400e+03 5.73000e+02
1.14200e+03 6.10000e+02
1.14300e+03 6.50000e+02
1.14600e+03 6.90000e+02
1.14200e+03 7.29000e+02
1.14100e+03 7.68000e+02
1.14200e+03 8.04000e+02
1.18500e+03 5.92000e+02
1.22100e+03 6.48000e+02
1.21800e+03 8.61000e+02
1.18300e+03 8.63000e+02
1.09400e+03 9.00000e+02
1.08500e+03 9.28000e+02
1.02900e+03 9.42000e+02
1.02700e+03 9.98000e+02
1.14400e+03 1.00900e+03
1.17400e+03 9.96000e+02
1.20200e+03 1.00000e+03
1.17400e+03 9.42000e+02
9.98000e+02 1.06600e+03
9.98000e+02 1.10400e+03
9.95000e+02 1.14500e+03
9.99000e+02 1.18100e+03
9.97000e+02 1.22200e+03
9.96000e+02 1.26100e+03
9.97000e+02 1.29800e+03
9.98000e+02 1.33900e+03
9.96000e+02 1.39300e+03
1.05500e+03 1.43100e+03
1.09300e+03 1.45200e+03
1.09500e+03 1.42400e+03
1.05500e+03 1.40000e+03
1.05400e+03 1.36300e+03
1.08300e+03 1.38400e+03
1.09400e+03 1.35500e+03
