198
1.26240e+03 1.47900e+03
1.59260e+03 1.50440e+03
1.61800e+03 1.50440e+03
1.66880e+03 1.52980e+03
1.69420e+03 1.52980e+03
1.74500e+03 1.52980e+03
1.82120e+03 1.52980e+03
1.84660e+03 1.52980e+03
1.94820e+03 1.52980e+03
1.92280e+03 1.55520e+03
1.89740e+03 1.55520e+03
1.87200e+03 1.55520e+03
1.82120e+03 1.55520e+03
1.79580e+03 1.55520e+03
1.77040e+03 1.55520e+03
1.77040e+03 1.65680e+03
1.79580e+03 1.65680e+03
1.82120e+03 1.65680e+03
1.87200e+03 1.65680e+03
1.89740e+03 1.65680e+03
1.92280e+03 1.65680e+03
1.80850e+03 1.69490e+03
1.75770e+03 1.69490e+03
1.88470e+03 1.73300e+03
1.99900e+03 1.73300e+03
2.07520e+03 1.73300e+03
2.11330e+03 1.73300e+03
2.17680e+03 1.73300e+03
2.23650e+03 1.73300e+03
2.17680e+03 1.78380e+03
2.12600e+03 1.78380e+03
2.10060e+03 1.78380e+03
2.10060e+03 1.80920e+03
2.12600e+03 1.80920e+03
2.10060e+03 1.83460e+03
2.12600e+03 1.83460e+03
2.15140e+03 1.83460e+03
2.23650e+03 1.84730e+03
1.99900e+03 1.84730e+03
1.88470e+03 1.84730e+03
2.10060e+03 1.86000e+03
2.12600e+03 1.86000e+03
2.10060e+03 1.88540e+03
2.12600e+03 1.88540e+03
2.17680e+03 1.88540e+03
2.15140e+03 1.91080e+03
2.12600e+03 1.91080e+03
2.10060e+03 1.91080e+03
2.10060e+03 1.93620e+03
2.12600e+03 1.93620e+03
2.17680e+03 1.93620e+03
2.22760e+03 1.93620e+03
2.12600e+03 1.96160e+03
2.10060e+03 1.96160e+03
1.79580e+03 1.98700e+03
1.82120e+03 1.98700e+03
1.84660e+03 1.98700e+03
1.87200e+03 1.98700e+03
1.89740e+03 1.98700e+03
1.94820e+03 1.98700e+03
2.05620e+03 1.98700e+03
2.10060e+03 1.98700e+03
2.12600e+03 1.98700e+03
2.25300e+03 1.98700e+03
2.30380e+03 1.98700e+03
2.38000e+03 1.98700e+03
2.40540e+03 1.98700e+03
2.02440e+03 1.40280e+03
2.15140e+03 1.40280e+03
2.07520e+03 1.70760e+03
2.17680e+03 1.70760e+03
2.35080e+03 1.73300e+03
2.35080e+03 1.84730e+03
3.65210e+03 1.01030e+03
3.72570e+03 1.01030e+03
3.72570e+03 1.08650e+03
3.65210e+03 1.08650e+03
3.72620e+03 1.14880e+03
3.80240e+03 1.14880e+03
3.85320e+03 1.14880e+03
3.80240e+03 1.17420e+03
3.70080e+03 1.17420e+03
3.60560e+03 1.19960e+03
3.70080e+03 1.19960e+03
3.80240e+03 1.19960e+03
3.85320e+03 1.19960e+03
4.02830e+03 1.31030e+03
3.95210e+03 1.31030e+03
3.72830e+03 1.31030e+03
3.65210e+03 1.31030e+03
3.65210e+03 1.38650e+03
3.72830e+03 1.38650e+03
3.95210e+03 1.38650e+03
4.02830e+03 1.38650e+03
3.85320e+03 1.12340e+03
3.95210e+03 1.08650e+03
4.02830e+03 1.08650e+03
4.02830e+03 1.01030e+03
3.95210e+03 1.01030e+03
0.00000e+00 0.00000e+00
5.51200e+02 9.96400e+02
6.27400e+02 9.96400e+02
7.03600e+02 9.96400e+02
7.03600e+02 1.04720e+03
6.27400e+02 1.04720e+03
5.51200e+02 1.04720e+03
8.81400e+02 1.35200e+03
9.32200e+02 1.35200e+03
9.57600e+02 1.35200e+03
9.83000e+02 1.35200e+03
1.00840e+03 1.35200e+03
1.03380e+03 1.35200e+03
1.31320e+03 1.12340e+03
1.28780e+03 1.09800e+03
1.28780e+03 9.96400e+02
1.31320e+03 9.96400e+02
1.46560e+03 9.96400e+02
1.51640e+03 9.96400e+02
1.59260e+03 9.96400e+02
1.59260e+03 1.09800e+03
1.51640e+03 1.09800e+03
1.46560e+03 1.09800e+03
1.56720e+03 1.12340e+03
1.59260e+03 1.14880e+03
1.56720e+03 1.17420e+03
1.54180e+03 1.17420e+03
1.49100e+03 1.17420e+03
1.44020e+03 1.17420e+03
1.46560e+03 1.19960e+03
1.41480e+03 1.22500e+03
1.44020e+03 1.22500e+03
1.49100e+03 1.22500e+03
1.51640e+03 1.22500e+03
1.59260e+03 1.25040e+03
1.46560e+03 1.25040e+03
1.44020e+03 1.25040e+03
1.38940e+03 1.25040e+03
1.54180e+03 1.27580e+03
1.16080e+03 1.12340e+03
1.16080e+03 1.22500e+03
1.26240e+03 1.30120e+03
1.28780e+03 1.30120e+03
1.33860e+03 1.30120e+03
1.41480e+03 1.30120e+03
1.49100e+03 1.30120e+03
1.54180e+03 1.30120e+03
1.64340e+03 1.30120e+03
1.66880e+03 1.32660e+03
1.61800e+03 1.32660e+03
1.56720e+03 1.32660e+03
1.51640e+03 1.32660e+03
1.46560e+03 1.32660e+03
1.41480e+03 1.32660e+03
1.33860e+03 1.32660e+03
1.31320e+03 1.32660e+03
1.23700e+03 1.32660e+03
1.23700e+03 1.35200e+03
1.31320e+03 1.35200e+03
1.33860e+03 1.35200e+03
1.41480e+03 1.35200e+03
1.46560e+03 1.35200e+03
1.69420e+03 1.35200e+03
1.61800e+03 1.37740e+03
1.51640e+03 1.37740e+03
1.41480e+03 1.37740e+03
1.33860e+03 1.37740e+03
1.31320e+03 1.37740e+03
1.23700e+03 1.37740e+03
1.35770e+03 1.39010e+03
1.23700e+03 1.40280e+03
1.31320e+03 1.40280e+03
1.33860e+03 1.40280e+03
1.41480e+03 1.40280e+03
1.46560e+03 1.40280e+03
1.56720e+03 1.40280e+03
1.59260e+03 1.40280e+03
1.61800e+03 1.40280e+03
1.69420e+03 1.42820e+03
1.66880e+03 1.42820e+03
1.54180e+03 1.42820e+03
1.44020e+03 1.42820e+03
1.41480e+03 1.42820e+03
1.33860e+03 1.42820e+03
1.26240e+03 1.42820e+03
1.23700e+03 1.45360e+03
1.33860e+03 1.45360e+03
1.41480e+03 1.45360e+03
1.46560e+03 1.45360e+03
1.49100e+03 1.45360e+03
1.66880e+03 1.45360e+03
1.69420e+03 1.45360e+03
1.61800e+03 1.47900e+03
1.59260e+03 1.47900e+03
1.56720e+03 1.47900e+03
1.51640e+03 1.47900e+03
1.44020e+03 1.47900e+03
1.41480e+03 1.47900e+03
1.33860e+03 1.47900e+03
