7397
583925 292825
583925 294825
583925 296825
583925 298825
583925 300825
583925 302825
583925 304825
583925 306825
583925 308825
583925 310825
583925 312825
583925 314825
583925 316825
583925 318825
583925 320825
583925 322825
583925 324825
583925 326825
583925 328825
583925 330825
583925 332825
583925 334825
583925 336825
583925 338825
583925 340825
583925 342825
583925 344825
583925 346825
583925 348825
583925 350825
583925 352825
583925 354825
583925 356825
583925 358825
583925 360825
583925 362825
583925 364825
583925 366825
583925 368825
583925 370825
583925 372825
583925 374825
583925 376825
583925 378825
583925 380825
583925 382825
583925 384825
583925 386825
583925 388825
583925 390825
583925 392825
583925 394825
583925 396825
583925 398825
583925 400825
583925 402825
583925 404825
583925 406825
583925 408825
583925 410825
583925 412825
583925 414825
583925 416825
583925 418825
583925 420825
583925 422825
583925 424825
583925 426825
583925 428825
583925 430825
583925 432825
583925 434825
583925 436825
583925 438825
583925 440825
583925 442825
583925 444825
583925 446825
583925 448825
583925 450825
583925 452825
583925 454825
583925 456825
583925 458825
583925 460825
583925 462825
583925 464825
583925 466825
583925 468825
583925 470825
583925 472825
583925 474825
583925 476825
583925 478825
583925 480825
583925 482825
583925 484825
583925 486825
583925 488825
583925 490825
583925 492825
583925 494825
583925 496825
583925 498825
583925 500825
583925 502825
583925 504825
583925 506825
583925 508825
583925 510825
583925 512825
583925 514825
583925 516825
583925 518825
583925 520825
583925 522825
583925 524825
583925 526825
583925 528825
583925 530825
583925 532825
583925 536825
583925 538825
585925 825
585925 40825
585925 44825
585925 54825
585925 56825
585925 58825
585925 60825
585925 62825
585925 64825
585925 66825
585925 68825
585925 70825
585925 72825
585925 74825
585925 76825
585925 78825
585925 80825
585925 82825
585925 84825
585925 86825
585925 88825
585925 90825
585925 92825
585925 94825
585925 96825
585925 98825
585925 100825
585925 102825
585925 104825
585925 106825
585925 108825
585925 110825
585925 112825
585925 114825
585925 116825
585925 118825
585925 120825
585925 122825
585925 124825
585925 126825
585925 128825
585925 130825
585925 132825
585925 134825
585925 136825
585925 138825
585925 140825
585925 142825
585925 144825
585925 146825
585925 148825
585925 150825
585925 152825
585925 154825
585925 156825
585925 158825
585925 160825
585925 162825
585925 164825
585925 166825
585925 168825
585925 170825
585925 172825
585925 174825
585925 176825
585925 178825
585925 180825
585925 182825
585925 184825
585925 186825
585925 188825
585925 190825
585925 192825
585925 194825
585925 196825
585925 198825
585925 200825
585925 202825
585925 204825
585925 206825
585925 208825
585925 210825
585925 212825
585925 214825
585925 216825
585925 218825
585925 220825
585925 222825
585925 224825
585925 226825
585925 278825
585925 296825
585925 298825
585925 300825
585925 302825
585925 304825
585925 306825
585925 308825
585925 310825
585925 312825
585925 314825
585925 316825
585925 318825
585925 320825
585925 322825
585925 324825
585925 326825
585925 328825
585925 330825
585925 332825
585925 334825
585925 336825
585925 338825
585925 340825
585925 342825
585925 344825
585925 346825
585925 348825
585925 350825
585925 352825
585925 354825
585925 356825
585925 358825
585925 360825
585925 362825
585925 364825
585925 366825
585925 368825
585925 370825
585925 372825
585925 374825
585925 376825
585925 378825
585925 380825
585925 382825
585925 384825
585925 386825
585925 388825
585925 390825
585925 392825
585925 394825
585925 396825
585925 398825
585925 400825
585925 402825
585925 404825
585925 406825
585925 408825
585925 410825
585925 412825
585925 414825
585925 416825
585925 418825
585925 420825
585925 422825
585925 424825
585925 426825
585925 428825
585925 430825
585925 432825
585925 434825
585925 436825
585925 438825
585925 440825
585925 442825
585925 444825
585925 446825
585925 448825
585925 450825
585925 452825
585925 454825
585925 456825
585925 458825
585925 460825
585925 462825
585925 464825
585925 466825
585925 468825
585925 470825
585925 472825
585925 474825
585925 476825
585925 478825
585925 480825
585925 482825
585925 484825
585925 486825
585925 488825
585925 490825
585925 492825
585925 494825
585925 498825
585925 500825
585925 516825
585925 532825
585925 536825
585925 538825
587925 825
587925 40825
587925 44825
587925 54825
587925 56825
587925 90825
587925 108825
587925 114825
587925 146825
587925 148825
587925 150825
587925 152825
587925 154825
587925 156825
587925 188825
587925 192825
587925 194825
587925 196825
587925 198825
587925 200825
587925 202825
587925 204825
587925 206825
587925 208825
587925 210825
587925 212825
587925 214825
587925 216825
587925 218825
587925 220825
587925 222825
587925 224825
587925 226825
587925 228825
587925 230825
587925 232825
587925 234825
587925 236825
587925 238825
587925 240825
587925 242825
587925 244825
587925 246825
587925 248825
587925 250825
587925 252825
587925 254825
587925 256825
587925 258825
587925 260825
587925 262825
587925 264825
587925 266825
587925 268825
587925 270825
587925 272825
587925 274825
587925 276825
587925 278825
587925 280825
587925 282825
587925 284825
587925 286825
587925 288825
587925 290825
587925 292825
587925 294825
587925 296825
587925 298825
587925 300825
587925 302825
587925 304825
587925 306825
587925 308825
587925 310825
587925 312825
587925 314825
587925 316825
587925 318825
587925 320825
587925 322825
587925 324825
587925 326825
587925 328825
587925 330825
587925 332825
587925 334825
587925 336825
587925 338825
587925 340825
587925 342825
587925 344825
587925 346825
587925 348825
587925 350825
587925 352825
587925 354825
587925 356825
587925 358825
587925 360825
587925 362825
587925 364825
587925 366825
587925 368825
587925 370825
587925 372825
587925 374825
587925 376825
587925 378825
587925 380825
587925 382825
587925 384825
587925 386825
587925 388825
587925 390825
587925 392825
587925 394825
587925 396825
587925 398825
587925 400825
587925 402825
587925 404825
587925 406825
587925 408825
587925 410825
587925 412825
587925 414825
587925 416825
587925 418825
587925 420825
587925 422825
587925 424825
587925 426825
587925 428825
587925 430825
587925 432825
587925 434825
587925 436825
587925 438825
587925 440825
587925 442825
587925 444825
587925 446825
587925 448825
587925 450825
587925 452825
587925 454825
587925 456825
587925 458825
587925 460825
587925 462825
587925 464825
587925 466825
587925 468825
587925 470825
587925 472825
587925 474825
587925 476825
587925 478825
587925 480825
587925 482825
587925 484825
587925 486825
587925 488825
587925 490825
587925 492825
587925 494825
587925 496825
587925 498825
587925 516825
587925 532825
587925 536825
587925 538825
589925 825
589925 40825
589925 44825
589925 54825
589925 56825
589925 90825
589925 108825
589925 114825
589925 144825
589925 190825
589925 192825
589925 194825
589925 196825
589925 198825
589925 200825
589925 202825
589925 204825
589925 206825
589925 208825
589925 210825
589925 212825
589925 214825
589925 216825
589925 218825
589925 220825
589925 222825
589925 224825
589925 226825
589925 228825
589925 230825
589925 232825
589925 234825
589925 236825
589925 238825
589925 240825
589925 242825
589925 244825
589925 246825
589925 248825
589925 250825
589925 252825
589925 254825
589925 256825
589925 258825
589925 260825
589925 262825
589925 264825
589925 266825
589925 268825
589925 270825
589925 272825
589925 274825
589925 276825
589925 278825
589925 280825
589925 282825
589925 284825
589925 286825
589925 288825
589925 290825
589925 292825
589925 294825
589925 296825
589925 298825
589925 300825
589925 302825
589925 304825
589925 306825
589925 308825
589925 310825
589925 312825
589925 314825
589925 316825
589925 318825
589925 320825
589925 322825
589925 324825
589925 326825
589925 328825
589925 330825
589925 332825
589925 334825
589925 336825
589925 338825
589925 340825
589925 342825
589925 344825
589925 346825
589925 348825
589925 350825
589925 352825
589925 354825
589925 356825
589925 358825
589925 360825
589925 362825
589925 364825
589925 366825
589925 368825
589925 370825
589925 372825
589925 374825
589925 376825
589925 378825
589925 380825
589925 382825
589925 384825
589925 386825
589925 388825
589925 390825
589925 392825
589925 394825
589925 396825
589925 398825
589925 400825
589925 402825
589925 404825
589925 406825
589925 408825
589925 410825
589925 412825
589925 414825
589925 416825
589925 418825
589925 420825
589925 422825
589925 424825
589925 426825
589925 428825
589925 430825
589925 432825
589925 434825
589925 436825
589925 438825
589925 440825
589925 442825
589925 444825
589925 446825
589925 448825
589925 450825
589925 452825
589925 454825
589925 456825
589925 458825
589925 460825
589925 462825
589925 464825
589925 466825
589925 468825
589925 470825
589925 472825
589925 474825
589925 476825
589925 478825
589925 480825
589925 498825
589925 516825
589925 532825
589925 536825
589925 538825
591925 825
591925 40825
591925 44825
591925 54825
591925 56825
591925 90825
591925 108825
591925 114825
591925 144825
591925 192825
591925 194825
591925 212825
591925 214825
591925 216825
591925 218825
591925 220825
591925 222825
591925 224825
591925 226825
591925 228825
591925 230825
591925 232825
591925 234825
591925 236825
591925 238825
591925 240825
591925 242825
591925 244825
591925 246825
591925 248825
591925 250825
591925 252825
591925 254825
591925 256825
591925 258825
591925 260825
591925 262825
591925 264825
591925 266825
591925 268825
591925 270825
591925 272825
591925 274825
591925 276825
591925 278825
591925 280825
591925 282825
591925 284825
591925 286825
591925 288825
591925 290825
591925 292825
591925 294825
591925 296825
591925 298825
591925 300825
591925 302825
591925 304825
591925 306825
591925 308825
591925 310825
591925 312825
591925 314825
591925 316825
591925 318825
591925 320825
591925 322825
591925 324825
591925 326825
591925 328825
591925 330825
591925 332825
591925 334825
591925 336825
591925 338825
591925 340825
591925 342825
591925 344825
591925 346825
591925 348825
591925 350825
591925 352825
591925 354825
591925 356825
591925 358825
591925 360825
591925 362825
591925 364825
591925 366825
591925 368825
591925 370825
591925 372825
591925 374825
591925 376825
591925 378825
591925 380825
591925 382825
591925 384825
591925 386825
591925 388825
591925 390825
591925 392825
591925 394825
591925 396825
591925 432825
591925 464825
591925 498825
591925 516825
591925 532825
591925 536825
591925 538825
593925 825
593925 40825
593925 44825
593925 54825
593925 56825
593925 90825
593925 108825
593925 114825
593925 144825
593925 192825
593925 194825
593925 222825
593925 226825
593925 278825
593925 394825
593925 432825
593925 464825
593925 498825
593925 516825
593925 532825
593925 536825
593925 538825
595925 825
595925 40825
595925 44825
595925 54825
595925 56825
595925 90825
595925 108825
595925 114825
595925 144825
595925 192825
595925 194825
595925 222825
595925 226825
595925 278825
595925 394825
595925 432825
595925 464825
595925 498825
595925 516825
595925 532825
595925 536825
595925 538825
597925 825
597925 40825
597925 44825
597925 54825
597925 56825
597925 90825
597925 108825
597925 114825
597925 144825
597925 192825
597925 194825
597925 222825
597925 226825
597925 278825
597925 394825
597925 432825
597925 464825
597925 498825
597925 516825
597925 532825
597925 536825
597925 538825
599925 825
599925 40825
599925 44825
599925 54825
599925 56825
599925 90825
599925 108825
599925 114825
599925 144825
599925 192825
599925 194825
599925 222825
599925 226825
599925 278825
599925 394825
599925 432825
599925 464825
599925 498825
599925 516825
599925 532825
599925 536825
599925 538825
601925 825
601925 40825
601925 44825
601925 54825
601925 56825
601925 90825
601925 108825
601925 114825
601925 144825
601925 192825
601925 194825
601925 222825
601925 226825
601925 278825
601925 394825
601925 432825
601925 464825
601925 498825
601925 516825
601925 532825
601925 536825
601925 538825
603925 825
603925 40825
603925 44825
603925 54825
603925 56825
603925 90825
603925 108825
603925 114825
603925 144825
603925 192825
603925 194825
603925 222825
603925 226825
603925 278825
603925 394825
603925 432825
603925 464825
603925 498825
603925 516825
603925 532825
603925 536825
603925 538825
605925 825
605925 40825
605925 44825
605925 54825
605925 56825
605925 90825
605925 108825
605925 114825
605925 144825
605925 192825
605925 194825
605925 222825
605925 226825
605925 278825
605925 394825
605925 432825
605925 464825
605925 498825
605925 516825
605925 532825
605925 536825
605925 538825
607925 825
607925 40825
607925 44825
607925 54825
607925 56825
607925 90825
607925 108825
607925 114825
607925 144825
607925 192825
607925 194825
607925 222825
607925 226825
607925 278825
607925 394825
607925 432825
607925 464825
607925 498825
607925 516825
607925 532825
607925 536825
607925 538825
609925 825
609925 40825
609925 44825
609925 54825
609925 56825
609925 90825
609925 108825
609925 114825
609925 144825
609925 192825
609925 194825
609925 222825
609925 226825
609925 278825
609925 394825
609925 432825
609925 464825
609925 498825
609925 516825
609925 532825
609925 536825
609925 538825
611925 825
611925 40825
611925 44825
611925 54825
611925 56825
611925 90825
611925 108825
611925 114825
611925 144825
611925 192825
611925 194825
611925 222825
611925 226825
611925 278825
611925 394825
611925 432825
611925 464825
611925 498825
611925 516825
611925 532825
611925 536825
611925 538825
613925 825
613925 40825
613925 44825
613925 54825
613925 56825
613925 90825
613925 108825
613925 114825
613925 144825
613925 192825
613925 194825
613925 222825
613925 226825
613925 278825
613925 394825
613925 432825
613925 464825
613925 498825
613925 516825
613925 532825
613925 536825
613925 538825
615925 825
615925 40825
615925 44825
615925 54825
615925 56825
615925 90825
615925 108825
615925 114825
615925 144825
615925 192825
615925 194825
615925 222825
615925 226825
615925 278825
615925 394825
615925 432825
615925 464825
615925 498825
615925 516825
615925 532825
615925 536825
615925 538825
617925 825
617925 40825
617925 44825
617925 54825
617925 56825
617925 90825
617925 108825
617925 114825
617925 144825
617925 192825
617925 194825
617925 222825
617925 228825
617925 230825
617925 232825
617925 234825
617925 236825
617925 238825
617925 240825
617925 242825
617925 244825
617925 246825
617925 248825
617925 250825
617925 252825
617925 254825
617925 256825
617925 258825
617925 260825
617925 262825
617925 264825
617925 266825
617925 268825
617925 270825
617925 272825
617925 274825
617925 276825
617925 278825
617925 280825
617925 282825
617925 284825
617925 286825
617925 288825
617925 290825
617925 292825
617925 294825
617925 296825
617925 298825
617925 300825
617925 302825
617925 304825
617925 306825
617925 308825
617925 310825
617925 312825
617925 314825
617925 316825
617925 318825
617925 320825
617925 322825
617925 324825
617925 326825
617925 328825
617925 330825
617925 332825
617925 334825
617925 336825
617925 338825
617925 340825
617925 342825
617925 344825
617925 346825
617925 348825
617925 350825
617925 352825
617925 354825
617925 356825
617925 358825
617925 360825
617925 362825
617925 364825
617925 366825
617925 368825
617925 370825
617925 372825
617925 374825
617925 376825
617925 378825
617925 380825
617925 382825
617925 384825
617925 386825
617925 388825
617925 390825
617925 392825
617925 394825
617925 396825
617925 398825
617925 400825
617925 402825
617925 404825
617925 406825
617925 408825
617925 410825
617925 412825
617925 414825
617925 416825
617925 418825
617925 420825
617925 422825
617925 424825
617925 426825
617925 428825
617925 430825
617925 434825
617925 436825
617925 438825
617925 440825
617925 442825
617925 444825
617925 446825
617925 448825
617925 450825
617925 452825
617925 454825
617925 456825
617925 458825
617925 460825
617925 462825
617925 498825
617925 516825
617925 532825
617925 536825
617925 538825
619925 825
619925 40825
619925 44825
619925 54825
619925 56825
619925 90825
619925 108825
619925 114825
619925 144825
619925 176825
619925 178825
619925 180825
619925 182825
619925 184825
619925 186825
619925 188825
619925 190825
619925 196825
619925 198825
619925 200825
619925 202825
619925 204825
619925 206825
619925 208825
619925 210825
619925 212825
619925 214825
619925 216825
619925 218825
619925 220825
619925 222825
619925 224825
619925 226825
619925 228825
619925 230825
619925 232825
619925 234825
619925 236825
619925 238825
619925 240825
619925 242825
619925 244825
619925 246825
619925 248825
619925 250825
619925 252825
619925 254825
619925 256825
619925 258825
619925 260825
619925 262825
619925 264825
619925 266825
619925 268825
619925 270825
619925 272825
619925 274825
619925 276825
619925 278825
619925 280825
619925 282825
619925 284825
619925 286825
619925 288825
619925 290825
619925 292825
619925 294825
619925 296825
619925 298825
619925 300825
619925 302825
619925 304825
619925 306825
619925 308825
619925 310825
619925 312825
619925 314825
619925 316825
619925 318825
619925 320825
619925 322825
619925 324825
619925 326825
619925 328825
619925 330825
619925 332825
619925 334825
619925 336825
619925 338825
619925 340825
619925 342825
619925 344825
619925 346825
619925 348825
619925 350825
619925 352825
619925 354825
619925 356825
619925 358825
619925 360825
619925 362825
619925 364825
619925 366825
619925 368825
619925 370825
619925 372825
619925 374825
619925 376825
619925 378825
619925 380825
619925 382825
619925 384825
619925 386825
619925 388825
619925 390825
619925 392825
619925 498825
619925 516825
619925 532825
619925 536825
619925 538825
621925 825
621925 40825
621925 44825
621925 56825
621925 58825
621925 60825
621925 62825
621925 64825
621925 66825
621925 68825
621925 70825
621925 72825
621925 74825
621925 76825
621925 78825
621925 80825
621925 82825
621925 84825
621925 86825
621925 88825
621925 90825
621925 92825
621925 94825
621925 96825
621925 98825
621925 100825
621925 102825
621925 104825
621925 106825
621925 108825
621925 110825
621925 112825
621925 114825
621925 116825
621925 118825
621925 120825
621925 122825
621925 124825
621925 126825
621925 128825
621925 130825
621925 132825
621925 134825
621925 136825
621925 138825
621925 140825
621925 142825
621925 144825
621925 146825
621925 148825
621925 150825
621925 152825
621925 154825
621925 156825
621925 158825
621925 160825
621925 162825
621925 164825
621925 166825
621925 168825
621925 170825
621925 172825
621925 174825
621925 176825
621925 178825
621925 180825
621925 182825
621925 184825
621925 186825
621925 188825
621925 190825
621925 192825
621925 194825
621925 196825
621925 198825
621925 200825
621925 202825
621925 204825
621925 206825
621925 208825
621925 210825
621925 212825
621925 214825
621925 216825
621925 218825
621925 220825
621925 222825
621925 224825
621925 226825
621925 228825
621925 230825
621925 232825
621925 234825
621925 236825
621925 238825
621925 240825
621925 242825
621925 244825
621925 246825
621925 248825
621925 250825
621925 252825
621925 254825
621925 256825
621925 258825
621925 260825
621925 262825
621925 264825
621925 266825
621925 268825
621925 270825
621925 272825
621925 274825
621925 276825
621925 280825
621925 282825
621925 284825
621925 286825
621925 288825
621925 290825
621925 292825
621925 294825
621925 296825
621925 298825
621925 300825
621925 302825
621925 304825
621925 306825
621925 308825
621925 310825
621925 312825
621925 314825
621925 316825
621925 318825
621925 320825
621925 322825
621925 324825
621925 326825
621925 328825
621925 330825
621925 332825
621925 334825
621925 336825
621925 338825
621925 340825
621925 342825
621925 344825
621925 346825
621925 348825
621925 350825
621925 352825
621925 354825
621925 356825
621925 358825
621925 360825
621925 362825
621925 364825
621925 366825
621925 368825
621925 370825
621925 372825
621925 374825
621925 376825
621925 378825
621925 380825
621925 382825
621925 384825
621925 386825
621925 388825
621925 390825
621925 392825
621925 394825
621925 396825
621925 398825
621925 400825
621925 402825
621925 404825
621925 406825
621925 408825
621925 410825
621925 412825
621925 414825
621925 416825
621925 418825
621925 420825
621925 422825
621925 424825
621925 426825
621925 428825
621925 430825
621925 432825
621925 434825
621925 436825
621925 438825
621925 440825
621925 442825
621925 444825
621925 446825
621925 448825
621925 450825
621925 452825
621925 454825
621925 456825
621925 458825
621925 460825
621925 462825
621925 464825
621925 466825
621925 468825
621925 470825
621925 472825
621925 474825
621925 476825
621925 478825
621925 480825
621925 482825
621925 484825
621925 486825
621925 488825
621925 490825
621925 492825
621925 494825
621925 496825
621925 498825
621925 500825
621925 502825
621925 504825
621925 506825
621925 508825
621925 510825
621925 512825
621925 514825
621925 532825
621925 536825
621925 538825
623925 825
623925 40825
623925 46825
623925 48825
623925 50825
623925 52825
623925 54825
623925 56825
623925 58825
623925 60825
623925 62825
623925 64825
623925 66825
623925 68825
623925 70825
623925 72825
623925 74825
623925 76825
623925 78825
623925 80825
623925 82825
623925 84825
623925 86825
623925 88825
623925 90825
623925 92825
623925 94825
623925 96825
623925 98825
623925 100825
623925 102825
623925 104825
623925 106825
623925 108825
623925 110825
623925 112825
623925 114825
623925 116825
623925 118825
623925 120825
623925 122825
623925 124825
623925 126825
623925 128825
623925 130825
623925 132825
623925 134825
623925 136825
623925 138825
623925 140825
623925 142825
623925 144825
623925 146825
623925 148825
623925 150825
623925 152825
623925 154825
623925 156825
623925 158825
623925 160825
623925 162825
623925 164825
623925 166825
623925 168825
623925 170825
623925 172825
623925 174825
623925 176825
623925 178825
623925 180825
623925 182825
623925 184825
623925 186825
623925 188825
623925 190825
623925 192825
623925 194825
623925 196825
623925 198825
623925 200825
623925 202825
623925 204825
623925 206825
623925 208825
623925 210825
623925 212825
623925 214825
623925 216825
623925 218825
623925 220825
623925 224825
623925 226825
623925 228825
623925 230825
623925 232825
623925 234825
623925 236825
623925 238825
623925 240825
623925 242825
623925 244825
623925 246825
623925 248825
623925 250825
623925 252825
623925 254825
623925 256825
623925 258825
623925 260825
623925 262825
623925 264825
623925 266825
623925 268825
623925 270825
623925 272825
623925 274825
623925 276825
623925 278825
623925 280825
623925 282825
623925 284825
623925 286825
623925 288825
623925 290825
623925 292825
623925 294825
623925 296825
623925 298825
623925 300825
623925 302825
623925 304825
623925 306825
623925 308825
623925 310825
623925 312825
623925 314825
623925 316825
623925 318825
623925 320825
623925 322825
623925 324825
623925 326825
623925 328825
623925 330825
623925 332825
623925 334825
623925 336825
623925 338825
623925 340825
623925 342825
623925 344825
623925 346825
623925 348825
623925 350825
623925 352825
623925 354825
623925 356825
623925 358825
623925 360825
623925 362825
623925 364825
623925 366825
623925 368825
623925 370825
623925 372825
623925 374825
623925 376825
623925 378825
623925 380825
623925 382825
623925 384825
623925 386825
623925 388825
623925 390825
623925 392825
623925 394825
623925 396825
623925 398825
623925 400825
623925 402825
623925 404825
623925 406825
623925 408825
623925 410825
623925 412825
623925 414825
623925 416825
623925 418825
623925 420825
623925 422825
623925 424825
623925 426825
623925 428825
623925 430825
623925 432825
623925 434825
623925 436825
623925 438825
623925 440825
623925 442825
623925 444825
623925 446825
623925 448825
623925 450825
623925 452825
623925 454825
623925 456825
623925 458825
623925 460825
623925 462825
623925 464825
623925 466825
623925 468825
623925 470825
623925 472825
623925 474825
623925 476825
623925 478825
623925 480825
623925 482825
623925 484825
623925 486825
623925 488825
623925 490825
623925 492825
623925 494825
623925 496825
623925 512825
623925 514825
623925 516825
623925 518825
623925 520825
623925 522825
623925 524825
623925 526825
623925 528825
623925 530825
623925 536825
623925 538825
625925 825
625925 40825
625925 86825
625925 88825
625925 110825
625925 112825
625925 114825
625925 116825
625925 118825
625925 120825
625925 122825
625925 124825
625925 126825
625925 128825
625925 130825
625925 132825
625925 134825
625925 136825
625925 138825
625925 140825
625925 142825
625925 144825
625925 146825
625925 148825
625925 150825
625925 152825
625925 154825
625925 156825
625925 158825
625925 160825
625925 162825
625925 164825
625925 166825
625925 168825
625925 170825
625925 172825
625925 174825
625925 176825
625925 178825
625925 180825
625925 182825
625925 184825
625925 186825
625925 188825
625925 190825
625925 192825
625925 194825
625925 196825
625925 198825
625925 200825
625925 202825
625925 204825
625925 206825
625925 208825
625925 210825
625925 212825
625925 214825
625925 216825
625925 218825
625925 220825
625925 222825
625925 224825
625925 226825
625925 228825
625925 230825
625925 232825
625925 234825
625925 236825
625925 238825
625925 240825
625925 242825
625925 244825
625925 246825
625925 248825
625925 250825
625925 252825
625925 254825
625925 256825
625925 258825
625925 260825
625925 262825
625925 264825
625925 266825
625925 268825
625925 270825
625925 272825
625925 274825
625925 276825
625925 278825
625925 280825
625925 282825
625925 284825
625925 286825
625925 288825
625925 290825
625925 292825
625925 294825
625925 296825
625925 298825
625925 300825
625925 302825
625925 304825
625925 306825
625925 308825
625925 310825
625925 312825
625925 314825
625925 316825
625925 318825
625925 320825
625925 322825
625925 324825
625925 326825
625925 328825
625925 330825
625925 332825
625925 334825
625925 336825
625925 338825
625925 340825
625925 342825
625925 344825
625925 346825
625925 348825
625925 350825
625925 352825
625925 354825
625925 356825
625925 358825
625925 360825
625925 362825
625925 364825
625925 366825
625925 368825
625925 370825
625925 372825
625925 374825
625925 376825
625925 378825
625925 380825
625925 382825
625925 384825
625925 386825
625925 388825
625925 390825
625925 392825
625925 394825
625925 396825
625925 398825
625925 400825
625925 402825
625925 404825
625925 406825
625925 408825
625925 410825
625925 412825
625925 414825
625925 416825
625925 418825
625925 420825
625925 422825
625925 424825
625925 426825
625925 428825
625925 430825
625925 432825
625925 434825
625925 436825
625925 438825
625925 440825
625925 442825
625925 444825
625925 446825
625925 448825
625925 450825
625925 452825
625925 454825
625925 456825
625925 458825
625925 460825
625925 462825
625925 464825
625925 466825
625925 468825
625925 470825
625925 472825
625925 474825
625925 476825
625925 478825
625925 480825
625925 482825
625925 484825
625925 486825
625925 488825
625925 490825
625925 492825
625925 494825
625925 496825
625925 498825
625925 500825
625925 502825
625925 504825
625925 506825
625925 508825
625925 510825
625925 512825
625925 514825
625925 516825
625925 518825
625925 520825
625925 522825
625925 524825
625925 526825
625925 528825
625925 530825
625925 532825
625925 534825
625925 538825
627925 2825
627925 4825
627925 6825
627925 8825
627925 10825
627925 12825
627925 14825
627925 16825
627925 18825
627925 20825
627925 22825
627925 42825
627925 44825
627925 46825
627925 48825
627925 50825
627925 52825
627925 54825
627925 56825
627925 58825
627925 60825
627925 62825
627925 64825
627925 66825
627925 68825
627925 70825
627925 72825
627925 74825
627925 76825
627925 78825
627925 80825
627925 82825
627925 84825
627925 86825
627925 88825
627925 90825
627925 92825
627925 94825
627925 96825
627925 98825
627925 100825
627925 102825
627925 104825
627925 106825
627925 108825
627925 110825
627925 112825
627925 114825
627925 116825
627925 118825
627925 120825
627925 122825
627925 124825
627925 126825
627925 128825
627925 130825
627925 132825
627925 134825
627925 136825
627925 138825
627925 140825
627925 142825
627925 144825
627925 146825
627925 148825
627925 150825
627925 152825
627925 154825
627925 156825
627925 158825
627925 160825
627925 162825
627925 164825
627925 166825
627925 168825
627925 170825
627925 172825
627925 174825
627925 176825
627925 178825
627925 180825
627925 182825
627925 184825
627925 186825
627925 188825
627925 190825
627925 192825
627925 194825
627925 196825
627925 198825
627925 200825
627925 202825
627925 204825
627925 206825
627925 208825
627925 210825
627925 212825
627925 214825
627925 216825
627925 218825
627925 220825
627925 222825
627925 224825
627925 226825
627925 228825
627925 230825
627925 232825
627925 234825
627925 236825
627925 238825
627925 240825
627925 242825
627925 244825
627925 246825
627925 248825
627925 250825
627925 252825
627925 254825
627925 256825
627925 258825
627925 260825
627925 262825
627925 264825
627925 266825
627925 268825
627925 270825
627925 272825
627925 274825
627925 276825
627925 278825
627925 280825
627925 282825
627925 284825
627925 286825
627925 288825
627925 290825
627925 292825
627925 294825
627925 296825
627925 298825
627925 300825
627925 302825
627925 304825
627925 306825
627925 308825
627925 310825
627925 312825
627925 314825
627925 316825
627925 318825
627925 320825
627925 322825
627925 324825
627925 326825
627925 328825
627925 330825
627925 332825
627925 334825
627925 336825
627925 338825
627925 340825
627925 342825
627925 344825
627925 346825
627925 348825
627925 350825
627925 352825
627925 354825
627925 356825
627925 358825
627925 360825
627925 362825
627925 364825
627925 366825
627925 368825
627925 370825
627925 372825
627925 374825
627925 376825
627925 378825
627925 380825
627925 382825
627925 384825
627925 386825
627925 388825
627925 390825
627925 392825
627925 394825
627925 396825
627925 398825
627925 400825
627925 402825
627925 404825
627925 406825
627925 408825
627925 410825
627925 412825
627925 414825
627925 416825
627925 418825
627925 420825
627925 422825
627925 424825
627925 426825
627925 428825
627925 430825
627925 432825
627925 434825
627925 436825
627925 438825
627925 440825
627925 442825
627925 444825
627925 446825
627925 448825
627925 450825
627925 452825
627925 454825
627925 456825
627925 458825
627925 460825
627925 462825
627925 464825
627925 466825
627925 468825
627925 470825
627925 472825
627925 474825
627925 476825
627925 478825
627925 480825
627925 482825
627925 484825
627925 486825
627925 488825
627925 490825
627925 492825
627925 494825
627925 496825
627925 498825
627925 500825
627925 502825
627925 504825
627925 506825
627925 508825
627925 510825
627925 512825
627925 514825
627925 516825
627925 518825
627925 520825
627925 522825
627925 524825
627925 526825
627925 528825
627925 530825
627925 532825
627925 534825
627925 536825
581000 540725
583000 540725
585000 540725
587000 540725
589000 540725
591000 540725
593000 540725
595000 540725
597000 540725
599000 540725
601000 540725
603000 540725
605000 540725
607000 540725
609000 540725
611000 540725
613000 540725
615000 540725
617000 540725
619000 540725
621000 540725
623000 540725
625000 540725
627000 540725
59450 514000
59450 516000
59450 518000
59450 520000
59450 522000
59450 524000
59450 526000
59450 528000
59450 530000
59450 532000
65450 514000
77450 514000
79450 514000
99450 514000
67450 516000
117450 516000
133450 516000
265450 516000
433450 516000
61450 518000
139450 518000
141450 518000
555450 518000
201450 520000
205450 520000
209450 520000
217450 520000
523450 520000
529450 520000
73450 532000
79450 532000
89450 532000
103450 532000
129450 532000
141450 532000
153450 532000
161450 532000
165450 532000
219450 532000
507450 532000
531450 532000
547450 532000
177450 534000
179450 534000
189450 534000
193450 534000
207450 534000
227450 534000
493450 534000
75450 536000
81450 536000
89450 536000
91450 536000
147450 536000
267450 536000
463450 536000
105450 538000
123450 538000
163450 538000
257450 538000
403450 538000
569450 518000
569450 520000
569450 522000
569450 524000
569450 526000
569450 528000
569450 530000
59450 480000
59450 482000
59450 484000
59450 486000
59450 488000
59450 490000
59450 494000
65450 480000
77450 480000
79450 480000
91450 480000
99450 480000
67450 482000
117450 482000
119450 482000
133450 482000
135450 482000
193450 482000
199450 482000
211450 482000
217450 482000
221450 482000
513450 482000
61450 484000
139450 484000
145450 484000
161450 484000
551450 484000
565450 484000
155450 486000
197450 486000
141450 488000
159450 488000
197450 492000
73450 494000
79450 494000
81450 494000
97450 494000
103450 494000
125450 494000
225450 494000
113450 496000
123450 496000
163450 496000
521450 496000
201450 498000
203450 498000
259450 498000
561450 498000
193450 500000
199450 500000
201450 500000
217450 500000
219450 500000
227450 500000
537450 500000
545450 500000
569450 484000
569450 486000
569450 488000
569450 490000
569450 492000
569450 494000
59450 454000
59450 456000
59450 458000
59450 460000
65450 446000
77450 446000
79450 446000
99450 446000
61450 448000
139450 448000
147450 448000
195450 448000
469450 448000
501450 448000
507450 448000
547450 448000
557450 448000
565450 448000
61450 450000
67450 450000
117450 450000
129450 450000
149450 450000
207450 450000
459450 450000
483450 450000
129450 452000
133450 452000
137450 452000
139450 452000
155450 452000
185450 452000
189450 452000
127450 454000
145450 454000
153450 454000
193450 454000
141450 456000
199450 456000
89450 458000
103450 458000
121450 458000
189450 458000
81450 460000
89450 460000
91450 460000
131450 460000
133450 460000
521450 460000
515450 462000
529450 462000
545450 462000
547450 462000
563450 462000
65450 464000
73450 464000
79450 464000
83450 464000
147450 464000
151450 464000
209450 464000
473450 464000
477450 464000
523450 464000
531450 464000
555450 464000
559450 464000
113450 466000
117450 466000
133450 466000
143450 466000
163450 466000
175450 466000
227450 466000
561450 466000
569450 448000
569450 450000
569450 452000
569450 454000
569450 456000
569450 458000
569450 460000
569450 462000
569450 466000
59450 412000
59450 416000
59450 418000
59450 420000
59450 422000
59450 424000
59450 428000
73450 412000
79450 412000
99450 412000
193450 414000
417450 414000
457450 414000
481450 414000
525450 414000
531450 414000
537450 414000
545450 414000
553450 414000
557450 414000
561450 414000
65450 416000
77450 416000
81450 416000
89450 416000
103450 416000
125450 416000
129450 416000
133450 416000
191450 416000
443450 416000
459450 416000
495450 416000
511450 416000
539450 416000
69450 418000
451450 418000
477450 418000
535450 418000
131450 420000
189450 420000
505450 420000
511450 420000
515450 420000
519450 420000
521450 420000
527450 420000
121450 422000
137450 422000
145450 422000
157450 422000
185450 422000
495450 422000
509450 422000
111450 424000
123450 424000
133450 424000
559450 424000
113450 426000
127450 426000
143450 426000
151450 426000
159450 426000
183450 426000
485450 426000
539450 426000
541450 426000
559450 426000
67450 428000
117450 428000
123450 428000
147450 428000
155450 428000
195450 428000
447450 428000
467450 428000
485450 428000
563450 428000
133450 430000
149450 430000
183450 430000
411450 430000
525450 430000
529450 430000
533450 430000
537450 430000
539450 430000
557450 430000
61450 432000
163450 432000
457450 432000
467450 432000
479450 432000
503450 432000
529450 432000
533450 432000
543450 432000
569450 414000
569450 416000
569450 418000
569450 420000
569450 422000
569450 424000
569450 426000
569450 428000
569450 430000
59450 378000
59450 380000
59450 384000
59450 388000
59450 390000
59450 394000
59450 398000
65450 378000
77450 378000
79450 378000
91450 378000
99450 378000
81450 380000
97450 380000
103450 380000
111450 380000
121450 380000
123450 380000
147450 380000
155450 380000
185450 380000
403450 380000
413450 380000
443450 380000
467450 380000
475450 380000
563450 380000
113450 382000
125450 382000
517450 382000
521450 382000
525450 382000
529450 382000
537450 382000
67450 384000
117450 384000
129450 384000
133450 384000
135450 384000
155450 384000
379450 384000
483450 384000
507450 384000
543450 384000
451450 386000
513450 386000
529450 386000
131450 388000
517450 388000
91450 390000
139450 390000
143450 390000
155450 390000
417450 390000
465450 390000
505450 390000
541450 390000
551450 390000
451450 392000
457450 392000
461450 392000
503450 392000
521450 392000
539450 392000
549450 392000
61450 394000
163450 394000
465450 394000
473450 394000
481450 394000
495450 394000
513450 394000
193450 396000
439450 396000
447450 396000
453450 396000
501450 396000
505450 396000
509450 396000
545450 396000
73450 398000
79450 398000
83450 398000
131450 398000
133450 398000
143450 398000
147450 398000
195450 398000
413450 398000
439450 398000
441450 398000
471450 398000
473450 398000
569450 380000
569450 382000
569450 384000
569450 386000
569450 388000
569450 390000
569450 392000
569450 396000
59450 344000
59450 348000
59450 350000
59450 352000
59450 354000
59450 356000
59450 360000
65450 344000
71450 344000
73450 344000
89450 344000
99450 344000
513450 346000
515450 346000
555450 346000
557450 346000
561450 346000
71450 348000
83450 348000
89450 348000
103450 348000
111450 348000
119450 348000
135450 348000
153450 348000
155450 348000
185450 348000
403450 348000
453450 348000
457450 348000
465450 348000
473450 348000
495450 348000
559450 348000
95450 350000
161450 350000
183450 350000
187450 350000
403450 350000
439450 350000
449450 350000
461450 350000
471450 350000
509450 350000
537450 350000
553450 350000
131450 352000
159450 352000
417450 352000
503450 352000
505450 352000
551450 352000
97450 354000
143450 354000
409450 354000
439450 354000
485450 354000
539450 354000
545450 354000
549450 354000
133450 356000
143450 356000
149450 356000
191450 356000
409450 356000
445450 356000
473450 356000
487450 356000
499450 356000
557450 356000
113450 358000
127450 358000
139450 358000
143450 358000
451450 358000
455450 358000
555450 358000
559450 358000
117450 360000
119450 360000
123450 360000
129450 360000
149450 360000
151450 360000
193450 360000
411450 360000
481450 360000
511450 360000
517450 360000
531450 360000
541450 360000
563450 360000
387450 362000
399450 362000
431450 362000
447450 362000
547450 362000
557450 362000
561450 362000
61450 364000
67450 364000
147450 364000
163450 364000
401450 364000
405450 364000
473450 364000
477450 364000
507450 364000
509450 364000
515450 364000
519450 364000
523450 364000
527450 364000
549450 364000
551450 364000
565450 364000
569450 346000
569450 348000
569450 350000
569450 352000
569450 354000
569450 356000
569450 358000
569450 360000
569450 362000
569450 364000
59450 314000
59450 316000
59450 318000
59450 320000
59450 322000
59450 324000
59450 326000
65450 310000
69450 310000
99450 310000
113450 312000
119450 312000
187450 312000
399450 312000
431450 312000
439450 312000
449450 312000
455450 312000
541450 312000
73450 314000
77450 314000
95450 314000
453450 314000
463450 314000
515450 314000
523450 314000
547450 314000
79450 316000
131450 316000
163450 316000
181450 316000
193450 316000
413450 316000
505450 316000
523450 316000
535450 316000
89450 318000
103450 318000
133450 318000
159450 318000
189450 318000
409450 318000
417450 318000
447450 318000
481450 318000
511450 318000
93450 320000
97450 320000
135450 320000
195450 320000
473450 320000
509450 320000
91450 322000
119450 322000
137450 322000
141450 322000
153450 322000
189450 322000
533450 322000
117450 324000
123450 324000
155450 324000
159450 324000
195450 324000
407450 324000
525450 324000
533450 324000
537450 324000
543450 324000
65450 326000
79450 326000
81450 326000
89450 326000
93450 326000
133450 326000
139450 326000
459450 326000
465450 326000
479450 326000
529450 326000
557450 326000
73450 328000
75450 328000
147450 328000
151450 328000
509450 328000
511450 328000
555450 328000
559450 328000
565450 328000
161450 330000
163450 330000
401450 330000
411450 330000
497450 330000
501450 330000
565450 330000
569450 312000
569450 314000
569450 316000
569450 318000
569450 320000
569450 322000
569450 324000
569450 326000
569450 328000
569450 330000
59450 276000
59450 278000
59450 280000
59450 282000
59450 284000
59450 288000
73450 276000
79450 276000
99450 276000
61450 278000
155450 278000
457450 278000
503450 278000
505450 278000
517450 278000
521450 278000
531450 278000
95450 280000
123450 280000
141450 280000
159450 280000
163450 280000
431450 280000
437450 280000
461450 280000
465450 280000
479450 280000
481450 280000
553450 280000
555450 280000
561450 280000
67450 282000
117450 282000
127450 282000
147450 282000
187450 282000
195450 282000
411450 282000
455450 282000
463450 282000
519450 282000
533450 282000
537450 282000
547450 282000
555450 282000
559450 282000
563450 282000
93450 284000
153450 284000
443450 284000
455450 284000
469450 284000
473450 284000
475450 284000
515450 284000
517450 284000
537450 284000
451450 286000
459450 286000
473450 286000
475450 286000
511450 286000
91450 288000
121450 288000
139450 288000
157450 288000
441450 288000
451450 288000
455450 288000
477450 288000
499450 288000
525450 288000
459450 290000
465450 290000
487450 290000
495450 290000
513450 290000
519450 290000
563450 290000
65450 292000
77450 292000
81450 292000
89450 292000
103450 292000
111450 292000
121450 292000
151450 292000
159450 292000
191450 292000
465450 292000
467450 292000
471450 292000
473450 292000
481450 292000
485450 292000
523450 292000
537450 292000
541450 292000
545450 292000
557450 292000
561450 292000
113450 294000
123450 294000
129450 294000
133450 294000
469450 294000
509450 294000
529450 294000
543450 294000
153450 296000
157450 296000
521450 296000
535450 296000
539450 296000
567450 296000
569450 280000
569450 282000
569450 284000
569450 286000
569450 288000
569450 290000
569450 292000
569450 296000
59450 248000
59450 250000
59450 252000
59450 254000
59450 256000
59450 258000
73450 242000
79450 242000
81450 242000
97450 242000
99450 242000
193450 244000
195450 244000
431450 244000
439450 244000
461450 244000
475450 244000
545450 244000
549450 244000
553450 244000
555450 244000
561450 244000
61450 246000
155450 246000
157450 246000
509450 246000
513450 246000
521450 246000
557450 246000
97450 248000
103450 248000
111450 248000
185450 248000
467450 248000
543450 248000
137450 250000
145450 250000
155450 250000
195450 250000
515450 250000
539450 250000
131450 252000
141450 252000
133450 254000
143450 254000
507450 254000
533450 254000
83450 256000
139450 256000
143450 256000
163450 256000
495450 256000
551450 256000
65450 258000
77450 258000
79450 258000
91450 258000
131450 258000
135450 258000
163450 258000
197450 258000
453450 258000
507450 258000
511450 258000
541450 258000
113450 260000
125450 260000
137450 260000
147450 260000
183450 260000
417450 260000
457450 260000
463450 260000
469450 260000
505450 260000
517450 260000
555450 260000
65450 262000
67450 262000
117450 262000
123450 262000
147450 262000
149450 262000
477450 262000
481450 262000
567450 262000
569450 244000
569450 246000
569450 248000
569450 250000
569450 252000
569450 254000
569450 256000
569450 258000
569450 260000
569450 262000
59450 208000
59450 212000
59450 214000
59450 216000
59450 218000
59450 220000
59450 226000
65450 208000
69450 208000
91450 208000
99450 208000
193450 210000
441450 210000
447450 210000
449450 210000
461450 210000
475450 210000
515450 210000
519450 210000
555450 210000
559450 210000
71450 212000
83450 212000
117450 212000
121450 212000
149450 212000
417450 212000
445450 212000
451450 212000
501450 212000
507450 212000
523450 212000
531450 212000
535450 212000
541450 212000
563450 212000
121450 214000
153450 214000
157450 214000
537450 214000
545450 214000
553450 214000
555450 214000
565450 214000
157450 216000
183450 216000
473450 216000
487450 216000
513450 216000
519450 216000
527450 216000
563450 216000
473450 218000
507450 218000
523450 218000
529450 218000
117450 220000
183450 220000
505450 220000
527450 220000
73450 222000
97450 222000
111450 222000
119450 222000
131450 222000
147450 222000
149450 222000
153450 222000
411450 222000
453450 222000
477450 222000
113450 224000
125450 224000
129450 224000
133450 224000
549450 224000
551450 224000
559450 224000
61450 226000
155450 226000
163450 226000
449450 226000
457450 226000
465450 226000
473450 226000
481450 226000
487450 226000
509450 226000
531450 226000
537450 226000
541450 226000
545450 226000
89450 228000
97450 228000
103450 228000
123450 228000
139450 228000
151450 228000
155450 228000
195450 228000
453450 228000
459450 228000
465450 228000
503450 228000
525450 228000
529450 228000
569450 212000
569450 214000
569450 216000
569450 218000
569450 220000
569450 224000
59450 176000
59450 180000
59450 182000
59450 184000
59450 186000
59450 188000
59450 192000
61450 174000
65450 174000
77450 174000
91450 174000
99450 174000
73450 176000
81450 176000
83450 176000
117450 176000
125450 176000
417450 176000
485450 176000
539450 176000
193450 178000
477450 178000
503450 178000
513450 178000
529450 178000
537450 178000
61450 180000
155450 180000
481450 180000
513450 180000
515450 180000
519450 180000
137450 182000
145450 182000
119450 186000
149450 186000
499450 186000
509450 186000
81450 188000
97450 188000
103450 188000
111450 188000
121450 188000
133450 188000
143450 188000
163450 188000
505450 188000
535450 188000
113450 190000
123450 190000
147450 190000
159450 190000
505450 190000
521450 190000
525450 190000
531450 190000
75450 192000
131450 192000
135450 192000
163450 192000
431450 192000
465450 192000
473450 192000
477450 192000
499450 192000
65450 194000
67450 194000
131450 194000
141450 194000
155450 194000
187450 194000
447450 194000
569450 176000
569450 178000
569450 180000
569450 182000
569450 184000
569450 186000
59450 142000
59450 144000
59450 146000
59450 148000
59450 150000
59450 152000
59450 158000
73450 140000
77450 140000
81450 140000
89450 140000
99450 140000
69450 142000
155450 142000
117450 144000
123450 144000
147450 144000
155450 144000
247450 144000
439450 144000
447450 144000
523450 144000
129450 146000
133450 146000
181450 146000
191450 146000
451450 146000
501450 146000
503450 146000
521450 146000
131450 148000
511450 148000
117450 150000
149450 150000
463450 150000
483450 150000
111450 152000
119450 152000
453450 152000
515450 152000
113450 154000
157450 154000
193450 154000
449450 154000
461450 154000
475450 154000
519450 154000
89450 156000
103450 156000
125450 156000
137450 156000
139450 156000
509450 156000
67450 158000
163450 158000
457450 158000
463450 158000
465450 158000
473450 158000
487450 158000
507450 158000
65450 160000
79450 160000
99450 160000
133450 160000
517450 160000
539450 160000
561450 160000
569450 144000
569450 146000
569450 148000
569450 150000
569450 152000
569450 154000
569450 156000
569450 160000
59450 106000
59450 108000
59450 110000
59450 112000
59450 114000
59450 116000
59450 118000
59450 122000
59450 126000
65450 106000
77450 106000
79450 106000
91450 106000
99450 106000
73450 108000
79450 108000
81450 108000
97450 108000
103450 108000
123450 108000
131450 110000
155450 110000
157450 110000
191450 110000
443450 110000
467450 110000
475450 110000
481450 110000
509450 110000
519450 110000
91450 112000
139450 112000
145450 112000
153450 112000
453450 112000
457450 112000
463450 112000
483450 112000
121450 114000
149450 114000
183450 114000
111450 118000
123450 118000
133450 118000
137450 118000
151450 118000
185450 118000
459450 118000
475450 118000
113450 120000
125450 120000
161450 120000
451450 120000
501450 120000
83450 122000
139450 122000
143450 122000
195450 122000
445450 122000
513450 122000
155450 124000
187450 124000
313450 124000
443450 124000
469450 124000
471450 124000
515450 124000
523450 124000
561450 124000
67450 126000
117450 126000
127450 126000
141450 126000
143450 126000
163450 126000
431450 126000
449450 126000
487450 126000
495450 126000
569450 110000
569450 112000
569450 114000
569450 116000
569450 118000
569450 120000
569450 122000
569450 124000
59450 80000
59450 82000
59450 84000
59450 90000
61450 72000
65450 72000
77450 72000
91450 72000
99450 72000
73450 74000
81450 74000
83450 74000
117450 74000
119450 74000
129450 74000
159450 74000
191450 74000
513450 74000
121450 76000
131450 76000
203450 76000
453450 76000
457450 76000
463450 76000
483450 76000
65450 78000
151450 78000
185450 78000
157450 84000
183450 84000
65450 86000
81450 86000
97450 86000
135450 86000
145450 86000
155450 86000
249450 86000
459450 86000
475450 86000
481450 86000
113450 88000
141450 88000
199450 88000
451450 88000
501450 88000
61450 90000
155450 90000
163450 90000
431450 90000
449450 90000
487450 90000
495450 90000
89450 92000
97450 92000
103450 92000
137450 92000
141450 92000
149450 92000
183450 92000
185450 92000
251450 92000
443450 92000
467450 92000
471450 92000
515450 92000
561450 92000
569450 74000
569450 76000
569450 78000
569450 80000
569450 82000
569450 84000
569450 86000
569450 88000
569450 92000
59450 42000
59450 44000
59450 46000
59450 48000
59450 50000
59450 52000
59450 54000
59450 56000
65450 38000
79450 38000
99450 38000
73450 40000
77450 40000
81450 40000
89450 40000
103450 40000
119450 40000
125450 40000
127450 40000
67450 42000
131450 42000
163450 42000
173450 42000
205450 42000
245450 42000
331450 42000
451450 42000
501450 42000
69450 44000
155450 44000
181450 44000
193450 44000
195450 44000
249450 44000
311450 44000
339450 44000
467450 44000
473450 44000
475450 44000
151450 46000
189450 46000
193450 46000
197450 46000
515450 46000
459450 48000
483450 48000
137450 50000
141450 50000
145450 50000
149450 50000
153450 50000
187450 50000
191450 50000
193450 50000
201450 50000
249450 50000
323450 50000
447450 50000
477450 50000
67450 52000
147450 52000
151450 52000
159450 52000
195450 52000
247450 52000
347450 52000
453450 52000
457450 52000
463450 52000
469450 52000
479450 52000
91450 54000
147450 54000
117450 56000
121450 56000
157450 56000
199450 56000
203450 56000
357450 56000
443450 56000
449450 56000
465450 56000
469450 56000
473450 56000
487450 56000
495450 56000
119450 58000
123450 58000
175450 58000
187450 58000
355450 58000
561450 58000
569450 42000
569450 46000
569450 48000
569450 50000
569450 58000
59450 4000
59450 6000
59450 8000
59450 10000
59450 12000
59450 14000
59450 16000
59450 18000
135450 0
253450 0
321450 0
339450 0
345450 0
347450 0
375450 0
495450 0
165450 2000
283450 2000
329450 2000
105450 20000
195450 22000
313450 22000
337450 22000
225450 24000
247450 24000
405450 24000
477450 24000
525450 24000
553450 24000
561450 24000
567450 24000
569450 2000
569450 4000
569450 6000
569450 8000
569450 10000
569450 12000
569450 14000
569450 16000
569450 18000
569450 20000
569450 22000
515725 507650
520000 507650
507725 507650
512000 507650
203875 506925
205600 506925
187875 506925
189600 506925
195875 506925
197600 506925
155725 507650
160000 507650
147875 506925
149600 506925
139875 506925
141600 506925
131725 507650
136000 507650
75875 506925
77600 506925
67875 506925
69600 506925
59875 506925
61600 506925
219875 472925
221600 472925
195725 473650
200000 473650
203875 472925
205600 472925
187725 473650
192000 473650
147875 472925
149600 472925
139725 473650
144000 473650
131725 473650
136000 473650
123875 472925
125600 472925
75875 472925
77600 472925
67875 472925
69600 472925
59875 472925
61600 472925
555725 439650
560000 439650
531875 438925
533600 438925
523725 439650
528000 439650
515725 439650
520000 439650
507875 438925
509600 438925
475725 439650
480000 439650
467725 439650
472000 439650
155875 438925
157600 438925
131725 439650
136000 439650
139875 438925
141600 438925
187725 439650
192000 439650
59875 438925
61600 438925
75875 438925
77600 438925
67875 438925
69600 438925
555875 404925
557600 404925
539725 405650
544000 405650
515725 405650
520000 405650
523725 405650
528000 405650
507875 404925
509600 404925
475725 405650
480000 405650
411725 405650
416000 405650
443875 404925
445600 404925
467725 405650
472000 405650
155725 405650
160000 405650
147875 404925
149600 404925
131725 405650
136000 405650
123875 404925
125600 404925
75875 404925
77600 404925
67875 404925
69600 404925
59875 404925
61600 404925
555875 370925
557600 370925
547725 371650
552000 371650
539875 370925
541600 370925
515875 370925
517600 370925
523875 370925
525600 370925
507875 370925
509600 370925
467875 370925
469600 370925
475875 370925
477600 370925
451875 370925
453600 370925
459875 370925
461600 370925
403875 370925
405600 370925
411875 370925
413600 370925
155725 371650
160000 371650
147875 370925
149600 370925
139725 371650
144000 371650
131875 370925
133600 370925
75875 370925
77600 370925
59875 370925
61600 370925
67875 370925
69600 370925
555875 336925
557600 336925
547725 337650
552000 337650
539725 337650
544000 337650
531725 337650
536000 337650
523725 337650
528000 337650
507875 336925
509600 336925
475725 337650
480000 337650
459725 337650
464000 337650
451725 337650
456000 337650
443725 337650
448000 337650
411725 337650
416000 337650
403725 337650
408000 337650
187875 336925
189600 336925
131725 337650
136000 337650
147875 336925
149600 336925
91725 337650
96000 337650
139875 336925
141600 336925
67875 336925
69600 336925
59875 336925
61600 336925
555725 303650
560000 303650
515875 302925
517600 302925
531725 303650
536000 303650
539875 302925
541600 302925
475875 302925
477600 302925
467875 302925
469600 302925
507875 302925
509600 302925
451725 303650
456000 303650
443875 302925
445600 302925
411875 302925
413600 302925
155725 303650
160000 303650
187875 302925
189600 302925
91725 303650
96000 303650
139875 302925
141600 302925
59875 302925
61600 302925
75875 302925
77600 302925
67875 302925
69600 302925
539875 268925
541600 268925
531875 268925
533600 268925
523875 268925
525600 268925
475725 269650
480000 269650
507725 269650
512000 269650
515725 269650
520000 269650
459725 269650
464000 269650
443725 269650
448000 269650
451875 268925
453600 268925
411875 268925
413600 268925
155875 268925
157600 268925
147725 269650
152000 269650
139725 269650
144000 269650
131875 268925
133600 268925
75875 268925
77600 268925
67875 268925
69600 268925
59875 268925
61600 268925
507875 234925
509600 234925
547725 235650
552000 235650
531725 235650
536000 235650
515725 235650
520000 235650
523725 235650
528000 235650
539875 234925
541600 234925
475725 235650
480000 235650
467875 234925
469600 234925
459875 234925
461600 234925
451725 235650
456000 235650
155875 234925
157600 234925
147725 235650
152000 235650
123875 234925
125600 234925
131725 235650
136000 235650
75875 234925
77600 234925
67875 234925
69600 234925
59875 234925
61600 234925
555875 200925
557600 200925
539875 200925
541600 200925
531875 200925
533600 200925
523725 201650
528000 201650
507725 201650
512000 201650
515725 201650
520000 201650
459725 201650
464000 201650
451725 201650
456000 201650
443725 201650
448000 201650
411875 200925
413600 200925
155875 200925
157600 200925
147725 201650
152000 201650
139725 201650
144000 201650
123875 200925
125600 200925
83875 200925
85600 200925
67875 200925
69600 200925
59875 200925
61600 200925
523725 167650
528000 167650
507725 167650
512000 167650
515725 167650
520000 167650
475725 167650
480000 167650
459875 166925
461600 166925
155875 166925
157600 166925
147725 167650
152000 167650
123875 166925
125600 166925
131725 167650
136000 167650
83875 166925
85600 166925
75875 166925
77600 166925
59875 166925
61600 166925
507875 132925
509600 132925
515725 133650
520000 133650
459875 132925
461600 132925
443875 132925
445600 132925
451875 132925
453600 132925
187875 132925
189600 132925
155725 133650
160000 133650
147725 133650
152000 133650
139725 133650
144000 133650
131875 132925
133600 132925
75875 132925
77600 132925
59875 132925
61600 132925
67875 132925
69600 132925
507725 99650
512000 99650
459875 98925
461600 98925
467875 98925
469600 98925
451875 98925
453600 98925
155875 98925
157600 98925
139725 99650
144000 99650
131875 98925
133600 98925
123725 99650
128000 99650
75875 98925
77600 98925
67875 98925
69600 98925
59875 98925
61600 98925
507725 65650
512000 65650
467875 64925
469600 64925
459875 64925
461600 64925
451875 64925
453600 64925
147725 65650
152000 65650
187875 64925
189600 64925
139875 64925
141600 64925
195725 65650
200000 65650
83875 64925
85600 64925
75875 64925
77600 64925
59875 64925
61600 64925
475875 30925
477600 30925
459875 30925
461600 30925
451875 30925
453600 30925
187875 30925
189600 30925
155725 31650
160000 31650
147725 31650
152000 31650
139875 30925
141600 30925
123725 31650
128000 31650
59875 30925
61600 30925
75875 30925
77600 30925
67875 30925
69600 30925
0 725
2000 725
4000 725
6000 725
8000 725
10000 725
12000 725
14000 725
16000 725
18000 725
20000 725
22000 725
24000 725
26000 725
28000 725
30000 725
32000 725
34000 725
36000 725
38000 725
40000 725
42000 725
44000 725
46000 725
0 2725
0 246725
0 262725
0 276725
0 432725
0 452725
2000 20725
2000 332725
2000 426725
2000 468725
2000 486725
2000 536725
4000 24725
4000 180725
4000 186725
4000 192725
4000 396725
4000 428725
4000 456725
4000 498725
6000 86725
6000 500725
8000 40725
8000 448725
10000 120725
10000 128725
10000 154725
10000 158725
36000 72725
36000 450725
38000 38725
38000 464725
40000 74725
40000 502725
42000 22725
42000 212725
42000 216725
42000 226725
42000 246725
42000 494725
44000 36725
44000 60725
44000 66725
44000 78725
44000 88725
44000 98725
44000 124725
44000 348725
44000 414725
44000 538725
46000 298725
46000 306725
46000 314725
46000 336725
46000 360725
46000 366725
46000 384725
46000 396725
46000 512725
925 4825
925 6825
925 8825
925 10825
925 12825
925 14825
925 16825
925 18825
925 20825
925 22825
925 24825
925 26825
925 28825
925 30825
925 32825
925 34825
925 36825
925 38825
925 40825
925 42825
925 44825
925 46825
925 48825
925 50825
925 52825
925 54825
925 56825
925 58825
925 60825
925 62825
925 64825
925 66825
925 68825
925 70825
925 72825
925 74825
925 76825
925 78825
925 80825
925 82825
925 84825
925 86825
925 88825
925 90825
925 92825
925 94825
925 96825
925 98825
925 100825
925 102825
925 104825
925 106825
925 108825
925 110825
925 112825
925 114825
925 116825
925 118825
925 120825
925 122825
925 124825
925 126825
925 128825
925 130825
925 132825
925 134825
925 136825
925 138825
925 140825
925 142825
925 144825
925 146825
925 148825
925 150825
925 152825
925 154825
925 156825
925 158825
925 160825
925 162825
925 164825
925 166825
925 168825
925 170825
925 172825
925 174825
925 176825
925 178825
925 180825
925 182825
925 184825
925 186825
925 188825
925 190825
925 192825
925 194825
925 196825
925 198825
925 200825
925 202825
925 204825
925 206825
925 208825
925 210825
925 212825
925 214825
925 216825
925 218825
925 220825
925 222825
925 224825
925 226825
925 228825
925 230825
925 232825
925 234825
925 236825
925 238825
925 240825
925 242825
925 248825
925 250825
925 252825
925 254825
925 256825
925 258825
925 278825
925 280825
925 282825
925 284825
925 286825
925 288825
925 290825
925 292825
925 296825
925 298825
925 300825
925 302825
925 304825
925 306825
925 308825
925 310825
925 312825
925 314825
925 316825
925 318825
925 320825
925 322825
925 324825
925 326825
925 328825
925 330825
925 332825
925 334825
925 336825
925 338825
925 340825
925 342825
925 344825
925 346825
925 348825
925 350825
925 352825
925 354825
925 356825
925 358825
925 360825
925 362825
925 364825
925 366825
925 368825
925 370825
925 372825
925 374825
925 376825
925 378825
925 380825
925 382825
925 384825
925 386825
925 388825
925 390825
925 392825
925 394825
925 396825
925 398825
925 400825
925 402825
925 404825
925 406825
925 408825
925 410825
925 412825
925 414825
925 416825
925 418825
925 420825
925 422825
925 424825
925 426825
925 428825
925 454825
925 456825
925 458825
925 460825
925 462825
925 464825
925 466825
925 468825
925 470825
925 472825
925 474825
925 476825
925 478825
925 480825
925 482825
925 484825
925 486825
925 488825
925 490825
925 492825
925 494825
925 496825
925 498825
925 500825
925 502825
925 504825
925 506825
925 508825
925 510825
925 512825
925 514825
925 516825
925 518825
925 520825
925 522825
925 524825
925 526825
925 528825
925 530825
925 532825
925 534825
925 536825
2925 2825
2925 22825
2925 24825
2925 26825
2925 28825
2925 30825
2925 32825
2925 34825
2925 36825
2925 38825
2925 40825
2925 42825
2925 44825
2925 46825
2925 48825
2925 50825
2925 52825
2925 54825
2925 56825
2925 58825
2925 60825
2925 62825
2925 64825
2925 66825
2925 68825
2925 70825
2925 72825
2925 74825
2925 76825
2925 78825
2925 80825
2925 82825
2925 84825
2925 86825
2925 88825
2925 90825
2925 92825
2925 94825
2925 96825
2925 98825
2925 100825
2925 102825
2925 104825
2925 106825
2925 108825
2925 110825
2925 112825
2925 114825
2925 116825
2925 118825
2925 120825
2925 122825
2925 124825
2925 126825
2925 128825
2925 130825
2925 132825
2925 134825
2925 136825
2925 138825
2925 140825
2925 142825
2925 144825
2925 146825
2925 148825
2925 150825
2925 152825
2925 154825
2925 156825
2925 158825
2925 160825
2925 162825
2925 164825
2925 166825
2925 168825
2925 170825
2925 172825
2925 174825
2925 176825
2925 178825
2925 180825
2925 182825
2925 184825
2925 186825
2925 188825
2925 190825
2925 192825
2925 194825
2925 196825
2925 198825
2925 200825
2925 202825
2925 204825
2925 206825
2925 208825
2925 210825
2925 212825
2925 214825
2925 216825
2925 218825
2925 220825
2925 222825
2925 224825
2925 226825
2925 228825
2925 230825
2925 232825
2925 234825
2925 236825
2925 238825
2925 240825
2925 242825
2925 244825
2925 246825
2925 248825
2925 250825
2925 252825
2925 254825
2925 256825
2925 258825
2925 260825
2925 262825
2925 264825
2925 266825
2925 268825
2925 270825
2925 272825
2925 274825
2925 276825
2925 278825
2925 280825
2925 282825
2925 284825
2925 286825
2925 288825
2925 290825
2925 292825
2925 294825
2925 296825
2925 298825
2925 300825
2925 302825
2925 304825
2925 306825
2925 308825
2925 310825
2925 312825
2925 314825
2925 316825
2925 318825
2925 320825
2925 322825
2925 324825
2925 326825
2925 328825
2925 336825
2925 366825
2925 396825
2925 428825
2925 430825
2925 432825
2925 434825
2925 436825
2925 438825
2925 440825
2925 442825
2925 444825
2925 446825
2925 448825
2925 450825
2925 452825
2925 454825
2925 456825
2925 458825
2925 460825
2925 462825
2925 464825
2925 488825
2925 490825
2925 492825
2925 494825
2925 496825
2925 498825
2925 500825
2925 502825
2925 504825
2925 506825
2925 508825
2925 510825
2925 512825
2925 514825
2925 516825
2925 518825
2925 520825
2925 522825
2925 524825
2925 526825
2925 528825
2925 530825
2925 532825
2925 538825
4925 2825
4925 20825
4925 26825
4925 28825
4925 30825
4925 32825
4925 34825
4925 36825
4925 38825
4925 40825
4925 42825
4925 44825
4925 46825
4925 48825
4925 50825
4925 52825
4925 54825
4925 56825
4925 58825
4925 60825
4925 62825
4925 64825
4925 66825
4925 68825
4925 70825
4925 72825
4925 74825
4925 76825
4925 78825
4925 80825
4925 82825
4925 84825
4925 86825
4925 88825
4925 90825
4925 92825
4925 94825
4925 96825
4925 98825
4925 100825
4925 102825
4925 104825
4925 106825
4925 108825
4925 110825
4925 112825
4925 114825
4925 116825
4925 118825
4925 120825
4925 122825
4925 124825
4925 126825
4925 128825
4925 130825
4925 132825
4925 134825
4925 136825
4925 138825
4925 140825
4925 142825
4925 144825
4925 146825
4925 148825
4925 150825
4925 152825
4925 154825
4925 156825
4925 158825
4925 160825
4925 162825
4925 164825
4925 166825
4925 168825
4925 170825
4925 172825
4925 174825
4925 176825
4925 188825
4925 216825
4925 244825
4925 260825
4925 294825
4925 306825
4925 330825
4925 336825
4925 366825
4925 398825
4925 400825
4925 402825
4925 404825
4925 406825
4925 408825
4925 410825
4925 412825
4925 414825
4925 416825
4925 418825
4925 420825
4925 422825
4925 424825
4925 430825
4925 452825
4925 458825
4925 460825
4925 462825
4925 464825
4925 466825
4925 468825
4925 470825
4925 472825
4925 474825
4925 476825
4925 478825
4925 480825
4925 482825
4925 484825
4925 486825
4925 488825
4925 490825
4925 492825
4925 494825
4925 510825
4925 534825
4925 538825
6925 2825
6925 20825
6925 24825
6925 36825
6925 66825
6925 88825
6925 90825
6925 92825
6925 94825
6925 96825
6925 98825
6925 100825
6925 102825
6925 104825
6925 106825
6925 108825
6925 110825
6925 112825
6925 114825
6925 116825
6925 118825
6925 120825
6925 122825
6925 124825
6925 126825
6925 128825
6925 130825
6925 132825
6925 134825
6925 136825
6925 138825
6925 142825
6925 144825
6925 146825
6925 148825
6925 150825
6925 152825
6925 154825
6925 156825
6925 158825
6925 160825
6925 162825
6925 164825
6925 166825
6925 168825
6925 170825
6925 172825
6925 174825
6925 176825
6925 178825
6925 180825
6925 182825
6925 184825
6925 186825
6925 188825
6925 190825
6925 192825
6925 194825
6925 196825
6925 198825
6925 200825
6925 202825
6925 204825
6925 206825
6925 208825
6925 210825
6925 212825
6925 214825
6925 216825
6925 218825
6925 220825
6925 222825
6925 224825
6925 226825
6925 228825
6925 230825
6925 232825
6925 234825
6925 236825
6925 238825
6925 240825
6925 242825
6925 244825
6925 246825
6925 248825
6925 250825
6925 252825
6925 254825
6925 256825
6925 258825
6925 260825
6925 264825
6925 266825
6925 268825
6925 270825
6925 272825
6925 274825
6925 276825
6925 278825
6925 280825
6925 282825
6925 284825
6925 286825
6925 288825
6925 290825
6925 292825
6925 294825
6925 296825
6925 298825
6925 300825
6925 302825
6925 304825
6925 306825
6925 308825
6925 310825
6925 312825
6925 314825
6925 316825
6925 318825
6925 320825
6925 322825
6925 324825
6925 326825
6925 328825
6925 330825
6925 332825
6925 334825
6925 336825
6925 338825
6925 340825
6925 342825
6925 344825
6925 346825
6925 348825
6925 350825
6925 352825
6925 354825
6925 356825
6925 358825
6925 360825
6925 362825
6925 364825
6925 366825
6925 368825
6925 370825
6925 372825
6925 374825
6925 376825
6925 378825
6925 380825
6925 382825
6925 384825
6925 388825
6925 390825
6925 392825
6925 394825
6925 396825
6925 398825
6925 400825
6925 402825
6925 404825
6925 406825
6925 408825
6925 410825
6925 412825
6925 414825
6925 416825
6925 418825
6925 420825
6925 422825
6925 424825
6925 426825
6925 428825
6925 430825
6925 432825
6925 434825
6925 436825
6925 438825
6925 440825
6925 442825
6925 444825
6925 446825
6925 448825
6925 450825
6925 452825
6925 454825
6925 456825
6925 458825
6925 460825
6925 462825
6925 466825
6925 468825
6925 470825
6925 472825
6925 474825
6925 476825
6925 478825
6925 480825
6925 482825
6925 484825
6925 486825
6925 488825
6925 490825
6925 492825
6925 494825
6925 496825
6925 510825
6925 534825
6925 538825
8925 2825
8925 20825
8925 24825
8925 36825
8925 42825
8925 44825
8925 46825
8925 48825
8925 50825
8925 52825
8925 54825
8925 56825
8925 58825
8925 60825
8925 62825
8925 64825
8925 66825
8925 68825
8925 70825
8925 72825
8925 74825
8925 76825
8925 80825
8925 82825
8925 84825
8925 86825
8925 88825
8925 90825
8925 92825
8925 94825
8925 96825
8925 98825
8925 100825
8925 102825
8925 104825
8925 106825
8925 108825
8925 110825
8925 112825
8925 114825
8925 116825
8925 118825
8925 120825
8925 122825
8925 124825
8925 126825
8925 128825
8925 130825
8925 132825
8925 134825
8925 136825
8925 138825
8925 140825
8925 142825
8925 144825
8925 146825
8925 148825
8925 150825
8925 152825
8925 154825
8925 156825
8925 158825
8925 160825
8925 162825
8925 164825
8925 166825
8925 168825
8925 170825
8925 172825
8925 174825
8925 176825
8925 178825
8925 180825
8925 182825
8925 184825
8925 186825
8925 188825
8925 190825
8925 192825
8925 196825
8925 198825
8925 200825
8925 202825
8925 204825
8925 206825
8925 208825
8925 210825
8925 212825
8925 214825
8925 216825
8925 218825
8925 220825
8925 222825
8925 224825
8925 226825
8925 228825
8925 230825
8925 232825
8925 234825
8925 236825
8925 238825
8925 240825
8925 242825
8925 244825
8925 246825
8925 248825
8925 250825
8925 252825
8925 254825
8925 256825
8925 258825
8925 260825
8925 262825
8925 264825
8925 266825
8925 268825
8925 270825
8925 272825
8925 274825
8925 276825
8925 278825
8925 280825
8925 282825
8925 284825
8925 286825
8925 288825
8925 290825
8925 292825
8925 294825
8925 296825
8925 298825
8925 300825
8925 302825
8925 304825
8925 306825
8925 308825
8925 310825
8925 312825
8925 314825
8925 316825
8925 318825
8925 320825
8925 322825
8925 324825
8925 326825
8925 330825
8925 332825
8925 334825
8925 336825
8925 338825
8925 340825
8925 342825
8925 344825
8925 346825
8925 348825
8925 350825
8925 352825
8925 354825
8925 356825
8925 358825
8925 360825
8925 364825
8925 366825
8925 368825
8925 370825
8925 372825
8925 374825
8925 376825
8925 378825
8925 380825
8925 382825
8925 384825
8925 386825
8925 388825
8925 390825
8925 392825
8925 394825
8925 396825
8925 398825
8925 400825
8925 402825
8925 404825
8925 406825
8925 408825
8925 410825
8925 412825
8925 414825
8925 416825
8925 418825
8925 420825
8925 422825
8925 424825
8925 426825
8925 428825
8925 430825
8925 432825
8925 434825
8925 436825
8925 438825
8925 440825
8925 442825
8925 444825
8925 452825
8925 464825
8925 466825
8925 496825
8925 498825
8925 510825
8925 534825
8925 538825
10925 2825
10925 20825
10925 24825
10925 36825
10925 40825
10925 66825
10925 78825
10925 86825
10925 96825
10925 122825
10925 124825
10925 140825
10925 178825
10925 190825
10925 194825
10925 216825
10925 244825
10925 260825
10925 262825
10925 294825
10925 306825
10925 328825
10925 330825
10925 336825
10925 362825
10925 366825
10925 386825
10925 426825
10925 430825
10925 446825
10925 452825
10925 464825
10925 466825
10925 496825
10925 498825
10925 510825
10925 534825
10925 538825
12925 2825
12925 20825
12925 24825
12925 36825
12925 40825
12925 66825
12925 78825
12925 86825
12925 96825
12925 120825
12925 140825
12925 154825
12925 178825
12925 190825
12925 194825
12925 216825
12925 244825
12925 260825
12925 262825
12925 294825
12925 306825
12925 328825
12925 330825
12925 336825
12925 362825
12925 366825
12925 386825
12925 426825
12925 430825
12925 446825
12925 452825
12925 464825
12925 466825
12925 496825
12925 498825
12925 510825
12925 534825
12925 538825
14925 2825
14925 20825
14925 24825
14925 36825
14925 40825
14925 66825
14925 78825
14925 86825
14925 96825
14925 120825
14925 140825
14925 154825
14925 178825
14925 190825
14925 194825
14925 216825
14925 244825
14925 260825
14925 262825
14925 294825
14925 306825
14925 328825
14925 330825
14925 336825
14925 362825
14925 366825
14925 386825
14925 426825
14925 430825
14925 446825
14925 452825
14925 464825
14925 466825
14925 496825
14925 498825
14925 510825
14925 534825
14925 538825
16925 2825
16925 20825
16925 24825
16925 36825
16925 40825
16925 66825
16925 78825
16925 86825
16925 96825
16925 120825
16925 140825
16925 154825
16925 178825
16925 190825
16925 194825
16925 216825
16925 244825
16925 260825
16925 262825
16925 294825
16925 306825
16925 328825
16925 330825
16925 336825
16925 362825
16925 366825
16925 386825
16925 426825
16925 430825
16925 446825
16925 452825
16925 464825
16925 466825
16925 496825
16925 498825
16925 510825
16925 534825
16925 538825
18925 2825
18925 20825
18925 24825
18925 36825
18925 40825
18925 66825
18925 78825
18925 86825
18925 96825
18925 120825
18925 140825
18925 154825
18925 178825
18925 190825
18925 194825
18925 216825
18925 244825
18925 260825
18925 262825
18925 294825
18925 306825
18925 328825
18925 330825
18925 336825
18925 362825
18925 366825
18925 386825
18925 426825
18925 430825
18925 446825
18925 452825
18925 464825
18925 466825
18925 496825
18925 498825
18925 510825
18925 534825
18925 538825
20925 2825
20925 20825
20925 24825
20925 36825
20925 40825
20925 66825
20925 78825
20925 86825
20925 96825
20925 120825
20925 140825
20925 154825
20925 178825
20925 190825
20925 194825
20925 216825
20925 244825
20925 260825
20925 262825
20925 294825
20925 306825
20925 328825
20925 330825
20925 336825
20925 362825
20925 366825
20925 386825
20925 426825
20925 430825
20925 446825
20925 452825
20925 464825
20925 466825
20925 496825
20925 498825
20925 510825
20925 534825
20925 538825
22925 2825
22925 20825
22925 24825
22925 36825
22925 40825
22925 66825
22925 78825
22925 86825
22925 96825
22925 120825
22925 140825
22925 154825
22925 178825
22925 190825
22925 194825
22925 216825
22925 244825
22925 260825
22925 262825
22925 294825
22925 306825
22925 328825
22925 330825
22925 336825
22925 362825
22925 366825
22925 386825
22925 426825
22925 430825
22925 446825
22925 452825
22925 464825
22925 466825
22925 496825
22925 498825
22925 510825
22925 534825
22925 538825
24925 2825
24925 20825
24925 24825
24925 36825
24925 40825
24925 66825
24925 78825
24925 86825
24925 96825
24925 120825
24925 140825
24925 154825
24925 178825
24925 190825
24925 194825
24925 216825
24925 244825
24925 260825
24925 262825
24925 294825
24925 306825
24925 328825
24925 330825
24925 336825
24925 362825
24925 366825
24925 386825
24925 426825
24925 430825
24925 446825
24925 452825
24925 464825
24925 466825
24925 496825
24925 498825
24925 510825
24925 534825
24925 538825
26925 2825
26925 20825
26925 24825
26925 36825
26925 40825
26925 66825
26925 78825
26925 86825
26925 96825
26925 120825
26925 140825
26925 154825
26925 178825
26925 190825
26925 194825
26925 216825
26925 244825
26925 260825
26925 262825
26925 294825
26925 306825
26925 328825
26925 330825
26925 336825
26925 362825
26925 366825
26925 386825
26925 426825
26925 430825
26925 446825
26925 452825
26925 464825
26925 466825
26925 496825
26925 498825
26925 510825
26925 534825
26925 538825
28925 2825
28925 20825
28925 24825
28925 36825
28925 40825
28925 66825
28925 78825
28925 86825
28925 96825
28925 120825
28925 140825
28925 154825
28925 178825
28925 190825
28925 194825
28925 216825
28925 244825
28925 260825
28925 262825
28925 294825
28925 306825
28925 328825
28925 330825
28925 336825
28925 362825
28925 366825
28925 386825
28925 426825
28925 430825
28925 446825
28925 452825
28925 464825
28925 466825
28925 496825
28925 498825
28925 510825
28925 534825
28925 538825
30925 2825
30925 20825
30925 24825
30925 36825
30925 40825
30925 66825
30925 78825
30925 86825
30925 96825
30925 120825
30925 140825
30925 154825
30925 178825
30925 190825
30925 194825
30925 216825
30925 244825
30925 260825
30925 262825
30925 294825
30925 306825
30925 328825
30925 330825
30925 336825
30925 362825
30925 366825
30925 386825
30925 426825
30925 430825
30925 446825
30925 452825
30925 464825
30925 466825
30925 496825
30925 498825
30925 510825
30925 534825
30925 538825
32925 2825
32925 20825
32925 24825
32925 36825
32925 40825
32925 66825
32925 78825
32925 86825
32925 96825
32925 120825
32925 140825
32925 154825
32925 178825
32925 190825
32925 194825
32925 216825
32925 244825
32925 260825
32925 262825
32925 294825
32925 306825
32925 328825
32925 330825
32925 336825
32925 362825
32925 366825
32925 386825
32925 426825
32925 430825
32925 446825
32925 452825
32925 464825
32925 466825
32925 496825
32925 498825
32925 510825
32925 534825
32925 538825
34925 2825
34925 20825
34925 24825
34925 36825
34925 40825
34925 66825
34925 78825
34925 86825
34925 96825
34925 120825
34925 140825
34925 154825
34925 178825
34925 190825
34925 194825
34925 216825
34925 244825
34925 260825
34925 262825
34925 294825
34925 306825
34925 328825
34925 330825
34925 336825
34925 362825
34925 366825
34925 386825
34925 426825
34925 430825
34925 446825
34925 452825
34925 464825
34925 466825
34925 496825
34925 498825
34925 510825
34925 534825
34925 538825
36925 2825
36925 20825
36925 24825
36925 36825
36925 40825
36925 66825
36925 74825
36925 76825
36925 78825
36925 80825
36925 82825
36925 84825
36925 86825
36925 88825
36925 90825
36925 92825
36925 94825
36925 96825
36925 98825
36925 100825
36925 102825
36925 104825
36925 106825
36925 108825
36925 110825
36925 112825
36925 114825
36925 116825
36925 118825
36925 120825
36925 122825
36925 124825
36925 126825
36925 128825
36925 130825
36925 132825
36925 134825
36925 136825
36925 138825
36925 140825
36925 142825
36925 144825
36925 146825
36925 148825
36925 150825
36925 152825
36925 154825
36925 156825
36925 158825
36925 160825
36925 162825
36925 164825
36925 166825
36925 168825
36925 170825
36925 172825
36925 176825
36925 178825
36925 180825
36925 182825
36925 184825
36925 186825
36925 188825
36925 190825
36925 192825
36925 194825
36925 196825
36925 198825
36925 200825
36925 202825
36925 204825
36925 206825
36925 208825
36925 210825
36925 212825
36925 214825
36925 216825
36925 218825
36925 220825
36925 222825
36925 224825
36925 226825
36925 228825
36925 230825
36925 232825
36925 234825
36925 236825
36925 238825
36925 240825
36925 242825
36925 244825
36925 246825
36925 248825
36925 250825
36925 252825
36925 254825
36925 256825
36925 258825
36925 260825
36925 262825
36925 264825
36925 266825
36925 268825
36925 270825
36925 272825
36925 274825
36925 276825
36925 278825
36925 280825
36925 282825
36925 284825
36925 288825
36925 290825
36925 292825
36925 294825
36925 296825
36925 298825
36925 300825
36925 302825
36925 304825
36925 306825
36925 308825
36925 310825
36925 312825
36925 314825
36925 316825
36925 318825
36925 320825
36925 322825
36925 324825
36925 326825
36925 328825
36925 330825
36925 332825
36925 334825
36925 336825
36925 338825
36925 340825
36925 342825
36925 344825
36925 346825
36925 348825
36925 350825
36925 352825
36925 354825
36925 356825
36925 358825
36925 360825
36925 362825
36925 364825
36925 366825
36925 368825
36925 370825
36925 372825
36925 374825
36925 376825
36925 378825
36925 380825
36925 382825
36925 384825
36925 386825
36925 388825
36925 390825
36925 392825
36925 394825
36925 396825
36925 398825
36925 400825
36925 402825
36925 404825
36925 406825
36925 408825
36925 410825
36925 412825
36925 414825
36925 416825
36925 418825
36925 420825
36925 422825
36925 424825
36925 426825
36925 428825
36925 430825
36925 432825
36925 434825
36925 436825
36925 438825
36925 440825
36925 442825
36925 444825
36925 446825
36925 452825
36925 464825
36925 466825
36925 496825
36925 498825
36925 510825
36925 534825
36925 538825
38925 2825
38925 20825
38925 24825
38925 36825
38925 40825
38925 42825
38925 44825
38925 46825
38925 48825
38925 50825
38925 52825
38925 54825
38925 56825
38925 58825
38925 60825
38925 62825
38925 64825
38925 66825
38925 68825
38925 70825
38925 72825
38925 74825
38925 76825
38925 78825
38925 80825
38925 82825
38925 84825
38925 86825
38925 88825
38925 90825
38925 94825
38925 96825
38925 98825
38925 100825
38925 102825
38925 104825
38925 106825
38925 108825
38925 110825
38925 112825
38925 114825
38925 116825
38925 118825
38925 120825
38925 122825
38925 124825
38925 126825
38925 128825
38925 130825
38925 132825
38925 134825
38925 136825
38925 138825
38925 140825
38925 142825
38925 144825
38925 146825
38925 148825
38925 150825
38925 152825
38925 154825
38925 158825
38925 160825
38925 162825
38925 164825
38925 166825
38925 168825
38925 170825
38925 172825
38925 174825
38925 176825
38925 178825
38925 180825
38925 182825
38925 184825
38925 186825
38925 188825
38925 190825
38925 192825
38925 194825
38925 196825
38925 198825
38925 200825
38925 202825
38925 204825
38925 206825
38925 208825
38925 210825
38925 212825
38925 214825
38925 216825
38925 218825
38925 220825
38925 222825
38925 224825
38925 226825
38925 230825
38925 232825
38925 234825
38925 236825
38925 238825
38925 240825
38925 242825
38925 244825
38925 246825
38925 248825
38925 250825
38925 252825
38925 254825
38925 256825
38925 258825
38925 260825
38925 262825
38925 264825
38925 266825
38925 268825
38925 270825
38925 272825
38925 274825
38925 276825
38925 278825
38925 280825
38925 282825
38925 284825
38925 286825
38925 288825
38925 290825
38925 294825
38925 296825
38925 298825
38925 300825
38925 302825
38925 304825
38925 306825
38925 308825
38925 310825
38925 312825
38925 314825
38925 316825
38925 318825
38925 320825
38925 322825
38925 324825
38925 326825
38925 328825
38925 330825
38925 332825
38925 334825
38925 336825
38925 338825
38925 340825
38925 342825
38925 344825
38925 346825
38925 348825
38925 350825
38925 352825
38925 354825
38925 356825
38925 358825
38925 360825
38925 362825
38925 364825
38925 366825
38925 368825
38925 370825
38925 372825
38925 374825
38925 376825
38925 378825
38925 380825
38925 382825
38925 384825
38925 386825
38925 388825
38925 390825
38925 392825
38925 394825
38925 396825
38925 398825
38925 400825
38925 402825
38925 404825
38925 406825
38925 408825
38925 410825
38925 412825
38925 414825
38925 416825
38925 418825
38925 420825
38925 422825
38925 424825
38925 426825
38925 428825
38925 430825
38925 432825
38925 434825
38925 436825
38925 438825
38925 440825
38925 442825
38925 444825
38925 446825
38925 448825
38925 450825
38925 452825
38925 454825
38925 456825
38925 458825
38925 460825
38925 464825
38925 466825
38925 496825
38925 498825
38925 510825
38925 534825
38925 538825
40925 2825
40925 20825
40925 24825
40925 36825
40925 38825
40925 40825
40925 66825
40925 72825
40925 76825
40925 78825
40925 80825
40925 82825
40925 84825
40925 86825
40925 88825
40925 90825
40925 92825
40925 94825
40925 96825
40925 98825
40925 100825
40925 102825
40925 104825
40925 106825
40925 108825
40925 110825
40925 112825
40925 114825
40925 116825
40925 118825
40925 120825
40925 122825
40925 124825
40925 126825
40925 128825
40925 130825
40925 132825
40925 134825
40925 136825
40925 138825
40925 140825
40925 142825
40925 144825
40925 146825
40925 148825
40925 150825
40925 152825
40925 154825
40925 156825
40925 158825
40925 162825
40925 164825
40925 166825
40925 168825
40925 170825
40925 172825
40925 174825
40925 176825
40925 178825
40925 180825
40925 182825
40925 184825
40925 186825
40925 188825
40925 190825
40925 192825
40925 194825
40925 196825
40925 198825
40925 200825
40925 202825
40925 204825
40925 206825
40925 208825
40925 210825
40925 212825
40925 214825
40925 216825
40925 218825
40925 220825
40925 224825
40925 226825
40925 228825
40925 230825
40925 232825
40925 234825
40925 236825
40925 238825
40925 240825
40925 244825
40925 246825
40925 248825
40925 250825
40925 252825
40925 254825
40925 256825
40925 258825
40925 260825
40925 262825
40925 264825
40925 266825
40925 268825
40925 270825
40925 272825
40925 274825
40925 276825
40925 278825
40925 280825
40925 282825
40925 284825
40925 286825
40925 288825
40925 290825
40925 292825
40925 294825
40925 296825
40925 298825
40925 300825
40925 302825
40925 304825
40925 306825
40925 308825
40925 312825
40925 314825
40925 316825
40925 318825
40925 320825
40925 322825
40925 324825
40925 326825
40925 328825
40925 330825
40925 332825
40925 334825
40925 336825
40925 338825
40925 340825
40925 342825
40925 344825
40925 346825
40925 348825
40925 350825
40925 352825
40925 354825
40925 356825
40925 358825
40925 360825
40925 362825
40925 364825
40925 366825
40925 368825
40925 370825
40925 372825
40925 374825
40925 376825
40925 378825
40925 380825
40925 382825
40925 384825
40925 386825
40925 388825
40925 390825
40925 394825
40925 396825
40925 398825
40925 400825
40925 402825
40925 404825
40925 406825
40925 408825
40925 410825
40925 412825
40925 414825
40925 416825
40925 418825
40925 420825
40925 422825
40925 424825
40925 426825
40925 428825
40925 430825
40925 432825
40925 434825
40925 436825
40925 438825
40925 440825
40925 442825
40925 444825
40925 446825
40925 448825
40925 450825
40925 452825
40925 454825
40925 456825
40925 458825
40925 460825
40925 462825
40925 464825
40925 466825
40925 468825
40925 470825
40925 472825
40925 474825
40925 476825
40925 478825
40925 480825
40925 482825
40925 484825
40925 486825
40925 488825
40925 490825
40925 492825
40925 494825
40925 496825
40925 498825
40925 510825
40925 534825
40925 538825
42925 2825
42925 20825
42925 24825
42925 26825
42925 28825
42925 30825
42925 32825
42925 34825
42925 36825
42925 38825
42925 40825
42925 42825
42925 44825
42925 46825
42925 48825
42925 50825
42925 52825
42925 54825
42925 56825
42925 58825
42925 60825
42925 62825
42925 64825
42925 66825
42925 68825
42925 70825
42925 72825
42925 74825
42925 76825
42925 78825
42925 80825
42925 82825
42925 84825
42925 86825
42925 88825
42925 90825
42925 92825
42925 94825
42925 96825
42925 98825
42925 100825
42925 102825
42925 104825
42925 106825
42925 108825
42925 110825
42925 112825
42925 114825
42925 116825
42925 118825
42925 120825
42925 122825
42925 124825
42925 126825
42925 128825
42925 130825
42925 132825
42925 134825
42925 136825
42925 138825
42925 140825
42925 142825
42925 144825
42925 146825
42925 148825
42925 150825
42925 152825
42925 154825
42925 156825
42925 158825
42925 160825
42925 162825
42925 164825
42925 166825
42925 168825
42925 170825
42925 172825
42925 174825
42925 176825
42925 178825
42925 180825
42925 182825
42925 184825
42925 186825
42925 188825
42925 190825
42925 192825
42925 194825
42925 196825
42925 198825
42925 200825
42925 202825
42925 204825
42925 206825
42925 208825
42925 218825
42925 220825
42925 222825
42925 228825
42925 242825
42925 244825
42925 248825
42925 250825
42925 252825
42925 254825
42925 256825
42925 258825
42925 260825
42925 262825
42925 264825
42925 266825
42925 268825
42925 270825
42925 272825
42925 274825
42925 276825
42925 278825
42925 280825
42925 282825
42925 284825
42925 286825
42925 288825
42925 292825
42925 294825
42925 296825
42925 298825
42925 300825
42925 302825
42925 304825
42925 306825
42925 308825
42925 310825
42925 312825
42925 314825
42925 316825
42925 318825
42925 320825
42925 322825
42925 324825
42925 326825
42925 328825
42925 330825
42925 332825
42925 334825
42925 336825
42925 338825
42925 340825
42925 342825
42925 344825
42925 346825
42925 348825
42925 350825
42925 352825
42925 354825
42925 356825
42925 358825
42925 360825
42925 362825
42925 366825
42925 368825
42925 370825
42925 372825
42925 374825
42925 376825
42925 378825
42925 380825
42925 382825
42925 384825
42925 386825
42925 388825
42925 390825
42925 392825
42925 394825
42925 396825
42925 398825
42925 400825
42925 402825
42925 404825
42925 406825
42925 408825
42925 410825
42925 412825
42925 414825
42925 416825
42925 418825
42925 420825
42925 422825
42925 424825
42925 426825
42925 428825
42925 430825
42925 434825
42925 436825
42925 438825
42925 440825
42925 442825
42925 444825
42925 446825
42925 448825
42925 452825
42925 454825
42925 456825
42925 458825
42925 460825
42925 462825
42925 464825
42925 466825
42925 468825
42925 470825
42925 472825
42925 474825
42925 476825
42925 478825
42925 480825
42925 482825
42925 484825
42925 486825
42925 488825
42925 490825
42925 496825
42925 498825
42925 500825
42925 510825
42925 534825
42925 538825
44925 2825
44925 20825
44925 22825
44925 24825
44925 38825
44925 40825
44925 42825
44925 44825
44925 46825
44925 48825
44925 50825
44925 52825
44925 54825
44925 56825
44925 68825
44925 70825
44925 72825
44925 74825
44925 78825
44925 86825
44925 90825
44925 92825
44925 94825
44925 120825
44925 126825
44925 128825
44925 130825
44925 132825
44925 134825
44925 136825
44925 138825
44925 140825
44925 142825
44925 144825
44925 146825
44925 148825
44925 150825
44925 152825
44925 154825
44925 156825
44925 158825
44925 160825
44925 162825
44925 164825
44925 166825
44925 168825
44925 170825
44925 172825
44925 174825
44925 176825
44925 178825
44925 180825
44925 182825
44925 184825
44925 186825
44925 188825
44925 190825
44925 192825
44925 194825
44925 196825
44925 198825
44925 200825
44925 202825
44925 204825
44925 206825
44925 208825
44925 210825
44925 212825
44925 214825
44925 216825
44925 218825
44925 220825
44925 222825
44925 224825
44925 226825
44925 228825
44925 230825
44925 232825
44925 234825
44925 236825
44925 238825
44925 240825
44925 242825
44925 244825
44925 246825
44925 248825
44925 250825
44925 252825
44925 254825
44925 256825
44925 258825
44925 260825
44925 262825
44925 264825
44925 266825
44925 268825
44925 270825
44925 272825
44925 274825
44925 276825
44925 278825
44925 280825
44925 282825
44925 284825
44925 286825
44925 288825
44925 290825
44925 292825
44925 294825
44925 296825
44925 298825
44925 300825
44925 302825
44925 304825
44925 306825
44925 308825
44925 310825
44925 312825
44925 314825
44925 316825
44925 318825
44925 320825
44925 322825
44925 324825
44925 326825
44925 328825
44925 330825
44925 332825
44925 334825
44925 336825
44925 338825
44925 340825
44925 342825
44925 344825
44925 362825
44925 364825
44925 366825
44925 386825
44925 392825
44925 416825
44925 418825
44925 420825
44925 422825
44925 424825
44925 426825
44925 428825
44925 430825
44925 432825
44925 434825
44925 436825
44925 438825
44925 440825
44925 442825
44925 444825
44925 446825
44925 448825
44925 450825
44925 452825
44925 454825
44925 456825
44925 458825
44925 460825
44925 462825
44925 464825
44925 466825
44925 468825
44925 470825
44925 472825
44925 474825
44925 476825
44925 478825
44925 480825
44925 482825
44925 484825
44925 486825
44925 488825
44925 490825
44925 492825
44925 494825
44925 496825
44925 498825
44925 500825
44925 502825
44925 504825
44925 506825
44925 508825
44925 510825
44925 512825
44925 514825
44925 516825
44925 518825
44925 520825
44925 522825
44925 524825
44925 526825
44925 528825
44925 530825
44925 532825
44925 534825
44925 538825
46925 2825
46925 4825
46925 6825
46925 8825
46925 10825
46925 12825
46925 14825
46925 16825
46925 18825
46925 20825
46925 22825
46925 24825
46925 26825
46925 28825
46925 30825
46925 32825
46925 34825
46925 36825
46925 38825
46925 40825
46925 42825
46925 44825
46925 46825
46925 48825
46925 50825
46925 52825
46925 54825
46925 56825
46925 58825
46925 60825
46925 62825
46925 64825
46925 66825
46925 68825
46925 70825
46925 72825
46925 74825
46925 76825
46925 78825
46925 80825
46925 82825
46925 84825
46925 86825
46925 88825
46925 90825
46925 92825
46925 94825
46925 96825
46925 98825
46925 100825
46925 102825
46925 104825
46925 106825
46925 108825
46925 110825
46925 112825
46925 114825
46925 116825
46925 118825
46925 120825
46925 122825
46925 124825
46925 126825
46925 128825
46925 130825
46925 132825
46925 134825
46925 136825
46925 138825
46925 140825
46925 142825
46925 144825
46925 146825
46925 148825
46925 150825
46925 152825
46925 154825
46925 156825
46925 158825
46925 160825
46925 162825
46925 164825
46925 166825
46925 168825
46925 170825
46925 172825
46925 174825
46925 176825
46925 178825
46925 180825
46925 182825
46925 184825
46925 186825
46925 188825
46925 190825
46925 192825
46925 194825
46925 196825
46925 198825
46925 200825
46925 202825
46925 204825
46925 206825
46925 208825
46925 210825
46925 212825
46925 214825
46925 216825
46925 218825
46925 220825
46925 222825
46925 224825
46925 226825
46925 228825
46925 230825
46925 232825
46925 234825
46925 236825
46925 238825
46925 240825
46925 242825
46925 244825
46925 246825
46925 248825
46925 250825
46925 252825
46925 254825
46925 256825
46925 258825
46925 260825
46925 262825
46925 264825
46925 266825
46925 268825
46925 270825
46925 272825
46925 274825
46925 276825
46925 278825
46925 280825
46925 282825
46925 284825
46925 286825
46925 288825
46925 290825
46925 292825
46925 294825
46925 308825
46925 310825
46925 328825
46925 330825
46925 338825
46925 340825
46925 342825
46925 344825
46925 346825
46925 348825
46925 350825
46925 352825
46925 354825
46925 356825
46925 362825
46925 364825
46925 368825
46925 370825
46925 372825
46925 374825
46925 376825
46925 378825
46925 380825
46925 386825
46925 392825
46925 398825
46925 400825
46925 402825
46925 404825
46925 406825
46925 408825
46925 410825
46925 412825
46925 414825
46925 416825
46925 418825
46925 420825
46925 422825
46925 424825
46925 426825
46925 428825
46925 430825
46925 432825
46925 434825
46925 436825
46925 438825
46925 440825
46925 442825
46925 444825
46925 446825
46925 448825
46925 450825
46925 452825
46925 454825
46925 456825
46925 458825
46925 460825
46925 462825
46925 464825
46925 466825
46925 468825
46925 470825
46925 472825
46925 474825
46925 476825
46925 478825
46925 480825
46925 482825
46925 484825
46925 486825
46925 488825
46925 490825
46925 492825
46925 494825
46925 496825
46925 498825
46925 500825
46925 502825
46925 504825
46925 506825
46925 508825
46925 534825
46925 536825
46925 538825
0 540725
2000 540725
4000 540725
6000 540725
8000 540725
10000 540725
12000 540725
14000 540725
16000 540725
18000 540725
20000 540725
22000 540725
24000 540725
26000 540725
28000 540725
30000 540725
32000 540725
34000 540725
36000 540725
38000 540725
40000 540725
42000 540725
44000 540725
46000 540725
581000 725
583000 725
585000 725
587000 725
589000 725
591000 725
593000 725
595000 725
597000 725
599000 725
601000 725
603000 725
605000 725
607000 725
609000 725
611000 725
613000 725
615000 725
617000 725
619000 725
621000 725
623000 725
625000 725
627000 725
581000 24725
581000 516725
583000 114725
583000 128725
583000 142725
583000 536725
585000 52725
585000 230725
585000 294725
585000 498725
587000 144725
587000 160725
587000 190725
587000 502725
589000 188725
589000 484725
591000 210725
591000 400725
617000 226725
617000 466725
619000 174725
619000 194725
619000 396725
621000 54725
621000 518725
623000 44725
623000 500725
623000 510725
623000 534725
625000 54725
625000 58725
625000 84725
625000 92725
625000 108725
625000 538725
627000 26725
627000 40725
581925 825
581925 26825
581925 28825
581925 30825
581925 32825
581925 34825
581925 36825
581925 40825
581925 42825
581925 44825
581925 46825
581925 48825
581925 50825
581925 52825
581925 54825
581925 56825
581925 58825
581925 60825
581925 62825
581925 64825
581925 66825
581925 68825
581925 70825
581925 74825
581925 76825
581925 78825
581925 80825
581925 82825
581925 84825
581925 86825
581925 88825
581925 90825
581925 92825
581925 94825
581925 96825
581925 98825
581925 100825
581925 102825
581925 104825
581925 108825
581925 110825
581925 112825
581925 114825
581925 116825
581925 118825
581925 120825
581925 122825
581925 124825
581925 126825
581925 128825
581925 130825
581925 132825
581925 134825
581925 136825
581925 138825
581925 142825
581925 144825
581925 146825
581925 148825
581925 150825
581925 152825
581925 154825
581925 156825
581925 158825
581925 160825
581925 162825
581925 164825
581925 166825
581925 168825
581925 170825
581925 172825
581925 176825
581925 178825
581925 180825
581925 182825
581925 184825
581925 186825
581925 188825
581925 190825
581925 192825
581925 194825
581925 196825
581925 198825
581925 200825
581925 202825
581925 204825
581925 206825
581925 210825
581925 212825
581925 214825
581925 216825
581925 218825
581925 220825
581925 222825
581925 224825
581925 226825
581925 228825
581925 230825
581925 232825
581925 234825
581925 236825
581925 238825
581925 240825
581925 244825
581925 246825
581925 248825
581925 250825
581925 252825
581925 254825
581925 256825
581925 258825
581925 260825
581925 262825
581925 264825
581925 266825
581925 268825
581925 270825
581925 272825
581925 274825
581925 278825
581925 280825
581925 282825
581925 284825
581925 286825
581925 288825
581925 290825
581925 292825
581925 294825
581925 296825
581925 298825
581925 300825
581925 302825
581925 304825
581925 306825
581925 308825
581925 312825
581925 314825
581925 316825
581925 318825
581925 320825
581925 322825
581925 324825
581925 326825
581925 328825
581925 330825
581925 332825
581925 334825
581925 336825
581925 338825
581925 340825
581925 342825
581925 346825
581925 348825
581925 350825
581925 352825
581925 354825
581925 356825
581925 358825
581925 360825
581925 362825
581925 364825
581925 366825
581925 368825
581925 370825
581925 372825
581925 374825
581925 376825
581925 380825
581925 382825
581925 384825
581925 386825
581925 388825
581925 390825
581925 392825
581925 394825
581925 396825
581925 398825
581925 400825
581925 402825
581925 404825
581925 406825
581925 408825
581925 410825
581925 414825
581925 416825
581925 418825
581925 420825
581925 422825
581925 424825
581925 426825
581925 428825
581925 430825
581925 432825
581925 434825
581925 436825
581925 438825
581925 440825
581925 442825
581925 444825
581925 448825
581925 450825
581925 452825
581925 454825
581925 456825
581925 458825
581925 460825
581925 462825
581925 464825
581925 466825
581925 468825
581925 470825
581925 472825
581925 474825
581925 476825
581925 478825
581925 482825
581925 484825
581925 486825
581925 488825
581925 490825
581925 492825
581925 494825
581925 496825
581925 498825
581925 500825
581925 502825
581925 504825
581925 506825
581925 508825
581925 510825
581925 512825
581925 516825
581925 532825
581925 534825
581925 536825
581925 538825
583925 825
583925 40825
583925 44825
583925 52825
583925 54825
583925 56825
583925 90825
583925 108825
583925 116825
583925 118825
583925 120825
583925 122825
583925 124825
583925 144825
583925 146825
583925 148825
583925 150825
583925 152825
583925 154825
583925 156825
583925 158825
583925 160825
583925 162825
583925 164825
583925 166825
583925 168825
583925 170825
583925 172825
583925 174825
583925 176825
583925 178825
583925 180825
583925 182825
583925 184825
583925 186825
583925 188825
583925 190825
583925 192825
583925 194825
583925 196825
583925 198825
583925 200825
583925 202825
583925 204825
583925 206825
583925 208825
583925 210825
583925 212825
583925 214825
583925 216825
583925 218825
583925 220825
583925 222825
583925 224825
583925 226825
583925 228825
583925 230825
583925 232825
583925 234825
583925 236825
583925 238825
583925 240825
583925 242825
583925 244825
583925 246825
583925 248825
583925 250825
583925 252825
583925 254825
583925 256825
583925 258825
583925 260825
583925 262825
583925 264825
583925 266825
583925 268825
583925 270825
583925 272825
583925 274825
583925 276825
583925 278825
583925 280825
583925 282825
583925 284825
583925 286825
583925 288825
583925 290825
