152
9250 1850
9250 3000
9250 4400
9250 5550
9250 6950
9250 8100
9250 9500
9250 10650
9498 11205
9500 10050
9498 8655
9500 7500
9498 6105
9500 4950
9498 3555
9500 2400
9784 2098
9757 2181
9775 2375
9775 3525
9784 4648
9757 4731
9775 4925
9775 6075
9784 7198
9757 7281
9775 7475
9775 8625
9784 9748
9757 9831
9775 10025
9775 11175
9925 10995
9975 10675
9925 8445
9975 8125
9925 5895
9975 5575
9925 3345
9975 3025
15499 10106
15503 9397
15499 7556
15503 6847
15499 5006
15503 4297
15499 2456
15503 1747
15624 1777
15726 1803
15775 2225
15725 2325
15624 4327
15726 4353
15775 4775
15725 4875
15624 6877
15726 6903
15775 7325
15725 7425
15624 9427
15726 9453
15775 9875
15725 9975
15825 9675
15825 9525
15819 9450
15825 7125
15825 6975
15819 6900
15825 4575
15825 4425
15819 4350
15825 1875
15825 2025
15819 1800
2100 1850
2100 3000
2100 4400
2100 5550
2100 6950
2100 8100
2100 9500
2100 10650
2348 11205
2350 10050
2348 8655
2350 7500
2348 6105
2350 4950
2348 3555
2350 2400
2625 11175
2775 10995
2625 10025
2634 9748
2607 9831
2625 8625
2775 8445
2625 7475
2607 7281
2634 7198
2625 6075
2775 5895
2625 4925
2607 4731
2634 4648
2625 3525
2775 3345
2625 2375
2634 2098
2607 2181
2825 3025
2825 5575
2825 8125
2825 10675
8349 10106
8353 9397
8349 7556
8353 6847
8349 5006
8353 4297
8349 2456
8353 1747
8474 1777
8576 1803
8575 2325
8474 4327
8576 4353
8575 4875
8474 6877
8576 6903
8575 7425
8474 9427
8576 9453
8575 9975
8625 9875
8675 9675
8675 9525
8669 9450
8625 7325
8675 7125
8675 6975
8669 6900
8625 4775
8675 4575
8675 4425
8669 4350
8625 2225
8675 1875
8675 2025
8669 1800
