226
12625 6800
12625 6900
12625 7000
12625 7100
12625 7200
12625 8450
12625 8550
12625 8650
12625 8750
12625 8850
12625 8950
12625 9050
12525 8450
12525 8650
12525 8550
12525 8750
12525 8950
12525 8850
12525 9050
10075 8800
9975 8800
9875 8800
9775 8800
4975 8450
4975 8550
4975 8650
4975 8750
4975 8850
4975 8950
4975 9050
4875 8450
4875 8650
4875 8550
4875 8750
4875 8950
4875 8850
4875 9050
2425 8800
2325 8800
2225 8800
2125 8800
1875 11850
1975 11850
2075 11850
2425 11850
2525 11850
2625 11850
2725 11850
2825 11850
2925 11850
3025 11850
3125 11850
3375 11850
3475 11850
3575 11850
3675 11850
3775 11850
4075 11850
4175 11850
4275 11850
4375 11850
4475 11850
4575 11850
4675 11850
4775 11850
4875 11850
4975 11850
5375 11850
5475 11850
5575 11850
5675 11850
5775 11850
5875 11850
5975 11850
6075 11850
6175 11850
6275 11850
9525 11850
9625 11850
9725 11850
10075 11850
10175 11850
10275 11850
10375 11850
10475 11850
10575 11850
10675 11850
10775 11850
11025 11850
11125 11850
11225 11850
11325 11850
11425 11850
11725 11850
11825 11850
11925 11850
12025 11850
12125 11850
12225 11850
12325 11850
12425 11850
12525 11850
12625 11850
13025 11850
13125 11850
13225 11850
13325 11850
13425 11850
13525 11850
13625 11850
13725 11850
13825 11850
13925 11850
15625 1150
14625 1200
14525 1200
14425 1200
14125 1200
14025 1200
13925 1200
13975 1500
13625 1200
13475 1200
13475 1600
13475 1750
13475 1900
13325 1200
13175 1200
13100 1725
12675 1725
12025 1300
11425 1600
9725 1450
7975 1150
6975 1200
6875 1200
6775 1200
6475 1200
6375 1200
6275 1200
6325 1500
5975 1200
5825 1200
5825 1600
5825 1750
5825 1900
5675 1200
5525 1200
5450 1725
5025 1725
4375 1300
3775 1600
2075 1450
2075 3850
3775 2300
4375 3300
5025 2150
5450 2150
5475 2500
5475 3000
5825 2050
6325 2200
7975 2150
8725 2550
8725 2650
8725 2750
8725 2850
8725 2950
8725 3050
8725 3200
8725 3300
8725 3400
8725 3500
8725 3600
8725 3700
8725 3800
9725 3850
11425 2300
12025 3300
12675 2150
13100 2150
13125 2500
13125 3000
13475 2050
13975 2200
15625 2150
16375 2550
16375 2650
16375 2750
16375 2850
16375 2950
16375 3050
16375 3200
16375 3300
16375 3400
16375 3500
16375 3600
16375 3700
16375 3800
4875 6500
4875 6700
4875 6600
4875 6800
4875 6900
4875 7000
4875 7100
4875 7200
4975 6500
4975 6600
4975 6700
4975 6800
4975 6900
4975 7000
4975 7100
4975 7200
12525 6500
12525 6700
12525 6600
12525 6800
12525 6900
12525 7000
12525 7100
12525 7200
12625 6500
12625 6600
12625 6700
