299
2148 2786
2249 2786
2352 2786
2451 2785
2552 2785
2651 2787
2925 2925
3325 2900
3725 2900
3925 2900
4175 2925
4175 2725
4975 2825
5075 2775
5175 2875
5450 2825
5450 2925
6125 2875
6025 2875
7575 2875
7425 2875
7925 2875
7875 2775
7825 2925
7750 2800
8125 2775
8075 2875
8025 2775
8125 2975
7975 2975
8775 2825
8775 2925
8775 3025
8775 3125
8775 3275
8625 3225
8525 3225
8075 3075
7975 3275
7975 3075
7825 3125
7575 3075
7600 3175
7425 3275
7425 3125
7425 3025
7325 3225
6125 3025
6025 3175
5375 3250
5275 3250
5450 3025
5175 3150
5075 3275
4525 3200
4575 3125
4575 3025
4425 3200
4325 3200
4175 3200
4275 3125
4275 3025
3975 3275
3875 3275
2925 3198
2925 3475
3925 3475
3825 3475
3975 3375
4325 3575
4275 3300
4175 3400
4125 3300
4500 3300
4400 3300
4725 3525
4675 3400
4775 3375
5175 3300
4975 3325
5175 3475
5025 3450
5375 3525
5275 3525
6050 3375
5908 3574
6450 3375
6675 3325
6575 3525
6975 3525
6875 3325
6775 3425
7150 3325
7150 3475
7625 3525
7575 3425
7475 3525
7425 3425
7825 3525
7725 3525
7825 3375
7725 3375
8225 3425
8225 3325
8475 3525
8325 3525
8575 3325
8775 3700
8675 3800
8575 3700
8425 3625
8325 3625
8375 3775
8175 3625
8225 3775
8075 3775
8075 3675
7925 3775
7875 3675
7075 3675
7150 3750
6975 3725
6575 3750
6375 3750
5975 3750
5325 3775
5275 3675
5375 3675
5075 3800
5204 3772
4675 3675
4925 3800
4925 3675
4775 3675
4575 3675
4425 3675
4325 3725
3825 3650
3625 3750
3475 3750
3225 3750
3325 3750
3125 3725
2925 3725
2575 3675
2675 3675
2275 3675
2375 3675
2175 3675
4775 3225
2156 1639
2456 1639
2355 1640
2256 1640
2656 1640
2556 1639
2975 1725
3275 1600
3375 1600
3475 1600
3575 1600
3700 1600
3900 1625
3875 1775
4275 1625
4275 1725
4375 1675
4500 1675
4450 1750
4550 1750
4560 1565
4775 1725
4710 1565
4860 1565
5010 1565
5160 1565
5310 1565
5460 1565
5610 1565
6375 1575
6525 1575
6675 1575
6675 1725
6525 1725
6875 1575
7075 1575
7260 1575
7259 1576
7625 1775
7410 1575
7560 1575
7409 1576
7560 1576
7825 1675
7710 1575
7711 1575
7875 1575
7975 1575
8075 1575
8175 1575
8275 1575
8375 1575
8475 1575
8825 1625
8820 1928
8825 1825
7725 1825
7725 1975
7475 1975
7625 1925
7575 2075
7075 1975
6825 1925
6775 2075
6975 2075
6675 1925
6200 1975
6425 2075
6000 1975
6025 2075
5675 1825
5275 1825
5425 1825
5525 1825
5025 1825
4975 2025
5075 1925
5075 2075
4775 1875
4925 1925
4675 1950
4775 1975
4425 2050
4525 2050
4175 1950
4125 2050
4275 2050
3875 1900
3875 2075
3975 1975
3975 2075
2925 1875
2925 2150
4175 2150
4325 2150
4275 2225
4275 2325
4425 2150
4525 2150
4600 2225
4600 2325
4775 2125
5175 2325
5450 2375
6775 2225
7275 2275
7075 2175
7425 2325
7525 2375
7475 2175
7775 2350
7825 2175
7875 2350
8825 2225
8725 2375
8703 2197
8825 2425
8575 2450
8725 2525
8625 2600
8375 2600
8475 2600
7975 2475
8225 2500
8225 2600
8125 2575
7975 2625
7750 2650
5350 2400
5450 2525
5450 2675
5250 2400
5175 2475
5175 2675
5075 2575
4975 2525
5025 2675
4875 2675
4175 2425
4175 2625
3925 2450
3725 2450
3325 2450
2925 2425
2575 2525
2675 2525
2275 2525
2375 2525
2175 2525
