136
14425 7065
12450 7065
7275 7065
5300 7065
4118 7375
4743 7375
5935 7375
6560 7375
11268 7375
11893 7375
13085 7375
13710 7375
14425 7690
12450 7690
7275 7690
5300 7690
3100 7775
5300 7860
7275 7860
10250 7775
12450 7860
14425 7860
13710 8175
13085 8175
11893 8175
11268 8175
6560 8175
5935 8175
4743 8175
4118 8175
5300 8485
7275 8485
12450 8485
14425 8485
14425 9615
12450 9615
7275 9615
5300 9615
4118 9925
4743 9925
5935 9925
6560 9925
11268 9925
11893 9925
13085 9925
13710 9925
14425 10240
12450 10240
7275 10240
5300 10240
3100 10325
5300 10410
7275 10410
10250 10325
12450 10410
14425 10410
13710 10725
13085 10725
11893 10725
11268 10725
6560 10725
5935 10725
4743 10725
4118 10725
14425 11035
12450 11035
7275 11035
5300 11035
5300 1965
7275 1965
12450 1965
14425 1965
4118 2275
4743 2275
5935 2275
6560 2275
11268 2275
11893 2275
13085 2275
13710 2275
14425 2590
12450 2590
10250 2675
7275 2590
5300 2590
3100 2675
5300 2760
7275 2760
12450 2760
14425 2760
13710 3075
13085 3075
11893 3075
11268 3075
6560 3075
5935 3075
4743 3075
4118 3075
5300 3385
7275 3385
12450 3385
14425 3385
14425 4515
12450 4515
7275 4515
5300 4515
4118 4825
4743 4825
5935 4825
6560 4825
11268 4825
11893 4825
13085 4825
13710 4825
14425 5140
12450 5140
10250 5225
7275 5140
5300 5140
3100 5225
5300 5310
7275 5310
12450 5310
14425 5310
13710 5625
13085 5625
11893 5625
11268 5625
6560 5625
5935 5625
4743 5625
4118 5625
5300 5935
7275 5935
12450 5935
14425 5935
