724
3.17100e+03 1.17760e+03
3.12020e+03 1.38080e+03
3.29801e+03 2.16820e+03
3.48850e+03 1.15740e+03
3.50518e+03 1.16740e+03
3.50850e+03 1.19406e+03
3.48850e+03 1.26074e+03
3.50518e+03 1.24074e+03
3.49850e+03 1.22074e+03
3.50850e+03 1.19740e+03
3.49850e+03 1.17074e+03
3.49518e+03 1.16074e+03
3.48850e+03 1.12740e+03
3.49850e+03 1.12074e+03
3.48850e+03 1.09740e+03
3.48850e+03 1.09406e+03
3.50850e+03 1.07740e+03
3.49850e+03 1.05740e+03
3.49850e+03 1.05074e+03
3.50850e+03 1.03740e+03
3.48850e+03 1.02074e+03
3.50850e+03 1.00074e+03
3.42500e+03 9.99800e+02
3.48850e+03 9.07400e+02
3.48850e+03 9.27400e+02
3.49518e+03 9.40740e+02
3.49518e+03 9.20740e+02
3.50850e+03 9.00740e+02
3.49850e+03 8.94060e+02
3.50850e+03 8.80740e+02
3.48850e+03 8.60740e+02
3.45041e+03 8.72790e+02
3.34881e+03 7.71190e+02
3.32340e+03 7.07700e+02
3.27260e+03 8.47400e+02
3.22180e+03 9.99800e+02
3.32340e+03 9.74390e+02
3.37420e+03 8.98200e+02
3.29801e+03 8.47400e+02
3.19641e+03 7.96600e+02
3.19641e+03 1.26650e+03
3.22180e+03 2.16820e+03
3.27260e+03 1.10141e+03
3.27260e+03 1.02520e+03
3.29801e+03 9.23590e+02
3.27260e+03 2.04119e+03
3.29801e+03 1.99039e+03
3.34881e+03 2.06660e+03
3.39961e+03 1.81260e+03
3.36150e+03 1.78721e+03
3.33609e+03 1.91420e+03
3.36150e+03 1.99039e+03
3.39961e+03 2.06660e+03
3.27260e+03 1.76180e+03
3.23449e+03 1.79990e+03
3.27260e+03 1.50779e+03
3.29801e+03 1.55859e+03
3.24721e+03 1.63480e+03
3.40596e+03 2.21131e+03
3.41096e+03 2.21631e+03
3.40596e+03 2.23131e+03
3.39596e+03 2.23131e+03
3.49518e+03 2.16756e+03
3.49850e+03 2.15756e+03
3.49850e+03 2.15090e+03
3.49850e+03 2.14090e+03
3.48850e+03 2.12090e+03
3.50518e+03 2.10090e+03
3.49850e+03 2.08090e+03
3.48850e+03 2.05756e+03
3.48850e+03 2.05424e+03
3.49850e+03 2.03756e+03
3.48850e+03 2.04090e+03
3.49850e+03 2.02090e+03
3.49518e+03 2.00090e+03
3.50850e+03 1.99756e+03
3.49850e+03 1.97756e+03
3.49850e+03 1.97090e+03
3.49518e+03 1.96090e+03
3.50850e+03 1.95756e+03
3.48850e+03 1.92756e+03
3.49850e+03 1.92090e+03
3.48850e+03 1.89756e+03
3.48850e+03 1.89424e+03
3.50850e+03 1.87756e+03
3.49850e+03 1.85756e+03
3.49850e+03 1.85090e+03
3.50850e+03 1.83756e+03
3.48850e+03 1.82090e+03
3.50850e+03 1.80090e+03
3.43770e+03 1.85070e+03
3.34881e+03 1.40619e+03
3.34881e+03 1.50779e+03
3.34881e+03 1.45699e+03
3.32340e+03 1.76180e+03
3.32340e+03 1.86340e+03
3.32340e+03 1.63480e+03
3.37420e+03 1.68561e+03
3.39961e+03 1.91420e+03
3.41230e+03 1.97770e+03
3.39961e+03 1.68561e+03
3.39961e+03 1.55859e+03
3.42500e+03 1.58400e+03
3.32340e+03 1.55859e+03
3.29801e+03 1.50779e+03
3.22180e+03 1.38080e+03
3.27260e+03 1.40619e+03
3.32340e+03 1.38080e+03
3.34881e+03 1.17760e+03
3.34881e+03 1.25381e+03
3.27260e+03 1.17760e+03
3.24721e+03 1.22840e+03
3.17100e+03 1.25381e+03
3.14561e+03 1.45699e+03
3.17100e+03 1.53320e+03
3.04400e+03 1.76180e+03
3.00590e+03 1.73641e+03
3.01859e+03 1.55859e+03
2.99320e+03 1.78721e+03
2.94240e+03 1.76180e+03
2.99320e+03 1.30461e+03
3.04400e+03 2.06660e+03
3.04400e+03 2.01580e+03
3.12020e+03 1.68561e+03
3.12020e+03 1.76180e+03
3.06939e+03 1.50779e+03
3.06939e+03 1.38080e+03
3.01859e+03 1.63480e+03
2.96779e+03 1.53320e+03
2.89160e+03 1.50779e+03
2.91699e+03 1.86340e+03
2.89160e+03 1.88881e+03
2.89160e+03 1.68561e+03
2.86619e+03 1.78721e+03
2.84080e+03 1.50779e+03
2.81541e+03 2.01580e+03
2.84080e+03 1.78721e+03
2.89160e+03 1.97770e+03
2.91699e+03 2.04119e+03
2.89160e+03 2.14279e+03
2.86619e+03 2.16820e+03
2.89160e+03 2.06660e+03
2.91699e+03 2.21900e+03
2.81541e+03 2.24439e+03
2.81541e+03 2.06660e+03
2.79000e+03 2.14279e+03
2.73920e+03 2.16820e+03
2.76461e+03 2.06660e+03
2.66301e+03 2.24439e+03
2.61221e+03 2.06660e+03
2.63760e+03 1.40619e+03
2.63760e+03 1.58400e+03
2.53600e+03 2.01580e+03
2.53600e+03 1.81260e+03
2.51061e+03 1.83801e+03
2.48520e+03 1.78721e+03
2.51061e+03 1.68561e+03
2.48520e+03 1.83801e+03
2.48520e+03 1.93961e+03
2.51061e+03 2.21900e+03
2.38359e+03 1.88881e+03
2.33279e+03 1.88881e+03
2.44711e+03 2.23805e+03
2.48520e+03 2.01580e+03
2.45980e+03 2.06660e+03
2.35820e+03 1.27920e+03
2.29471e+03 1.35539e+03
2.28199e+03 8.72790e+02
2.30740e+03 1.25381e+03
2.32010e+03 1.17125e+03
2.32645e+03 1.16490e+03
2.32010e+03 8.72790e+02
2.32010e+03 1.15855e+03
2.31375e+03 1.16490e+03
2.29471e+03 1.22840e+03
2.30740e+03 1.05061e+03
2.33279e+03 1.17760e+03
2.33279e+03 1.30461e+03
2.35820e+03 1.33000e+03
2.35820e+03 1.63480e+03
2.30740e+03 1.63480e+03
2.20580e+03 1.76180e+03
2.28199e+03 1.55859e+03
2.23119e+03 1.22840e+03
2.24391e+03 1.27920e+03
2.28199e+03 1.63480e+03
2.23119e+03 1.17760e+03
2.12961e+03 1.50779e+03
2.15500e+03 1.30461e+03
2.15500e+03 1.17760e+03
2.16770e+03 1.26016e+03
2.17404e+03 1.26650e+03
2.12961e+03 1.68561e+03
2.15500e+03 1.63480e+03
2.07881e+03 1.60939e+03
2.06609e+03 1.15221e+03
2.02801e+03 1.25381e+03
2.16770e+03 8.85510e+02
2.19311e+03 1.15221e+03
2.18039e+03 1.05061e+03
2.20580e+03 1.12680e+03
2.20580e+03 1.25381e+03
2.23119e+03 9.23590e+02
2.15500e+03 1.40619e+03
2.05340e+03 1.83801e+03
2.07881e+03 1.76180e+03
2.05340e+03 1.50779e+03
2.00260e+03 1.35539e+03
2.05340e+03 1.43160e+03
2.05340e+03 1.68561e+03
2.12961e+03 1.38080e+03
2.12961e+03 1.45699e+03
2.07881e+03 1.27920e+03
2.02801e+03 1.73641e+03
2.00260e+03 1.83801e+03
1.97721e+03 1.83801e+03
1.97721e+03 1.78721e+03
1.95180e+03 1.81260e+03
2.00260e+03 1.68561e+03
1.97721e+03 1.43160e+03
1.90100e+03 1.40619e+03
1.92641e+03 1.81260e+03
2.00260e+03 1.93961e+03
1.97721e+03 1.53320e+03
2.00260e+03 1.50779e+03
1.92641e+03 1.30461e+03
1.93910e+03 1.60939e+03
1.90100e+03 1.25381e+03
2.00260e+03 1.05061e+03
2.00260e+03 1.25381e+03
2.02801e+03 9.99800e+02
1.95180e+03 1.25381e+03
2.00260e+03 1.17760e+03
2.10420e+03 9.99800e+02
2.02801e+03 1.15221e+03
2.00260e+03 9.99800e+02
1.91369e+03 1.15221e+03
1.97721e+03 9.99800e+02
1.85020e+03 1.17760e+03
1.85020e+03 1.81260e+03
1.87561e+03 2.01580e+03
1.86289e+03 1.88881e+03
1.85020e+03 1.07600e+03
1.85020e+03 1.30461e+03
1.85020e+03 1.40619e+03
1.79939e+03 1.33000e+03
1.72320e+03 1.10141e+03
1.67240e+03 8.72790e+02
1.63430e+03 7.33110e+02
1.57080e+03 7.96600e+02
1.58350e+03 7.33110e+02
1.59619e+03 8.47400e+02
1.59619e+03 1.12680e+03
1.59619e+03 1.17760e+03
1.59619e+03 9.23590e+02
1.57080e+03 1.07600e+03
1.59619e+03 1.35539e+03
1.67240e+03 8.47400e+02
1.62160e+03 1.43160e+03
1.57080e+03 9.99800e+02
1.59619e+03 9.49000e+02
1.57080e+03 1.25381e+03
1.53270e+03 1.22840e+03
1.44381e+03 1.45699e+03
1.49461e+03 1.20301e+03
1.54539e+03 8.47400e+02
1.52000e+03 1.43160e+03
1.59619e+03 8.98200e+02
1.67240e+03 7.07700e+02
1.67240e+03 8.21990e+02
1.57080e+03 1.20301e+03
1.57080e+03 1.48240e+03
1.59619e+03 1.48240e+03
1.67240e+03 1.20301e+03
1.59619e+03 1.40619e+03
1.64699e+03 1.38080e+03
1.54539e+03 1.78721e+03
1.52000e+03 1.76180e+03
1.54539e+03 1.81260e+03
1.49461e+03 1.55859e+03
1.54539e+03 1.68561e+03
1.54539e+03 1.55859e+03
1.46920e+03 1.63480e+03
1.46920e+03 1.55859e+03
1.44381e+03 1.76180e+03
1.49461e+03 1.81260e+03
1.52000e+03 2.14279e+03
1.54539e+03 2.24439e+03
1.49461e+03 1.88881e+03
1.44381e+03 1.68561e+03
1.44381e+03 1.88881e+03
1.46920e+03 9.74390e+02
1.54539e+03 7.33110e+02
1.49461e+03 8.47400e+02
1.49461e+03 1.12680e+03
1.49461e+03 1.17760e+03
1.53270e+03 8.72790e+02
1.54539e+03 1.30461e+03
1.49461e+03 1.07600e+03
1.49461e+03 9.49000e+02
1.49461e+03 1.30461e+03
1.44381e+03 1.33000e+03
1.44381e+03 1.05061e+03
1.36760e+03 1.30461e+03
1.39301e+03 1.43160e+03
1.39301e+03 8.98200e+02
1.36760e+03 1.15221e+03
1.34221e+03 9.99800e+02
1.31680e+03 7.33110e+02
1.29141e+03 1.12680e+03
1.44381e+03 7.96600e+02
1.50730e+03 7.33110e+02
1.44381e+03 8.47400e+02
1.36760e+03 1.48240e+03
1.36760e+03 1.20301e+03
1.41840e+03 8.60100e+02
1.36760e+03 1.33000e+03
1.36760e+03 9.23590e+02
1.36760e+03 1.10141e+03
1.36760e+03 8.21990e+02
1.46920e+03 7.07700e+02
1.24061e+03 9.74390e+02
1.18980e+03 8.21990e+02
1.15170e+03 1.27920e+03
1.06279e+03 1.50779e+03
1.06279e+03 1.27920e+03
1.08820e+03 1.31730e+03
1.06279e+03 9.23590e+02
9.86600e+02 1.45699e+03
9.61190e+02 1.40619e+03
8.59610e+02 1.27920e+03
8.59610e+02 1.02520e+03
9.35800e+02 1.58400e+03
8.97700e+02 1.41891e+03
8.59610e+02 1.15221e+03
8.08810e+02 1.33000e+03
8.59610e+02 1.53320e+03
8.34200e+02 1.93961e+03
8.08810e+02 1.86340e+03
7.58010e+02 1.66020e+03
7.58010e+02 1.27920e+03
7.58010e+02 1.17760e+03
6.81800e+02 1.78721e+03
6.81800e+02 1.83801e+03
7.07210e+02 1.93961e+03
7.32600e+02 1.93961e+03
7.83400e+02 1.88881e+03
7.58010e+02 1.78721e+03
7.32600e+02 1.58400e+03
6.81800e+02 1.35539e+03
6.81800e+02 1.27920e+03
6.56410e+02 1.83801e+03
6.81800e+02 9.99800e+02
7.13550e+02 1.82529e+03
7.19900e+02 1.83164e+03
6.81800e+02 2.04119e+03
7.58010e+02 1.93961e+03
8.08810e+02 1.96500e+03
8.08810e+02 1.15221e+03
8.08810e+02 9.99800e+02
8.08810e+02 9.49000e+02
6.81800e+02 9.23590e+02
6.05610e+02 7.96600e+02
6.81800e+02 1.02520e+03
6.05610e+02 1.15221e+03
6.05610e+02 1.25381e+03
6.56410e+02 1.73641e+03
8.08810e+02 2.04119e+03
7.26250e+02 1.82529e+03
7.58010e+02 1.86340e+03
7.83400e+02 1.73641e+03
8.08810e+02 1.73641e+03
7.58010e+02 1.10141e+03
7.58010e+02 7.96600e+02
7.58010e+02 8.21990e+02
8.72300e+02 7.33110e+02
8.85000e+02 2.06660e+03
8.72300e+02 1.78721e+03
9.35800e+02 1.96500e+03
9.10390e+02 7.07700e+02
9.35800e+02 1.81260e+03
9.35800e+02 1.76180e+03
9.35800e+02 1.17760e+03
9.86600e+02 1.38080e+03
1.01199e+03 8.98200e+02
9.86600e+02 1.20301e+03
9.86600e+02 1.15221e+03
9.86600e+02 8.21990e+02
1.01199e+03 7.96600e+02
9.86600e+02 9.23590e+02
1.06279e+03 1.12680e+03
1.11359e+03 1.43160e+03
1.13900e+03 1.48240e+03
1.18980e+03 9.49000e+02
1.18980e+03 1.25381e+03
1.24061e+03 1.50779e+03
1.29141e+03 1.35539e+03
1.26600e+03 1.25381e+03
1.18980e+03 1.10141e+03
1.18980e+03 1.38080e+03
1.11359e+03 1.15221e+03
1.11359e+03 8.21990e+02
1.18980e+03 7.07700e+02
1.15170e+03 7.33110e+02
1.11359e+03 9.23590e+02
1.11359e+03 1.10141e+03
1.11359e+03 1.22840e+03
1.11359e+03 9.49000e+02
1.11359e+03 1.40619e+03
1.13900e+03 8.60100e+02
1.18980e+03 7.33110e+02
1.24061e+03 1.71100e+03
1.26600e+03 1.73641e+03
1.29141e+03 1.86340e+03
1.27869e+03 2.04756e+03
1.28506e+03 2.05391e+03
1.29141e+03 2.04119e+03
1.32949e+03 1.95865e+03
1.29141e+03 1.96500e+03
1.32314e+03 1.95230e+03
1.31680e+03 1.78721e+03
1.34221e+03 1.86340e+03
1.32949e+03 1.94596e+03
1.33586e+03 1.95230e+03
1.16439e+03 2.24439e+03
1.16439e+03 2.09199e+03
1.18980e+03 1.58400e+03
1.21520e+03 1.71100e+03
1.16439e+03 1.63480e+03
1.16439e+03 1.78721e+03
1.18980e+03 1.86340e+03
1.18980e+03 2.24439e+03
1.26600e+03 2.16820e+03
1.27869e+03 2.06025e+03
1.27234e+03 2.05391e+03
1.24061e+03 2.04119e+03
1.22789e+03 1.95865e+03
1.23426e+03 1.95230e+03
1.24061e+03 1.96500e+03
1.29141e+03 1.60939e+03
1.29141e+03 1.07600e+03
1.26600e+03 7.07700e+02
1.18980e+03 8.47400e+02
1.13900e+03 1.53320e+03
1.11359e+03 2.02850e+03
1.08820e+03 2.24439e+03
1.08820e+03 2.07930e+03
9.99300e+02 2.18090e+03
1.01199e+03 1.73641e+03
1.06279e+03 1.68561e+03
1.03740e+03 1.63480e+03
1.11359e+03 1.86340e+03
1.06279e+03 7.71190e+02
1.06279e+03 8.21990e+02
1.02471e+03 1.27920e+03
9.86600e+02 1.50779e+03
1.03740e+03 8.72790e+02
1.03740e+03 1.48240e+03
1.01199e+03 1.60939e+03
9.61190e+02 1.71100e+03
9.99300e+02 7.33110e+02
1.01199e+03 1.90150e+03
1.03740e+03 1.91420e+03
1.06279e+03 1.73641e+03
1.06279e+03 1.60939e+03
1.24061e+03 2.24439e+03
1.34221e+03 1.93961e+03
1.29141e+03 2.16820e+03
1.31680e+03 1.58400e+03
1.26600e+03 1.68561e+03
1.21520e+03 1.78721e+03
1.18980e+03 1.96500e+03
1.21520e+03 2.04119e+03
1.24061e+03 1.86340e+03
1.22789e+03 1.94596e+03
1.22154e+03 1.95230e+03
1.18980e+03 2.09199e+03
1.21520e+03 2.16820e+03
1.36760e+03 1.63480e+03
1.49461e+03 2.24439e+03
1.52000e+03 2.02850e+03
1.57080e+03 1.81260e+03
1.59619e+03 1.81260e+03
1.57080e+03 2.24439e+03
1.67240e+03 1.93961e+03
1.71051e+03 1.99676e+03
1.71686e+03 2.00311e+03
1.74859e+03 2.01580e+03
1.85020e+03 2.14279e+03
1.87561e+03 2.24439e+03
1.95180e+03 2.09199e+03
1.91369e+03 2.07930e+03
1.97721e+03 2.24439e+03
1.79939e+03 2.16820e+03
1.85020e+03 2.21900e+03
1.82480e+03 1.63480e+03
1.77400e+03 1.73641e+03
1.72320e+03 1.76180e+03
1.79939e+03 1.50779e+03
1.79939e+03 1.45699e+03
1.79939e+03 1.22840e+03
1.76131e+03 1.22840e+03
1.74859e+03 1.43160e+03
1.86289e+03 9.49000e+02
1.78670e+03 7.07700e+02
1.90100e+03 8.98200e+02
1.92641e+03 8.72790e+02
1.77400e+03 1.93961e+03
1.77400e+03 1.81260e+03
1.74859e+03 1.63480e+03
1.74859e+03 1.88881e+03
1.67240e+03 1.76180e+03
1.67240e+03 1.81260e+03
1.72320e+03 1.40619e+03
1.72320e+03 1.33000e+03
1.72320e+03 9.99800e+02
1.71051e+03 7.33110e+02
1.69779e+03 8.21990e+02
1.72320e+03 1.15221e+03
1.67240e+03 1.07600e+03
1.64699e+03 1.30461e+03
1.72320e+03 1.07600e+03
1.74859e+03 8.98200e+02
1.72320e+03 1.20301e+03
1.79939e+03 7.96600e+02
1.74859e+03 7.33110e+02
1.79939e+03 9.99800e+02
1.82480e+03 9.87110e+02
1.72320e+03 1.99039e+03
1.69779e+03 1.93961e+03
1.70414e+03 2.00311e+03
1.71051e+03 2.00945e+03
1.64699e+03 2.24439e+03
1.77400e+03 1.96500e+03
1.92641e+03 9.23590e+02
1.91369e+03 7.07700e+02
2.00260e+03 9.23590e+02
1.95180e+03 7.07700e+02
1.92641e+03 7.96600e+02
1.98990e+03 7.07700e+02
1.97721e+03 7.96600e+02
2.02801e+03 7.96600e+02
2.06609e+03 7.33110e+02
2.10420e+03 7.96600e+02
2.02801e+03 7.07700e+02
2.00260e+03 8.72790e+02
2.15500e+03 1.25381e+03
2.16135e+03 1.26650e+03
2.16770e+03 1.27285e+03
2.20580e+03 1.55859e+03
2.28199e+03 1.76180e+03
2.33279e+03 1.55859e+03
2.35820e+03 1.12680e+03
2.44711e+03 1.58400e+03
2.38359e+03 2.14279e+03
2.35820e+03 2.06660e+03
2.38359e+03 2.01580e+03
2.43439e+03 1.40619e+03
2.40900e+03 2.01580e+03
2.43439e+03 2.05391e+03
2.43439e+03 1.35539e+03
2.45980e+03 7.96600e+02
2.45980e+03 1.33000e+03
2.42170e+03 9.74390e+02
2.40900e+03 8.72790e+02
2.45980e+03 9.74390e+02
2.48520e+03 1.27920e+03
2.53600e+03 7.96600e+02
2.52330e+03 1.35539e+03
2.52330e+03 1.58400e+03
2.56141e+03 1.93961e+03
2.56141e+03 2.24439e+03
2.51061e+03 2.14279e+03
2.71381e+03 2.24439e+03
2.71381e+03 2.14279e+03
2.70109e+03 2.07930e+03
2.68840e+03 1.12680e+03
2.66301e+03 1.76180e+03
2.66301e+03 1.05061e+03
2.63760e+03 1.10141e+03
2.61221e+03 1.15221e+03
2.63760e+03 1.35539e+03
2.56141e+03 1.55859e+03
2.58680e+03 1.93961e+03
2.61221e+03 1.81260e+03
2.58680e+03 1.76180e+03
2.56141e+03 1.81260e+03
2.56141e+03 1.76180e+03
2.61221e+03 9.99800e+02
2.70109e+03 1.29189e+03
2.76461e+03 1.12680e+03
2.79000e+03 1.15221e+03
2.84080e+03 1.12680e+03
2.79000e+03 8.21990e+02
2.73920e+03 8.21990e+02
2.71381e+03 8.72790e+02
2.61221e+03 7.96600e+02
2.43439e+03 1.30461e+03
2.49789e+03 8.34710e+02
2.53600e+03 8.72790e+02
2.56141e+03 8.21990e+02
2.61221e+03 8.34710e+02
2.57410e+03 9.49000e+02
2.56141e+03 7.96600e+02
2.56141e+03 9.99800e+02
2.58680e+03 1.10141e+03
2.51061e+03 1.17760e+03
2.53600e+03 1.20301e+03
2.47250e+03 1.55859e+03
2.56141e+03 2.06660e+03
2.63760e+03 2.21900e+03
2.58680e+03 2.10471e+03
2.56141e+03 2.10471e+03
2.63760e+03 2.24439e+03
2.63760e+03 2.14279e+03
2.53600e+03 1.45699e+03
2.49789e+03 1.10141e+03
2.44711e+03 1.55859e+03
2.38359e+03 1.46971e+03
2.28199e+03 1.81260e+03
2.23119e+03 2.04119e+03
2.43439e+03 2.21900e+03
2.44074e+03 2.23170e+03
2.45980e+03 2.24439e+03
2.45346e+03 2.23170e+03
2.44711e+03 2.22535e+03
2.35820e+03 1.81260e+03
2.38359e+03 1.93961e+03
2.30740e+03 2.14279e+03
2.25660e+03 2.14279e+03
2.33279e+03 1.93961e+03
2.37090e+03 1.10141e+03
2.23119e+03 2.14279e+03
2.16770e+03 2.07930e+03
2.12961e+03 2.24439e+03
2.12961e+03 2.04119e+03
2.18039e+03 2.21900e+03
2.07881e+03 2.14279e+03
2.07881e+03 2.24439e+03
2.07881e+03 2.06660e+03
2.02801e+03 2.24439e+03
2.05340e+03 2.11740e+03
2.02801e+03 2.14279e+03
2.05340e+03 2.21900e+03
2.00260e+03 2.06660e+03
1.97721e+03 2.06660e+03
3.01859e+03 2.19359e+03
3.04400e+03 2.14279e+03
3.04400e+03 2.21900e+03
2.96779e+03 2.16820e+03
2.98051e+03 2.10471e+03
3.06939e+03 2.21900e+03
3.06939e+03 2.14279e+03
3.13291e+03 2.11740e+03
3.20910e+03 1.95230e+03
3.19641e+03 2.06660e+03
3.12020e+03 2.01580e+03
3.17100e+03 1.81260e+03
3.10750e+03 1.58400e+03
3.09480e+03 1.96500e+03
3.06939e+03 2.01580e+03
2.99320e+03 1.93961e+03
2.99320e+03 2.01580e+03
2.96779e+03 2.06660e+03
2.99320e+03 8.98200e+02
3.01859e+03 1.05061e+03
3.04400e+03 8.72790e+02
3.06939e+03 9.49000e+02
3.06939e+03 7.96600e+02
3.06939e+03 8.98200e+02
3.12020e+03 7.96600e+02
3.17100e+03 9.23590e+02
3.12020e+03 1.05061e+03
3.17100e+03 9.99800e+02
3.14561e+03 1.05061e+03
3.12020e+03 1.12680e+03
3.14561e+03 8.72790e+02
3.09480e+03 1.30461e+03
2.99320e+03 9.49000e+02
2.96779e+03 7.96600e+02
2.99320e+03 7.96600e+02
2.84080e+03 8.72790e+02
2.81541e+03 7.96600e+02
2.80270e+03 1.21570e+03
2.82811e+03 1.33000e+03
2.79000e+03 1.38080e+03
2.80270e+03 1.33000e+03
2.89160e+03 1.10141e+03
2.86619e+03 1.05061e+03
2.85350e+03 9.74390e+02
2.86619e+03 1.25381e+03
2.73920e+03 7.96600e+02
2.76461e+03 1.27920e+03
2.84080e+03 1.27920e+03
2.91699e+03 1.25381e+03
2.90430e+03 1.02520e+03
2.91699e+03 1.40619e+03
2.89160e+03 1.34270e+03
2.86619e+03 1.34270e+03
2.81541e+03 1.43160e+03
2.85350e+03 1.45699e+03
2.84080e+03 1.76180e+03
2.79000e+03 1.63480e+03
2.84080e+03 1.68561e+03
2.72650e+03 1.93961e+03
2.79000e+03 1.93961e+03
2.79000e+03 2.01580e+03
2.73920e+03 1.82529e+03
2.76461e+03 1.50779e+03
2.79000e+03 1.43160e+03
2.79000e+03 1.58400e+03
2.76461e+03 1.76180e+03
2.81541e+03 1.76180e+03
2.73920e+03 1.57131e+03
2.84080e+03 2.11740e+03
2.86619e+03 2.14279e+03
2.96779e+03 1.12680e+03
3.01859e+03 1.12680e+03
3.04400e+03 1.05061e+03
3.06939e+03 1.30461e+03
3.00590e+03 1.22840e+03
3.04400e+03 1.38080e+03
3.12020e+03 1.17760e+03
3.14561e+03 1.25381e+03
