1173
2.41000e+02 1.62200e+03
2.40000e+02 1.66200e+03
2.41000e+02 1.70000e+03
4.72000e+02 1.86200e+03
4.78000e+02 1.93900e+03
4.27000e+02 1.91000e+03
3.97000e+02 1.89200e+03
3.54000e+02 1.86000e+03
3.26000e+02 1.81200e+03
2.87000e+02 1.79200e+03
2.38000e+02 1.75600e+03
2.38000e+02 1.80400e+03
2.40000e+02 1.86100e+03
2.40000e+02 1.94200e+03
1.79000e+03 1.99600e+03
1.79200e+03 2.05800e+03
1.79000e+03 2.09600e+03
1.79000e+03 2.23300e+03
1.74800e+03 1.97500e+03
1.75000e+03 2.01600e+03
1.75100e+03 2.05700e+03
1.74900e+03 2.09600e+03
1.75200e+03 2.13400e+03
1.75300e+03 2.17400e+03
1.75100e+03 2.21300e+03
1.75200e+03 2.24900e+03
1.75000e+03 2.28900e+03
1.75200e+03 2.32900e+03
1.75200e+03 2.37600e+03
1.63200e+03 1.98000e+03
1.63400e+03 2.02000e+03
1.63400e+03 2.05500e+03
1.63500e+03 2.09600e+03
1.63300e+03 2.13300e+03
1.63700e+03 2.17400e+03
1.63600e+03 2.21200e+03
1.63400e+03 2.25100e+03
1.63600e+03 2.29000e+03
1.63500e+03 2.32700e+03
1.63500e+03 2.41600e+03
1.58800e+03 2.24700e+03
1.85100e+03 2.77100e+03
1.83200e+03 2.82900e+03
1.79300e+03 2.79100e+03
1.79300e+03 2.57900e+03
1.75200e+03 2.45900e+03
1.75300e+03 2.49800e+03
1.75100e+03 2.53900e+03
1.75300e+03 2.58000e+03
1.75400e+03 2.61500e+03
1.75400e+03 2.65500e+03
1.75700e+03 2.69500e+03
1.75600e+03 2.73300e+03
1.75700e+03 2.77100e+03
1.75600e+03 2.81300e+03
1.75600e+03 2.85800e+03
1.72700e+03 2.82500e+03
1.70600e+03 2.75500e+03
1.70200e+03 2.71300e+03
1.72300e+03 2.50300e+03
1.63800e+03 2.46100e+03
1.63700e+03 2.50000e+03
1.63600e+03 2.54200e+03
1.63600e+03 2.57800e+03
1.63800e+03 2.61500e+03
1.63700e+03 2.65500e+03
1.63900e+03 2.69900e+03
1.63900e+03 2.73300e+03
1.63800e+03 2.77600e+03
1.63900e+03 2.81100e+03
1.64000e+03 2.85900e+03
1.61900e+03 2.89200e+03
1.65200e+03 2.91100e+03
1.64000e+03 2.94100e+03
1.83300e+03 2.99700e+03
1.81200e+03 3.11500e+03
1.82600e+03 3.17600e+03
1.82500e+03 3.21200e+03
1.79500e+03 3.25300e+03
1.81600e+03 3.29500e+03
1.77700e+03 3.29300e+03
1.75700e+03 3.25100e+03
1.75800e+03 3.21400e+03
1.75500e+03 3.17600e+03
1.75500e+03 3.13600e+03
1.75400e+03 3.09500e+03
1.75700e+03 3.06200e+03
1.75200e+03 3.02200e+03
1.75500e+03 2.98400e+03
1.72600e+03 3.00200e+03
1.70900e+03 3.15700e+03
1.68700e+03 3.01300e+03
1.60800e+03 3.00200e+03
1.63800e+03 2.98500e+03
1.64000e+03 3.02400e+03
1.64000e+03 3.06300e+03
1.63900e+03 3.10100e+03
1.64300e+03 3.14100e+03
1.64200e+03 3.18000e+03
1.64100e+03 3.21700e+03
1.64100e+03 3.25400e+03
1.73000e+03 3.33300e+03
1.73000e+03 3.44100e+03
1.68100e+03 3.35800e+03
1.61300e+03 3.36000e+03
1.58500e+03 3.33100e+03
1.58700e+03 3.44100e+03
1.51700e+03 3.33300e+03
1.51700e+03 1.97900e+03
1.51400e+03 2.01700e+03
1.51600e+03 2.05700e+03
1.51600e+03 2.09300e+03
1.51700e+03 2.13300e+03
1.51500e+03 2.17200e+03
1.51600e+03 2.21300e+03
1.52000e+03 2.25100e+03
1.51800e+03 2.29000e+03
1.51900e+03 2.33000e+03
1.52000e+03 2.37800e+03
1.48900e+03 2.05800e+03
1.45900e+03 2.13500e+03
1.46000e+03 2.17200e+03
1.44000e+03 2.21100e+03
1.43200e+03 2.02100e+03
1.40000e+03 1.98000e+03
1.39900e+03 2.01700e+03
1.40100e+03 2.05800e+03
1.40300e+03 2.09400e+03
1.40300e+03 2.13500e+03
1.40400e+03 2.17700e+03
1.40300e+03 2.21600e+03
1.40300e+03 2.25100e+03
1.40300e+03 2.29100e+03
1.40400e+03 2.32800e+03
1.51700e+03 2.46200e+03
1.51800e+03 2.50500e+03
1.51900e+03 2.54200e+03
1.51900e+03 2.58100e+03
1.51800e+03 2.62100e+03
1.51900e+03 2.65900e+03
1.51900e+03 2.69500e+03
1.52000e+03 2.73300e+03
1.52100e+03 2.77500e+03
1.52300e+03 2.81000e+03
1.52100e+03 2.86100e+03
1.49200e+03 2.73600e+03
1.47300e+03 2.67700e+03
1.45100e+03 2.53200e+03
1.45400e+03 2.50000e+03
1.40300e+03 2.41700e+03
1.40200e+03 2.46600e+03
1.40500e+03 2.50300e+03
1.40300e+03 2.54400e+03
1.40300e+03 2.58300e+03
1.40400e+03 2.62000e+03
1.40300e+03 2.65800e+03
1.40500e+03 2.69900e+03
1.40500e+03 2.73800e+03
1.40600e+03 2.77700e+03
1.40500e+03 2.81300e+03
1.59100e+03 3.12100e+03
1.59300e+03 3.21900e+03
1.41900e+03 3.03400e+03
1.55400e+03 2.93900e+03
1.51400e+03 2.93800e+03
1.47700e+03 2.94100e+03
1.43400e+03 2.94000e+03
1.40200e+03 2.93800e+03
1.55200e+03 3.09200e+03
1.51500e+03 3.09300e+03
1.47600e+03 3.09400e+03
1.43900e+03 3.09700e+03
1.39800e+03 3.09200e+03
1.55600e+03 3.16000e+03
1.51500e+03 3.16000e+03
1.47600e+03 3.16400e+03
1.44000e+03 3.16000e+03
1.39600e+03 3.16100e+03
1.55500e+03 3.20000e+03
1.51400e+03 3.19700e+03
1.47600e+03 3.19800e+03
1.43500e+03 3.19800e+03
1.39900e+03 3.20000e+03
1.35200e+03 1.98800e+03
1.36400e+03 2.09700e+03
1.36500e+03 2.15500e+03
1.36400e+03 2.29000e+03
1.34500e+03 2.33100e+03
1.34600e+03 2.24900e+03
1.28600e+03 2.38000e+03
1.32300e+03 2.13300e+03
1.28400e+03 1.98000e+03
1.28400e+03 2.01500e+03
1.28600e+03 2.05600e+03
1.28600e+03 2.09600e+03
1.28400e+03 2.13500e+03
1.28600e+03 2.17300e+03
1.29000e+03 2.21700e+03
1.25900e+03 2.07600e+03
1.36900e+03 2.55900e+03
1.32700e+03 2.59800e+03
1.36800e+03 2.73600e+03
1.35100e+03 2.77300e+03
1.23200e+03 2.46300e+03
1.25900e+03 2.48100e+03
1.29100e+03 2.46400e+03
1.28800e+03 2.50000e+03
1.28900e+03 2.54000e+03
1.28700e+03 2.58100e+03
1.29000e+03 2.61900e+03
1.28900e+03 2.65900e+03
1.29000e+03 2.69900e+03
1.29100e+03 2.73700e+03
1.32100e+03 2.86300e+03
1.23500e+03 2.89100e+03
1.27200e+03 2.90900e+03
1.32000e+03 2.94000e+03
1.29300e+03 2.98500e+03
1.29500e+03 3.02800e+03
1.29200e+03 3.06600e+03
1.29600e+03 3.10600e+03
1.26600e+03 3.12400e+03
1.29500e+03 3.14200e+03
1.33100e+03 3.14000e+03
1.36200e+03 3.08400e+03
1.29300e+03 3.17900e+03
1.29500e+03 3.21900e+03
1.29400e+03 3.25500e+03
1.34500e+03 3.33700e+03
1.29700e+03 3.33500e+03
1.24800e+03 3.39600e+03
1.21000e+03 2.06200e+03
1.16700e+03 1.93900e+03
1.16900e+03 1.98400e+03
1.17100e+03 2.02200e+03
1.17100e+03 2.06000e+03
1.17100e+03 2.09800e+03
1.17200e+03 2.13800e+03
1.17000e+03 2.17600e+03
1.17200e+03 2.21700e+03
1.17400e+03 2.33900e+03
1.13200e+03 1.99100e+03
1.10400e+03 1.99400e+03
1.15000e+03 2.29100e+03
1.11600e+03 2.31300e+03
1.11800e+03 2.34500e+03
1.10500e+03 2.27400e+03
1.10400e+03 2.23500e+03
1.06400e+03 1.93800e+03
1.02500e+03 1.93500e+03
9.86000e+02 1.93400e+03
9.47000e+02 1.93400e+03
9.11000e+02 1.93600e+03
1.00500e+03 1.97500e+03
1.06200e+03 2.08900e+03
1.02600e+03 2.08900e+03
9.88000e+02 2.09000e+03
9.48000e+02 2.08900e+03
9.13000e+02 2.08500e+03
1.06300e+03 2.23600e+03
1.02800e+03 2.23600e+03
9.92000e+02 2.23800e+03
9.47000e+02 2.23700e+03
9.11000e+02 2.23200e+03
1.06500e+03 2.27200e+03
1.02900e+03 2.27400e+03
9.92000e+02 2.27500e+03
9.52000e+02 2.27900e+03
9.18000e+02 2.27600e+03
1.04500e+03 2.38000e+03
9.41000e+02 2.34300e+03
8.20000e+02 1.84600e+03
8.19000e+02 1.98500e+03
8.19000e+02 2.02100e+03
8.20000e+02 2.05800e+03
8.20000e+02 2.09500e+03
8.21000e+02 2.13400e+03
8.23000e+02 2.17900e+03
8.22000e+02 2.21400e+03
7.81000e+02 2.19700e+03
7.33000e+02 2.01700e+03
7.05000e+02 1.93300e+03
7.06000e+02 1.98500e+03
7.03000e+02 2.02000e+03
7.05000e+02 2.06000e+03
7.05000e+02 2.09700e+03
7.08000e+02 2.22400e+03
7.08000e+02 2.18200e+03
7.08000e+02 2.21700e+03
5.93000e+02 1.98700e+03
5.92000e+02 2.01900e+03
5.89000e+02 2.05800e+03
5.91000e+02 2.09900e+03
5.91000e+02 2.14200e+03
5.91000e+02 2.17700e+03
5.93000e+02 2.21700e+03
5.16000e+02 2.04500e+03
5.04000e+02 2.10300e+03
4.75000e+02 1.98400e+03
4.73000e+02 2.02600e+03
4.73000e+02 2.06300e+03
4.75000e+02 2.10300e+03
4.74000e+02 2.14100e+03
4.75000e+02 2.17900e+03
4.75000e+02 2.21900e+03
4.46000e+02 2.06600e+03
4.16000e+02 2.18100e+03
3.57000e+02 1.98500e+03
3.57000e+02 2.02500e+03
3.60000e+02 2.06600e+03
3.59000e+02 2.10400e+03
3.60000e+02 2.14100e+03
3.58000e+02 2.18000e+03
3.59000e+02 2.22200e+03
2.42000e+02 1.98700e+03
2.42000e+02 2.02800e+03
2.41000e+02 2.06400e+03
2.45000e+02 2.10500e+03
2.44000e+02 2.14600e+03
2.41000e+02 2.18200e+03
2.43000e+02 2.22000e+03
1.17100e+03 2.41800e+03
1.17000e+03 2.46600e+03
1.17200e+03 2.50500e+03
1.17100e+03 2.54400e+03
1.17300e+03 2.58300e+03
1.17100e+03 2.62000e+03
1.17200e+03 2.66100e+03
1.17600e+03 2.71900e+03
1.17200e+03 2.73800e+03
1.17500e+03 2.78700e+03
1.17300e+03 2.86200e+03
1.17700e+03 2.94300e+03
1.17700e+03 2.99000e+03
1.17700e+03 3.02500e+03
1.17800e+03 3.06800e+03
1.17800e+03 3.10500e+03
1.17700e+03 3.14300e+03
1.17900e+03 3.18600e+03
1.17800e+03 3.22300e+03
1.17800e+03 3.26400e+03
1.14500e+03 2.67900e+03
1.11300e+03 2.46700e+03
1.11400e+03 2.50300e+03
1.11300e+03 2.53900e+03
1.11400e+03 2.60000e+03
1.11600e+03 2.64000e+03
1.11400e+03 2.68000e+03
1.11700e+03 2.73000e+03
1.11200e+03 2.76600e+03
1.11800e+03 2.80600e+03
1.11700e+03 2.86300e+03
1.08700e+03 2.69800e+03
1.09900e+03 3.02700e+03
1.10100e+03 3.06400e+03
1.10200e+03 3.10400e+03
1.05700e+03 2.46600e+03
1.05700e+03 2.50500e+03
1.05700e+03 2.54500e+03
1.05700e+03 2.58300e+03
1.05600e+03 2.62600e+03
1.05900e+03 2.66000e+03
1.05900e+03 2.69700e+03
1.06100e+03 2.73700e+03
1.06000e+03 2.86500e+03
1.05900e+03 2.98800e+03
1.06200e+03 3.03200e+03
1.06100e+03 3.06800e+03
1.06200e+03 3.10700e+03
1.06200e+03 3.14400e+03
1.06300e+03 3.18200e+03
1.06200e+03 3.22500e+03
1.06600e+03 3.26100e+03
1.06400e+03 3.33900e+03
1.01900e+03 2.44800e+03
9.82000e+02 2.52800e+03
9.72000e+02 2.70000e+03
1.00200e+03 2.78600e+03
9.74000e+02 3.05100e+03
1.00500e+03 3.13000e+03
9.41000e+02 2.41800e+03
9.39000e+02 2.46400e+03
9.42000e+02 2.50500e+03
9.42000e+02 2.54600e+03
9.43000e+02 2.58600e+03
9.43000e+02 2.62100e+03
9.42000e+02 2.66200e+03
9.42000e+02 2.70100e+03
9.43000e+02 2.74100e+03
9.45000e+02 2.86000e+03
9.46000e+02 2.94000e+03
9.46000e+02 2.98900e+03
9.45000e+02 3.03000e+03
9.48000e+02 3.06800e+03
9.47000e+02 3.10800e+03
9.48000e+02 3.14800e+03
9.48000e+02 3.18200e+03
9.48000e+02 3.22200e+03
9.50000e+02 3.26100e+03
9.14000e+02 2.76800e+03
9.38000e+02 2.91000e+03
9.31000e+02 3.29900e+03
9.10000e+02 3.33400e+03
9.12000e+02 3.44100e+03
8.80000e+02 2.90300e+03
8.91000e+02 3.06600e+03
8.69000e+02 3.00900e+03
8.42000e+02 2.80800e+03
8.21000e+02 2.34100e+03
6.18000e+02 2.29500e+03
6.28000e+02 2.38100e+03
8.21000e+02 2.41500e+03
7.83000e+02 2.41700e+03
7.43000e+02 2.42000e+03
7.08000e+02 2.42200e+03
6.68000e+02 2.42100e+03
8.23000e+02 2.57100e+03
7.84000e+02 2.57300e+03
7.47000e+02 2.57400e+03
7.07000e+02 2.57800e+03
6.69000e+02 2.57500e+03
6.30000e+02 2.62600e+03
8.24000e+02 2.64100e+03
7.83000e+02 2.64200e+03
7.47000e+02 2.64400e+03
7.07000e+02 2.64400e+03
6.70000e+02 2.64600e+03
8.23000e+02 2.68200e+03
7.86000e+02 2.68100e+03
7.48000e+02 2.68000e+03
7.07000e+02 2.68100e+03
6.71000e+02 2.68300e+03
7.27000e+02 2.71200e+03
7.55000e+02 2.71100e+03
7.88000e+02 2.72800e+03
7.66000e+02 2.75900e+03
5.91000e+02 2.34700e+03
5.92000e+02 2.42300e+03
5.92000e+02 2.47300e+03
5.93000e+02 2.50900e+03
5.93000e+02 2.54900e+03
5.94000e+02 2.58800e+03
5.96000e+02 2.62400e+03
5.95000e+02 2.66700e+03
5.98000e+02 2.70500e+03
5.54000e+02 2.58500e+03
5.37000e+02 2.74300e+03
4.77000e+02 2.34600e+03
4.78000e+02 2.42300e+03
4.78000e+02 2.47500e+03
4.79000e+02 2.51200e+03
4.78000e+02 2.55000e+03
4.80000e+02 2.59000e+03
4.81000e+02 2.62800e+03
4.80000e+02 2.67000e+03
4.81000e+02 2.71000e+03
4.40000e+02 2.47200e+03
4.40000e+02 2.63000e+03
4.41000e+02 2.70600e+03
3.99000e+02 2.47100e+03
4.00000e+02 2.62800e+03
4.04000e+02 2.71200e+03
3.99000e+02 2.31900e+03
3.58000e+02 2.34600e+03
3.63000e+02 2.47100e+03
3.62000e+02 2.51200e+03
3.62000e+02 2.55000e+03
3.61000e+02 2.58900e+03
3.64000e+02 2.62900e+03
3.63000e+02 2.66800e+03
3.63000e+02 2.70600e+03
2.73000e+02 2.59000e+03
3.07000e+02 2.63100e+03
2.79000e+02 2.76800e+03
2.45000e+02 2.34800e+03
2.46000e+02 2.42500e+03
2.46000e+02 2.47300e+03
2.45000e+02 2.51800e+03
2.46000e+02 2.55200e+03
2.47000e+02 2.67500e+03
2.47000e+02 2.62700e+03
2.48000e+02 2.66800e+03
2.47000e+02 2.70500e+03
2.47000e+02 2.73800e+03
2.77000e+02 2.76100e+03
2.30000e+02 2.79500e+03
8.05000e+02 2.82300e+03
7.48000e+02 2.83600e+03
7.09000e+02 2.86300e+03
8.26000e+02 2.98500e+03
8.27000e+02 3.02500e+03
8.26000e+02 3.15100e+03
8.28000e+02 3.10400e+03
8.29000e+02 3.14300e+03
8.29000e+02 2.70000e+03
8.29000e+02 3.21700e+03
7.11000e+02 2.94200e+03
7.12000e+02 2.98700e+03
7.15000e+02 3.03100e+03
7.10000e+02 3.06900e+03
7.12000e+02 3.10600e+03
7.13000e+02 3.14800e+03
7.15000e+02 3.18500e+03
7.14000e+02 3.21800e+03
7.14000e+02 3.25700e+03
6.72000e+02 2.99300e+03
6.47000e+02 3.01500e+03
6.85000e+02 3.05200e+03
2.73000e+02 3.14900e+03
7.71000e+02 3.27700e+03
8.31000e+02 3.41400e+03
7.60000e+02 3.37600e+03
6.63000e+02 3.34300e+03
6.64000e+02 3.45200e+03
5.96000e+02 2.86500e+03
6.27000e+02 3.08800e+03
6.29000e+02 3.24200e+03
5.94000e+02 2.99000e+03
5.97000e+02 3.02800e+03
5.95000e+02 3.06900e+03
5.99000e+02 3.10600e+03
5.98000e+02 3.14700e+03
5.98000e+02 3.18500e+03
5.98000e+02 3.22500e+03
5.99000e+02 3.34000e+03
5.09000e+02 3.03400e+03
5.61000e+02 3.07000e+03
5.61000e+02 3.16600e+03
5.41000e+02 3.19400e+03
5.21000e+02 3.24500e+03
5.71000e+02 3.29600e+03
5.99000e+02 3.34100e+03
5.58000e+02 3.37900e+03
5.32000e+02 3.36900e+03
4.85000e+02 3.41800e+03
5.22000e+02 3.44500e+03
3.45000e+02 2.91700e+03
4.03000e+02 2.86500e+03
4.43000e+02 2.89800e+03
4.60000e+02 2.83700e+03
4.89000e+02 2.86700e+03
4.93000e+02 2.94600e+03
4.40000e+02 2.94400e+03
4.79000e+02 2.99200e+03
4.81000e+02 3.03100e+03
4.81000e+02 3.07200e+03
4.83000e+02 3.10900e+03
4.79000e+02 3.15100e+03
4.81000e+02 3.18500e+03
4.84000e+02 3.22300e+03
4.85000e+02 3.25900e+03
4.70000e+02 3.34400e+03
4.43000e+02 3.05000e+03
4.43000e+02 3.09100e+03
4.54000e+02 3.17400e+03
4.45000e+02 3.24700e+03
4.02000e+02 3.02100e+03
4.02000e+02 3.07100e+03
4.02000e+02 3.15300e+03
4.03000e+02 3.22600e+03
3.42000e+02 2.91100e+03
3.65000e+02 2.99200e+03
3.64000e+02 3.03300e+03
3.65000e+02 3.07000e+03
3.65000e+02 3.11100e+03
3.65000e+02 3.00000e+03
3.66000e+02 3.18700e+03
3.65000e+02 3.22900e+03
3.67000e+02 3.26500e+03
3.67000e+02 3.34200e+03
3.68000e+02 3.38100e+03
3.11000e+02 3.18500e+03
2.46000e+02 2.86900e+03
2.48000e+02 2.94400e+03
2.47000e+02 2.99400e+03
2.47000e+02 3.04100e+03
2.50000e+02 3.07400e+03
2.52000e+02 3.10900e+03
2.53000e+02 3.15300e+03
2.51000e+02 3.19100e+03
2.50000e+02 3.22900e+03
2.53000e+02 3.27000e+03
2.13000e+02 3.27300e+03
2.21000e+02 3.31300e+03
2.63000e+02 3.34600e+03
2.53000e+02 3.38600e+03
2.15000e+02 3.38500e+03
2.01700e+03 6.63000e+02
2.01700e+03 7.03000e+02
2.01800e+03 7.41000e+02
2.01700e+03 7.79000e+02
2.01600e+03 8.17000e+02
2.01900e+03 8.56000e+02
2.01900e+03 8.96000e+02
2.01900e+03 9.35000e+02
2.03100e+03 9.66000e+02
1.96300e+03 8.77000e+02
1.96400e+03 9.01000e+02
1.94100e+03 9.34000e+02
1.86200e+03 6.66000e+02
1.86300e+03 7.05000e+02
1.86500e+03 7.42000e+02
1.86500e+03 7.80000e+02
1.86500e+03 8.20000e+02
1.86600e+03 8.59000e+02
1.86400e+03 8.95000e+02
1.86400e+03 9.38000e+02
1.97200e+03 1.05100e+03
1.97100e+03 1.09000e+03
1.97200e+03 1.12800e+03
1.97400e+03 1.16800e+03
1.97300e+03 1.20500e+03
1.97400e+03 1.24500e+03
1.97400e+03 1.28400e+03
1.94300e+03 1.11000e+03
1.91500e+03 1.15000e+03
1.85600e+03 1.05300e+03
1.85600e+03 1.09000e+03
1.85800e+03 1.13000e+03
1.85700e+03 1.16900e+03
1.85700e+03 1.20700e+03
1.85800e+03 1.24500e+03
1.85700e+03 1.28600e+03
1.82000e+03 1.24600e+03
2.03400e+03 1.36000e+03
1.86000e+03 1.39200e+03
1.78100e+03 1.39000e+03
1.97600e+03 1.45600e+03
1.97600e+03 1.49400e+03
1.97500e+03 1.53600e+03
1.97800e+03 1.57300e+03
1.97800e+03 1.61100e+03
1.97700e+03 1.65100e+03
1.97700e+03 1.68800e+03
1.97600e+03 1.72800e+03
1.97900e+03 1.76700e+03
1.97900e+03 1.80600e+03
1.97800e+03 1.85200e+03
2.02600e+03 1.57300e+03
2.02600e+03 1.64800e+03
2.02500e+03 1.72900e+03
2.03600e+03 1.85400e+03
1.93100e+03 1.77500e+03
1.90100e+03 1.88700e+03
1.86100e+03 1.45600e+03
1.85900e+03 1.49800e+03
1.86100e+03 1.53700e+03
1.85900e+03 1.57600e+03
1.86000e+03 1.61400e+03
1.86100e+03 1.65100e+03
1.85800e+03 1.69100e+03
1.86100e+03 1.73100e+03
1.86000e+03 1.76800e+03
1.86500e+03 2.28700e+03
1.86000e+03 1.85300e+03
1.97900e+03 1.97800e+03
1.97900e+03 2.01500e+03
1.97900e+03 2.05500e+03
1.97800e+03 2.09700e+03
1.98100e+03 2.13300e+03
1.98000e+03 2.09200e+03
1.98000e+03 2.21000e+03
1.98200e+03 2.24800e+03
1.98100e+03 2.28400e+03
1.98300e+03 2.32600e+03
1.98400e+03 2.37700e+03
2.03100e+03 2.37600e+03
1.95200e+03 2.05800e+03
1.92200e+03 2.09300e+03
1.93300e+03 2.20900e+03
1.92300e+03 2.25000e+03
1.86200e+03 1.93000e+03
1.86400e+03 1.97900e+03
1.86400e+03 2.01700e+03
1.86500e+03 2.05600e+03
1.86500e+03 2.09300e+03
1.86400e+03 2.13600e+03
1.86600e+03 2.17400e+03
1.86500e+03 2.21400e+03
1.86600e+03 2.25000e+03
1.86500e+03 2.29100e+03
1.86800e+03 2.32900e+03
1.98200e+03 2.45900e+03
1.98300e+03 2.57900e+03
1.98500e+03 2.54100e+03
1.98500e+03 2.57600e+03
1.98400e+03 2.61600e+03
1.98600e+03 2.65300e+03
1.98400e+03 2.67100e+03
1.98800e+03 2.73400e+03
1.93700e+03 2.69600e+03
1.90600e+03 2.61600e+03
1.86700e+03 2.41400e+03
1.86700e+03 2.46200e+03
1.86900e+03 2.50200e+03
1.86900e+03 2.54400e+03
1.87000e+03 2.57800e+03
1.86700e+03 2.61900e+03
1.86800e+03 2.65700e+03
1.87100e+03 2.69700e+03
1.87000e+03 2.73600e+03
1.95800e+03 2.83000e+03
2.03400e+03 2.85700e+03
2.03500e+03 2.90600e+03
2.03700e+03 3.21800e+03
2.03800e+03 3.36100e+03
1.98800e+03 2.98500e+03
1.98900e+03 3.02000e+03
1.98800e+03 3.06100e+03
1.99000e+03 3.09900e+03
1.98900e+03 3.13900e+03
1.98900e+03 3.17800e+03
1.99000e+03 3.21400e+03
1.99000e+03 3.25700e+03
1.99300e+03 3.36500e+03
1.92100e+03 2.98300e+03
1.90400e+03 3.10300e+03
1.87000e+03 2.85900e+03
1.87200e+03 2.93800e+03
1.87200e+03 2.98700e+03
1.87100e+03 3.02700e+03
1.87400e+03 3.06600e+03
1.87100e+03 3.10400e+03
1.87300e+03 3.13800e+03
1.87300e+03 3.18000e+03
1.87300e+03 3.21900e+03
1.87400e+03 3.25800e+03
1.75800e+03 5.40000e+02
1.70900e+03 5.59000e+02
5.67000e+02 5.35000e+02
5.70000e+02 5.78000e+02
5.11000e+02 5.58000e+02
4.62000e+02 5.58000e+02
2.48000e+02 5.61000e+02
1.56300e+03 7.07000e+02
1.52400e+03 7.07000e+02
1.48600e+03 7.09000e+02
1.44700e+03 7.10000e+02
1.40900e+03 7.08000e+02
1.37000e+03 7.09000e+02
1.33200e+03 7.09000e+02
1.29300e+03 7.09000e+02
1.25700e+03 7.07000e+02
1.21600e+03 7.09000e+02
1.18000e+03 7.10000e+02
1.13800e+03 7.09000e+02
1.10100e+03 7.12000e+02
1.06100e+03 7.10000e+02
1.02400e+03 7.10000e+02
9.85000e+02 7.11000e+02
9.46000e+02 7.10000e+02
9.08000e+02 7.09000e+02
8.74000e+02 1.11100e+03
8.32000e+02 1.11100e+03
9.47000e+02 7.13000e+02
9.08000e+02 7.11000e+02
8.72000e+02 1.11000e+03
7.89000e+02 6.27000e+02
7.53000e+02 7.12000e+02
7.16000e+02 7.13000e+02
6.77000e+02 7.12000e+02
6.38000e+02 7.10000e+02
1.56400e+03 7.45000e+02
1.52600e+03 7.46000e+02
1.48900e+03 7.45000e+02
1.44900e+03 7.45000e+02
1.40900e+03 7.46000e+02
1.37300e+03 7.45000e+02
1.33400e+03 7.46000e+02
1.29600e+03 7.45000e+02
1.25800e+03 7.47000e+02
1.21600e+03 7.48000e+02
1.17800e+03 7.44000e+02
1.13900e+03 7.48000e+02
1.09600e+03 7.51000e+02
1.06000e+03 7.47000e+02
1.02300e+03 7.48000e+02
9.86000e+02 7.48000e+02
9.47000e+02 7.51000e+02
9.10000e+02 7.47000e+02
8.75000e+02 1.14600e+03
8.33000e+02 1.14700e+03
7.92000e+02 1.14800e+03
7.51000e+02 7.52000e+02
7.14000e+02 7.50000e+02
6.78000e+02 7.50000e+02
6.38000e+02 7.51000e+02
1.72100e+03 7.82000e+02
1.68100e+03 7.82000e+02
1.64100e+03 7.84000e+02
1.60200e+03 7.84000e+02
1.56500e+03 7.85000e+02
1.52700e+03 7.84000e+02
1.48900e+03 7.86000e+02
1.45000e+03 7.84000e+02
1.02500e+03 8.03000e+02
9.83000e+02 8.07000e+02
1.02500e+03 8.45000e+02
6.38000e+02 7.88000e+02
5.98000e+02 7.92000e+02
5.61000e+02 7.90000e+02
5.21000e+02 7.90000e+02
1.62700e+03 1.32300e+03
1.62500e+03 1.28200e+03
1.62700e+03 1.24300e+03
1.62700e+03 1.20500e+03
1.62200e+03 6.85000e+02
1.62700e+03 1.12900e+03
1.62500e+03 1.08800e+03
1.62600e+03 1.05100e+03
1.62600e+03 9.84000e+02
1.60600e+03 9.35000e+02
1.64500e+03 9.34000e+02
1.68300e+03 9.33000e+02
1.70300e+03 9.85000e+02
1.72000e+03 9.34000e+02
1.73900e+03 8.91000e+02
1.75900e+03 9.34000e+02
1.74300e+03 1.05200e+03
1.74200e+03 1.09000e+03
1.74000e+03 1.12900e+03
1.74100e+03 1.16400e+03
1.74500e+03 1.20600e+03
1.74400e+03 1.24700e+03
1.74300e+03 1.28400e+03
1.74300e+03 1.32200e+03
1.51300e+03 1.37300e+03
1.58000e+03 1.37300e+03
1.58100e+03 1.32300e+03
1.54000e+03 1.28400e+03
1.51100e+03 1.28500e+03
1.51200e+03 1.24600e+03
1.51100e+03 1.20600e+03
1.55800e+03 1.20400e+03
1.51200e+03 1.16900e+03
1.51000e+03 1.12700e+03
1.51000e+03 1.09100e+03
1.50800e+03 1.05200e+03
1.47400e+03 1.04300e+03
1.47100e+03 9.83000e+02
1.45000e+03 9.35000e+02
1.43400e+03 9.06000e+02
1.49100e+03 9.36000e+02
1.52800e+03 9.35000e+02
1.56800e+03 9.33000e+02
1.39500e+03 9.87000e+02
1.39500e+03 1.05500e+03
1.39600e+03 1.09200e+03
1.39400e+03 1.12700e+03
1.39500e+03 1.16800e+03
1.39600e+03 1.20700e+03
1.42500e+03 1.22800e+03
1.39600e+03 1.24600e+03
1.39700e+03 1.28500e+03
1.39800e+03 1.33900e+03
1.39800e+03 1.45800e+03
1.34000e+03 1.29500e+03
1.32900e+03 1.16900e+03
1.28000e+03 1.37200e+03
1.28200e+03 1.32200e+03
1.28200e+03 1.28600e+03
1.27800e+03 1.24300e+03
1.28100e+03 1.20900e+03
1.28000e+03 1.17000e+03
1.28000e+03 1.13200e+03
1.28100e+03 1.09200e+03
1.28100e+03 1.05400e+03
1.25700e+03 9.58000e+02
1.24200e+03 9.84000e+02
1.16500e+03 9.88000e+02
1.16400e+03 1.05700e+03
1.16300e+03 1.09500e+03
1.16500e+03 1.13200e+03
1.16600e+03 1.17000e+03
1.16600e+03 1.20800e+03
1.16500e+03 1.24600e+03
1.16500e+03 1.28900e+03
1.16700e+03 1.32700e+03
1.08800e+03 1.04900e+03
1.10700e+03 1.15100e+03
1.10800e+03 1.28600e+03
1.08700e+03 1.32900e+03
1.04900e+03 1.05800e+03
1.04900e+03 1.09300e+03
1.04900e+03 1.13400e+03
1.05100e+03 1.17200e+03
1.04800e+03 1.20700e+03
1.05000e+03 1.24900e+03
1.05200e+03 1.28900e+03
1.05000e+03 1.32800e+03
1.05000e+03 1.37800e+03
1.01900e+03 1.32300e+03
1.02100e+03 1.26900e+03
1.01900e+03 1.22600e+03
1.01400e+03 9.88000e+02
9.74000e+02 1.17200e+03
9.34000e+02 9.89000e+02
9.35000e+02 1.05800e+03
9.36000e+02 1.09700e+03
9.35000e+02 1.13400e+03
9.36000e+02 1.17500e+03
9.36000e+02 1.21000e+03
9.36000e+02 1.25000e+03
9.36000e+02 1.28700e+03
9.35000e+02 1.32700e+03
8.96000e+02 1.46600e+03
8.98000e+02 1.04300e+03
8.99000e+02 1.28400e+03
9.00000e+02 1.32600e+03
8.60000e+02 1.32700e+03
8.59000e+02 1.37100e+03
8.61000e+02 1.53300e+03
8.60000e+02 1.68300e+03
8.59000e+02 1.32500e+03
8.83000e+02 1.87600e+03
8.17000e+02 1.45800e+03
8.16000e+02 1.49600e+03
8.17000e+02 1.53900e+03
8.19000e+02 1.56800e+03
8.16000e+02 1.11700e+03
8.15000e+02 1.64800e+03
8.16000e+02 1.68400e+03
8.17000e+02 1.80700e+03
7.88000e+02 1.35700e+03
7.68000e+02 1.19500e+03
7.77000e+02 9.90000e+02
7.30000e+02 1.13900e+03
6.95000e+02 9.13000e+02
7.02000e+02 9.91000e+02
7.03000e+02 1.05800e+03
6.99000e+02 1.09500e+03
7.00000e+02 1.13700e+03
7.01000e+02 1.17600e+03
6.99000e+02 1.21500e+03
7.01000e+02 1.25200e+03
7.02000e+02 1.29100e+03
7.02000e+02 1.32500e+03
6.42000e+02 9.43000e+02
6.02000e+02 9.45000e+02
5.64000e+02 9.45000e+02
5.25000e+02 9.43000e+02
5.42000e+02 9.93000e+02
6.40000e+02 1.05900e+03
5.83000e+02 1.05800e+03
5.85000e+02 1.09800e+03
5.85000e+02 1.13800e+03
6.41000e+02 1.13500e+03
5.85000e+02 1.17600e+03
5.84000e+02 1.21500e+03
5.86000e+02 1.25400e+03
6.45000e+02 1.25000e+03
6.23000e+02 1.29000e+03
5.86000e+02 1.28900e+03
5.85000e+02 1.34000e+03
5.40000e+02 1.37500e+03
4.73000e+02 1.34200e+03
4.06000e+02 1.25500e+03
4.14000e+02 1.07900e+03
3.54000e+02 1.05600e+03
3.54000e+02 1.10000e+03
3.54000e+02 1.14100e+03
3.54000e+02 1.17900e+03
3.53000e+02 1.21600e+03
3.54000e+02 1.26000e+03
3.54000e+02 1.29200e+03
3.54000e+02 1.34500e+03
3.58000e+02 1.38300e+03
3.26000e+02 7.92000e+02
3.26000e+02 1.31200e+03
3.26000e+02 8.70000e+02
3.27000e+02 9.09000e+02
3.15000e+02 9.47000e+02
2.74000e+02 9.46000e+02
3.13000e+02 9.95000e+02
3.16000e+02 1.05100e+03
2.95000e+02 1.27300e+03
2.96000e+02 1.38300e+03
2.34000e+02 9.94000e+02
2.37000e+02 1.06200e+03
2.38000e+02 1.10300e+03
2.38000e+02 1.14000e+03
2.35000e+02 1.17900e+03
2.37000e+02 1.21600e+03
2.38000e+02 1.25900e+03
2.39000e+02 1.29500e+03
2.41000e+02 1.34400e+03
1.98000e+02 1.20700e+03
2.01000e+02 1.14100e+03
2.00000e+02 1.02400e+03
1.70000e+02 9.96000e+02
1.66000e+02 9.05000e+02
1.67000e+02 8.63000e+02
1.66000e+02 8.26000e+02
1.66000e+02 7.90000e+02
1.81600e+03 1.65200e+03
1.80400e+03 1.72800e+03
1.80600e+03 1.80500e+03
1.74600e+03 1.45600e+03
1.74700e+03 1.49400e+03
1.74800e+03 1.53300e+03
1.74700e+03 1.57000e+03
1.74600e+03 1.61100e+03
1.74700e+03 1.65000e+03
1.74900e+03 1.69000e+03
1.74300e+03 1.72400e+03
1.75100e+03 1.76800e+03
1.74400e+03 1.80700e+03
1.74900e+03 1.85600e+03
1.74800e+03 1.90200e+03
1.62700e+03 1.40700e+03
1.63300e+03 1.46000e+03
1.63000e+03 1.49500e+03
1.62800e+03 1.53300e+03
1.63100e+03 1.57300e+03
1.63400e+03 1.61200e+03
1.63200e+03 1.65100e+03
1.63300e+03 1.69200e+03
1.63200e+03 1.73100e+03
1.62900e+03 1.76600e+03
1.63200e+03 1.80600e+03
1.63100e+03 1.85500e+03
1.65300e+03 1.88600e+03
1.63300e+03 1.93100e+03
1.58000e+03 1.45600e+03
1.59200e+03 1.53600e+03
1.51400e+03 1.45800e+03
1.51400e+03 1.49500e+03
1.51400e+03 1.53800e+03
1.50900e+03 1.57500e+03
1.51400e+03 1.61700e+03
1.51300e+03 1.65300e+03
1.51300e+03 1.69200e+03
1.51600e+03 1.73000e+03
1.51500e+03 1.77000e+03
1.51600e+03 1.80700e+03
1.51500e+03 1.85500e+03
1.52700e+03 1.88800e+03
1.47500e+03 1.74800e+03
1.43600e+03 1.53800e+03
1.40000e+03 1.41100e+03
1.39700e+03 1.45700e+03
1.39900e+03 1.49900e+03
1.39900e+03 1.53700e+03
1.39600e+03 1.57500e+03
1.39800e+03 1.61500e+03
1.40100e+03 1.65100e+03
1.39800e+03 1.69100e+03
1.39800e+03 1.72900e+03
1.39900e+03 1.76800e+03
1.40000e+03 1.80800e+03
1.40100e+03 1.85500e+03
1.40200e+03 1.80800e+03
1.40300e+03 1.93600e+03
1.36000e+03 1.89500e+03
1.36100e+03 1.82500e+03
1.34000e+03 1.76900e+03
1.35800e+03 1.57600e+03
1.35800e+03 1.45700e+03
1.33100e+03 1.45800e+03
1.28200e+03 1.45900e+03
1.28100e+03 1.49900e+03
1.28400e+03 1.53800e+03
1.28300e+03 1.57800e+03
1.28200e+03 1.61600e+03
1.28200e+03 1.65400e+03
1.28300e+03 1.69200e+03
1.28300e+03 1.73000e+03
1.28500e+03 1.77000e+03
1.28500e+03 1.80900e+03
1.28500e+03 1.86000e+03
1.25300e+03 1.69000e+03
1.21800e+03 1.48200e+03
1.21500e+03 1.54100e+03
1.16600e+03 1.41100e+03
1.16600e+03 1.54700e+03
1.16600e+03 1.50000e+03
1.16500e+03 1.53600e+03
1.16700e+03 1.57600e+03
1.16700e+03 1.61700e+03
1.16700e+03 1.65500e+03
1.16800e+03 1.69400e+03
1.16900e+03 1.73300e+03
1.16800e+03 1.76800e+03
1.17200e+03 1.81200e+03
1.16800e+03 1.86100e+03
1.12700e+03 1.59500e+03
1.13100e+03 1.81000e+03
1.09200e+03 1.79400e+03
1.05200e+03 1.45900e+03
1.05000e+03 1.49900e+03
1.04700e+03 1.53600e+03
1.04900e+03 1.57800e+03
1.05100e+03 1.61700e+03
1.05100e+03 1.65600e+03
1.05000e+03 1.69600e+03
1.05200e+03 1.73300e+03
1.05200e+03 1.77200e+03
1.05100e+03 1.81200e+03
1.05200e+03 1.86100e+03
9.95000e+02 1.63600e+03
9.67000e+02 1.65600e+03
9.33000e+02 1.41100e+03
9.35000e+02 1.46000e+03
9.34000e+02 1.49800e+03
9.34000e+02 1.53800e+03
9.35000e+02 1.58000e+03
9.35000e+02 1.61500e+03
9.36000e+02 1.65500e+03
9.35000e+02 1.69200e+03
9.36000e+02 1.73400e+03
9.37000e+02 1.77300e+03
9.39000e+02 1.81400e+03
8.80000e+02 1.46300e+03
8.15000e+02 1.46300e+03
8.13000e+02 1.41800e+03
8.18000e+02 1.93800e+03
8.16000e+02 1.57600e+03
8.17000e+02 1.61700e+03
8.19000e+02 2.13300e+03
8.22000e+02 2.09200e+03
8.49000e+02 1.72900e+03
8.23000e+02 1.86400e+03
7.71000e+02 1.67400e+03
7.39000e+02 1.52200e+03
7.03000e+02 1.41200e+03
7.03000e+02 1.46300e+03
7.03000e+02 1.50400e+03
7.02000e+02 1.54200e+03
7.01000e+02 1.57900e+03
7.02000e+02 1.61900e+03
7.02000e+02 1.65800e+03
7.05000e+02 1.69800e+03
7.04000e+02 1.86400e+03
6.74000e+02 1.59900e+03
6.43000e+02 1.40700e+03
6.26000e+02 1.48300e+03
6.46000e+02 1.77500e+03
5.88000e+02 1.46600e+03
5.86000e+02 1.50400e+03
5.86000e+02 1.54200e+03
5.88000e+02 1.58300e+03
5.88000e+02 1.62100e+03
5.87000e+02 1.65900e+03
5.89000e+02 1.69600e+03
6.10000e+02 1.91200e+03
5.91000e+02 1.86100e+03
5.47000e+02 1.75700e+03
5.48000e+02 1.52000e+03
5.10000e+02 1.71400e+03
4.73000e+02 1.41500e+03
4.71000e+02 1.46900e+03
4.73000e+02 1.50600e+03
4.72000e+02 1.54600e+03
4.69000e+02 1.58300e+03
4.70000e+02 1.13700e+03
4.73000e+02 1.66100e+03
4.73000e+02 1.69900e+03
4.75000e+02 1.75900e+03
4.43000e+02 1.64200e+03
3.83000e+02 1.60100e+03
3.26000e+02 1.44900e+03
3.56000e+02 1.46400e+03
3.55000e+02 1.50600e+03
3.56000e+02 1.54500e+03
3.52000e+02 1.59100e+03
3.56000e+02 1.62400e+03
3.57000e+02 1.66000e+03
3.57000e+02 1.70000e+03
2.37000e+02 1.41700e+03
2.40000e+02 1.46700e+03
2.40000e+02 1.50600e+03
2.37000e+02 1.54400e+03
2.41000e+02 1.58500e+03
