1060
1.62630e+04 6.44548e+03
1.59628e+04 6.64534e+03
1.61629e+04 6.84520e+03
1.65132e+04 6.89516e+03
1.64632e+04 7.14499e+03
1.69135e+04 6.99509e+03
1.69636e+04 6.94513e+03
1.72138e+04 7.09503e+03
1.67133e+04 6.69531e+03
1.68134e+04 6.39551e+03
1.68635e+04 6.44548e+03
1.70136e+04 6.59538e+03
1.72638e+04 6.64534e+03
1.73138e+04 6.49544e+03
1.78643e+04 6.24562e+03
1.75640e+04 6.24562e+03
1.73639e+04 6.24562e+03
1.73639e+04 5.94583e+03
1.70136e+04 6.19566e+03
1.65632e+04 6.14569e+03
1.65632e+04 6.04576e+03
1.67634e+04 5.84590e+03
1.68635e+04 5.64604e+03
1.64632e+04 5.34625e+03
1.65632e+04 5.14639e+03
1.66633e+04 4.94653e+03
1.68635e+04 5.04646e+03
1.69636e+04 4.84660e+03
1.71137e+04 4.69670e+03
1.70136e+04 4.89657e+03
1.70136e+04 4.99650e+03
1.69636e+04 5.14639e+03
1.71637e+04 5.14639e+03
1.71637e+04 5.24632e+03
1.72638e+04 5.34625e+03
1.74139e+04 5.09642e+03
1.74640e+04 5.04646e+03
1.76141e+04 5.09642e+03
1.78643e+04 4.74667e+03
1.77642e+04 4.84660e+03
1.75640e+04 4.64674e+03
1.78142e+04 5.19635e+03
1.79143e+04 5.39622e+03
1.79643e+04 5.54611e+03
1.81645e+04 5.74597e+03
1.82646e+04 5.74597e+03
1.83647e+04 5.64604e+03
1.84648e+04 5.64604e+03
1.82646e+04 5.54611e+03
1.83647e+04 5.34625e+03
1.84648e+04 5.24632e+03
1.85648e+04 5.04646e+03
1.84648e+04 5.04646e+03
1.83647e+04 5.04646e+03
1.82646e+04 5.14639e+03
1.82646e+04 4.94653e+03
1.81645e+04 4.84660e+03
1.80644e+04 4.94653e+03
1.80644e+04 4.74667e+03
1.81645e+04 4.64674e+03
1.82646e+04 4.64674e+03
1.77642e+04 4.14709e+03
1.77642e+04 4.04716e+03
1.76141e+04 3.99720e+03
1.75640e+04 4.04716e+03
1.75640e+04 3.84730e+03
1.74640e+04 3.64744e+03
1.72638e+04 3.64744e+03
1.70636e+04 3.34765e+03
1.68635e+04 3.24772e+03
1.65132e+04 2.79803e+03
1.66633e+04 2.84800e+03
1.68134e+04 2.79803e+03
1.70136e+04 2.99790e+03
1.69636e+04 2.94793e+03
1.71137e+04 2.79803e+03
1.73639e+04 2.94793e+03
1.74640e+04 2.74807e+03
1.73639e+04 2.84800e+03
1.69636e+04 2.44828e+03
1.68635e+04 2.44828e+03
1.68134e+04 1.69881e+03
1.69636e+04 1.64884e+03
1.67634e+04 1.44898e+03
1.65632e+04 1.34905e+03
1.67133e+04 1.29909e+03
1.69135e+04 1.39901e+03
1.70636e+04 1.34905e+03
1.71137e+04 1.59888e+03
1.72638e+04 1.54891e+03
1.73138e+04 1.69881e+03
1.74640e+04 1.64884e+03
1.74139e+04 1.49894e+03
1.72138e+04 1.29909e+03
1.75640e+04 1.44898e+03
1.76141e+04 1.59888e+03
1.77142e+04 1.39901e+03
1.77642e+04 1.54891e+03
1.78643e+04 1.34905e+03
1.80144e+04 1.29909e+03
1.80644e+04 1.44898e+03
1.79143e+04 1.49894e+03
1.81145e+04 1.69881e+03
1.82646e+04 1.64884e+03
1.84147e+04 1.59888e+03
1.82146e+04 1.39901e+03
1.83647e+04 1.34905e+03
1.85148e+04 1.29909e+03
1.86149e+04 1.29909e+03
1.86649e+04 1.34905e+03
1.86149e+04 1.39901e+03
1.86149e+04 1.49894e+03
1.86649e+04 1.54891e+03
1.86649e+04 1.44898e+03
1.87150e+04 1.39901e+03
1.87150e+04 1.29909e+03
1.87650e+04 1.34905e+03
1.88150e+04 1.29909e+03
1.88150e+04 1.39901e+03
1.88651e+04 1.34905e+03
1.89151e+04 1.29909e+03
1.89151e+04 1.39901e+03
1.88651e+04 1.44898e+03
1.89151e+04 1.49894e+03
1.89151e+04 1.59888e+03
1.89151e+04 1.69881e+03
1.88651e+04 1.64884e+03
1.88150e+04 1.59888e+03
1.88651e+04 1.54891e+03
1.88150e+04 1.49894e+03
1.87650e+04 1.44898e+03
1.87150e+04 1.49894e+03
1.87650e+04 1.54891e+03
1.87150e+04 1.59888e+03
1.87650e+04 1.64884e+03
1.88150e+04 1.69881e+03
1.87150e+04 1.69881e+03
1.86649e+04 1.64884e+03
1.86149e+04 1.59888e+03
1.86149e+04 1.69881e+03
1.78643e+04 2.54821e+03
1.84147e+04 2.59818e+03
1.85648e+04 2.44828e+03
1.83647e+04 2.84800e+03
1.82646e+04 2.94793e+03
1.85648e+04 3.04786e+03
1.87150e+04 2.89796e+03
1.89151e+04 2.69811e+03
1.88150e+04 2.89796e+03
1.86149e+04 3.29768e+03
1.85648e+04 3.34765e+03
1.84648e+04 3.44758e+03
1.78643e+04 2.84800e+03
1.78643e+04 3.14779e+03
1.79643e+04 3.54751e+03
1.80644e+04 3.84730e+03
1.82146e+04 3.99720e+03
1.82646e+04 3.94723e+03
1.83647e+04 3.84730e+03
1.84648e+04 3.74737e+03
1.87150e+04 4.19705e+03
1.86649e+04 4.24702e+03
1.84648e+04 4.24702e+03
1.82646e+04 4.24702e+03
1.83647e+04 4.34695e+03
1.85148e+04 4.59677e+03
1.84147e+04 4.69670e+03
1.86649e+04 4.84660e+03
1.89151e+04 4.69670e+03
1.89652e+04 4.64674e+03
1.88651e+04 4.54681e+03
1.88651e+04 4.04716e+03
1.88651e+04 3.94723e+03
1.88150e+04 3.79733e+03
1.88651e+04 3.84730e+03
1.90152e+04 4.09713e+03
1.91153e+04 4.19705e+03
1.92153e+04 4.19705e+03
1.94656e+04 3.94723e+03
1.94656e+04 3.84730e+03
1.94656e+04 3.74737e+03
1.91153e+04 3.29768e+03
1.93655e+04 3.24772e+03
1.94656e+04 2.94793e+03
1.93655e+04 2.84800e+03
1.91153e+04 2.69811e+03
1.93655e+04 2.54821e+03
1.97158e+04 2.49825e+03
2.13170e+04 2.09853e+03
1.95156e+04 4.09713e+03
1.93655e+04 4.14709e+03
1.93154e+04 4.19705e+03
1.91653e+04 4.64674e+03
1.93655e+04 4.74667e+03
1.92153e+04 5.09642e+03
1.90152e+04 5.19635e+03
1.91153e+04 5.29629e+03
1.92153e+04 5.29629e+03
1.91153e+04 5.49614e+03
1.89151e+04 5.99579e+03
1.89652e+04 5.94583e+03
1.94155e+04 6.29559e+03
1.97158e+04 7.19496e+03
1.88150e+04 6.19566e+03
1.86649e+04 6.14569e+03
1.84648e+04 5.84590e+03
1.81645e+04 6.04576e+03
1.81645e+04 6.14569e+03
1.84648e+04 6.54541e+03
1.82146e+04 6.59538e+03
1.81145e+04 6.89516e+03
1.83146e+04 7.19496e+03
1.82146e+04 7.19496e+03
1.81645e+04 7.14499e+03
1.80644e+04 7.14499e+03
1.80144e+04 7.19496e+03
1.79643e+04 7.14499e+03
1.77642e+04 7.14499e+03
1.74640e+04 7.34485e+03
1.68635e+04 8.34415e+03
1.68134e+04 8.39411e+03
1.67634e+04 8.34415e+03
1.64131e+04 8.39411e+03
1.63130e+04 8.49405e+03
1.62630e+04 8.44408e+03
1.63130e+04 8.39411e+03
1.62130e+04 8.29418e+03
1.61129e+04 8.29418e+03
1.61629e+04 8.44408e+03
1.62130e+04 8.49405e+03
1.61129e+04 8.59398e+03
1.60128e+04 8.59398e+03
1.59628e+04 8.54401e+03
1.58627e+04 8.54401e+03
1.58627e+04 8.34415e+03
1.57626e+04 8.34415e+03
1.54123e+04 8.39411e+03
1.53122e+04 8.39411e+03
1.53122e+04 8.49405e+03
1.52622e+04 8.44408e+03
1.52122e+04 8.49405e+03
1.51121e+04 8.59398e+03
1.50120e+04 8.59398e+03
1.49620e+04 8.54401e+03
1.48619e+04 8.54401e+03
1.51621e+04 8.44408e+03
1.52122e+04 8.29418e+03
1.51121e+04 8.29418e+03
1.48619e+04 8.34415e+03
1.47618e+04 8.34415e+03
1.44115e+04 8.39411e+03
1.43114e+04 8.49405e+03
1.42614e+04 8.44408e+03
1.43114e+04 8.39411e+03
1.42113e+04 8.29418e+03
1.41113e+04 8.29418e+03
1.41613e+04 8.44408e+03
1.42113e+04 8.49405e+03
1.41113e+04 8.59398e+03
1.40112e+04 8.59398e+03
1.39612e+04 8.54401e+03
1.38611e+04 8.54401e+03
1.38611e+04 8.34415e+03
1.37610e+04 8.34415e+03
1.34107e+04 8.39411e+03
1.33106e+04 8.39411e+03
1.33106e+04 8.49405e+03
1.32606e+04 8.44408e+03
1.32105e+04 8.49405e+03
1.31605e+04 8.44408e+03
1.32105e+04 8.29418e+03
1.31105e+04 8.29418e+03
1.28603e+04 8.34415e+03
1.28102e+04 8.39411e+03
1.27602e+04 8.34415e+03
1.15092e+04 7.19496e+03
1.12590e+04 6.84520e+03
1.10088e+04 7.09503e+03
1.07586e+04 6.94513e+03
1.10088e+04 6.79524e+03
1.10088e+04 6.69531e+03
1.11089e+04 6.49544e+03
1.15092e+04 6.49544e+03
1.11089e+04 6.09572e+03
1.11589e+04 5.94583e+03
1.12590e+04 5.54611e+03
1.10088e+04 5.79594e+03
1.07085e+04 6.09572e+03
1.03583e+04 5.64604e+03
1.04083e+04 5.79594e+03
1.04583e+04 6.04576e+03
1.03082e+04 6.29559e+03
1.02082e+04 6.39551e+03
1.02082e+04 6.49544e+03
1.03583e+04 6.84520e+03
1.02082e+04 6.79524e+03
9.75779e+03 6.74527e+03
9.40751e+03 6.79524e+03
9.45755e+03 6.94513e+03
9.75779e+03 7.04506e+03
1.00580e+04 7.14499e+03
9.80783e+03 6.89516e+03
9.75779e+03 6.44548e+03
9.90792e+03 6.29559e+03
1.01581e+04 6.14569e+03
9.95796e+03 5.94583e+03
1.01581e+04 5.84590e+03
9.75779e+03 5.84590e+03
1.01581e+04 5.34625e+03
1.03583e+04 5.14639e+03
1.01581e+04 5.14639e+03
1.01581e+04 4.94653e+03
1.00580e+04 4.84660e+03
1.00580e+04 4.94653e+03
1.00080e+04 5.09642e+03
9.95796e+03 5.04646e+03
9.65772e+03 5.04646e+03
9.60768e+03 5.09642e+03
9.55764e+03 5.14639e+03
9.55764e+03 5.04646e+03
9.45755e+03 4.94653e+03
9.65772e+03 4.94653e+03
1.00580e+04 4.54681e+03
9.90792e+03 4.59677e+03
9.60768e+03 4.59677e+03
9.70776e+03 4.39692e+03
9.55764e+03 4.34695e+03
9.45755e+03 4.24702e+03
9.55764e+03 4.14709e+03
9.55764e+03 4.24702e+03
9.05724e+03 4.14709e+03
8.95716e+03 4.04716e+03
8.95716e+03 3.84730e+03
9.05724e+03 3.84730e+03
9.05724e+03 3.74737e+03
8.95716e+03 3.44758e+03
9.00720e+03 2.79803e+03
8.75700e+03 2.84800e+03
8.35668e+03 3.04786e+03
8.15651e+03 2.74807e+03
8.15651e+03 3.04786e+03
8.05644e+03 3.04786e+03
7.95635e+03 2.94793e+03
7.85627e+03 2.84800e+03
7.75620e+03 2.54821e+03
7.75620e+03 2.44828e+03
7.65611e+03 2.54821e+03
7.70616e+03 2.79803e+03
7.60607e+03 2.79803e+03
7.85627e+03 3.14779e+03
7.75620e+03 3.34765e+03
7.55603e+03 3.44758e+03
6.95555e+03 3.24772e+03
6.95555e+03 2.84800e+03
7.10568e+03 2.59818e+03
7.05564e+03 2.84800e+03
7.10568e+03 2.79803e+03
6.75540e+03 3.24772e+03
7.00559e+03 3.49755e+03
6.95555e+03 3.84730e+03
7.00559e+03 3.89727e+03
6.75540e+03 4.14709e+03
7.15572e+03 3.84730e+03
7.25579e+03 4.14709e+03
7.55603e+03 4.24702e+03
7.30583e+03 4.49685e+03
7.50600e+03 4.59677e+03
7.45596e+03 4.84660e+03
7.65611e+03 4.84660e+03
7.85627e+03 4.34695e+03
7.75620e+03 4.14709e+03
8.05644e+03 4.24702e+03
8.05644e+03 4.04716e+03
8.10648e+03 3.99720e+03
8.15651e+03 3.94723e+03
8.15651e+03 4.04716e+03
8.35668e+03 3.94723e+03
8.55683e+03 3.84730e+03
8.35668e+03 3.54751e+03
8.55683e+03 3.54751e+03
8.60688e+03 3.59748e+03
8.65692e+03 3.94723e+03
8.60688e+03 3.99720e+03
8.65692e+03 4.14709e+03
8.75700e+03 4.24702e+03
8.60688e+03 4.29698e+03
8.50679e+03 4.49685e+03
8.75700e+03 4.64674e+03
8.90711e+03 4.39692e+03
9.00720e+03 4.59677e+03
9.10727e+03 4.39692e+03
9.20735e+03 4.59677e+03
9.05724e+03 4.84660e+03
8.75700e+03 4.84660e+03
8.60688e+03 4.99650e+03
8.55683e+03 4.84660e+03
8.35668e+03 4.94653e+03
8.35668e+03 5.64604e+03
8.45676e+03 5.94583e+03
8.35668e+03 5.84590e+03
8.35668e+03 5.94583e+03
8.35668e+03 6.14569e+03
8.35668e+03 6.24562e+03
8.30664e+03 6.39551e+03
8.95716e+03 6.04576e+03
9.05724e+03 6.04576e+03
9.15731e+03 5.94583e+03
9.05724e+03 5.74597e+03
9.50759e+03 5.89587e+03
9.15731e+03 6.24562e+03
9.00720e+03 6.49544e+03
8.80703e+03 6.99509e+03
8.25659e+03 7.14499e+03
8.40672e+03 7.29488e+03
8.10648e+03 6.99509e+03
8.10648e+03 6.89516e+03
8.05644e+03 6.84520e+03
7.90631e+03 6.89516e+03
7.65611e+03 6.44548e+03
7.35588e+03 6.14569e+03
7.65611e+03 5.94583e+03
7.85627e+03 5.74597e+03
8.10648e+03 5.69601e+03
7.95635e+03 5.94583e+03
7.45596e+03 5.94583e+03
7.35588e+03 5.84590e+03
7.05564e+03 6.14569e+03
6.90551e+03 5.89587e+03
6.95555e+03 6.04576e+03
6.95555e+03 6.14569e+03
6.85548e+03 6.14569e+03
6.85548e+03 6.24562e+03
7.00559e+03 6.29559e+03
7.25579e+03 6.34555e+03
6.90551e+03 6.89516e+03
7.80624e+03 6.99509e+03
8.00640e+03 7.29488e+03
7.90631e+03 7.29488e+03
7.75620e+03 7.34485e+03
6.65531e+03 8.64394e+03
6.45516e+03 8.54401e+03
6.50520e+03 8.69390e+03
6.30503e+03 8.59398e+03
6.15492e+03 8.64394e+03
6.40511e+03 8.29418e+03
6.25500e+03 8.34415e+03
6.10488e+03 8.39411e+03
5.95476e+03 8.44408e+03
5.90472e+03 8.29418e+03
5.75459e+03 8.34415e+03
5.80464e+03 8.49405e+03
6.00479e+03 8.69390e+03
5.65451e+03 8.54401e+03
5.60448e+03 8.39411e+03
5.50440e+03 8.59398e+03
5.45435e+03 8.44408e+03
5.35427e+03 8.64394e+03
5.20416e+03 8.69390e+03
5.15411e+03 8.54401e+03
5.30424e+03 8.49405e+03
5.10407e+03 8.29418e+03
4.95396e+03 8.34415e+03
4.80383e+03 8.39411e+03
5.00400e+03 8.59398e+03
4.85388e+03 8.64394e+03
4.70375e+03 8.69390e+03
4.60368e+03 8.69390e+03
4.55364e+03 8.64394e+03
4.60368e+03 8.59398e+03
4.60368e+03 8.49405e+03
4.55364e+03 8.44408e+03
4.55364e+03 8.54401e+03
4.50359e+03 8.59398e+03
4.50359e+03 8.69390e+03
4.45355e+03 8.64394e+03
4.40351e+03 8.69390e+03
4.40351e+03 8.59398e+03
4.45355e+03 8.54401e+03
4.50359e+03 8.49405e+03
4.40351e+03 8.49405e+03
4.45355e+03 8.44408e+03
4.50359e+03 8.39411e+03
4.55364e+03 8.34415e+03
4.60368e+03 8.39411e+03
4.60368e+03 8.29418e+03
4.50359e+03 8.29418e+03
4.45355e+03 8.34415e+03
4.40351e+03 8.29418e+03
4.35348e+03 8.34415e+03
4.40351e+03 8.39411e+03
4.35348e+03 8.44408e+03
4.35348e+03 8.54401e+03
4.35348e+03 8.64394e+03
4.30344e+03 8.69390e+03
4.30344e+03 8.59398e+03
4.30344e+03 8.49405e+03
4.30344e+03 8.39411e+03
4.30344e+03 8.29418e+03
3.60288e+03 7.19496e+03
1.90151e+03 7.89446e+03
4.05324e+03 6.04576e+03
4.25340e+03 5.94583e+03
4.30344e+03 5.89587e+03
4.35348e+03 5.74597e+03
4.25340e+03 5.74597e+03
4.15331e+03 5.74597e+03
4.05324e+03 5.74597e+03
4.05324e+03 5.54611e+03
4.35348e+03 5.44618e+03
4.35348e+03 5.34625e+03
4.35348e+03 5.24632e+03
4.45355e+03 5.04646e+03
4.40351e+03 4.79664e+03
4.45355e+03 4.84660e+03
4.15331e+03 5.24632e+03
4.00320e+03 5.09642e+03
4.15331e+03 5.04646e+03
4.05324e+03 4.94653e+03
4.05324e+03 4.74667e+03
4.40351e+03 4.59677e+03
4.35348e+03 4.24702e+03
4.05324e+03 4.14709e+03
4.40351e+03 3.89727e+03
4.30344e+03 3.99720e+03
4.00320e+03 3.79733e+03
4.05324e+03 3.64744e+03
4.00320e+03 3.59748e+03
4.05324e+03 3.44758e+03
4.25340e+03 3.34765e+03
4.15331e+03 3.14779e+03
4.00320e+03 2.99790e+03
3.60288e+03 2.49825e+03
3.95316e+03 2.84800e+03
4.15331e+03 2.94793e+03
4.35348e+03 2.74807e+03
4.65372e+03 2.44828e+03
4.70375e+03 2.59818e+03
5.30424e+03 2.69811e+03
5.15411e+03 3.04786e+03
4.45355e+03 3.54751e+03
4.55364e+03 3.74737e+03
4.85388e+03 3.94723e+03
5.20416e+03 4.09713e+03
5.30424e+03 3.99720e+03
5.45435e+03 3.64744e+03
5.45435e+03 3.84730e+03
5.40431e+03 4.09713e+03
5.45435e+03 4.04716e+03
5.45435e+03 4.14709e+03
5.35427e+03 4.14709e+03
5.30424e+03 4.49685e+03
5.30424e+03 4.59677e+03
5.35427e+03 4.74667e+03
5.15411e+03 4.94653e+03
5.05403e+03 4.84660e+03
5.05403e+03 4.64674e+03
4.85388e+03 4.44688e+03
4.85388e+03 4.34695e+03
4.85388e+03 4.24702e+03
4.70375e+03 3.99720e+03
4.55364e+03 4.04716e+03
4.65372e+03 4.34695e+03
4.85388e+03 4.84660e+03
4.75379e+03 4.94653e+03
4.90392e+03 5.09642e+03
4.85388e+03 5.04646e+03
4.55364e+03 5.44618e+03
4.85388e+03 5.64604e+03
4.95396e+03 5.84590e+03
5.05403e+03 5.54611e+03
5.05403e+03 5.34625e+03
5.15411e+03 5.54611e+03
5.30424e+03 5.79594e+03
5.40431e+03 5.69601e+03
5.45435e+03 5.64604e+03
5.55444e+03 5.54611e+03
5.55444e+03 5.14639e+03
5.60448e+03 5.29629e+03
5.75459e+03 5.64604e+03
5.60448e+03 5.79594e+03
5.45435e+03 5.94583e+03
5.35427e+03 6.04576e+03
5.25420e+03 6.14569e+03
4.95396e+03 6.14569e+03
4.60368e+03 6.29559e+03
4.55364e+03 6.04576e+03
4.50359e+03 5.89587e+03
4.45355e+03 6.14569e+03
4.45355e+03 6.24562e+03
4.40351e+03 6.69531e+03
4.25340e+03 6.54541e+03
4.30344e+03 6.79524e+03
4.30344e+03 6.89516e+03
4.10327e+03 6.99509e+03
4.25340e+03 7.14499e+03
4.40351e+03 7.19496e+03
5.05403e+03 7.14499e+03
5.35427e+03 7.04506e+03
5.10407e+03 6.89516e+03
5.00400e+03 6.79524e+03
5.20416e+03 6.49544e+03
5.35427e+03 6.64534e+03
5.50440e+03 6.39551e+03
5.70455e+03 6.59538e+03
5.80464e+03 6.39551e+03
5.85468e+03 6.34555e+03
6.15492e+03 6.04576e+03
6.60527e+03 5.69601e+03
6.65531e+03 5.64604e+03
6.65531e+03 5.74597e+03
6.50520e+03 5.99579e+03
6.35507e+03 5.64604e+03
5.90472e+03 5.29629e+03
5.60448e+03 4.79664e+03
5.75459e+03 4.94653e+03
5.90472e+03 4.89657e+03
5.95476e+03 4.84660e+03
6.00479e+03 4.99650e+03
6.35507e+03 5.14639e+03
6.50520e+03 4.99650e+03
6.40511e+03 4.89657e+03
6.25500e+03 4.94653e+03
6.65531e+03 4.54681e+03
6.55524e+03 4.54681e+03
6.55524e+03 3.94723e+03
6.45516e+03 3.94723e+03
6.45516e+03 4.04716e+03
6.30503e+03 4.29698e+03
6.25500e+03 4.54681e+03
5.75459e+03 4.64674e+03
5.80464e+03 4.29698e+03
6.00479e+03 4.29698e+03
5.85468e+03 4.04716e+03
5.85468e+03 3.94723e+03
5.75459e+03 3.64744e+03
5.80464e+03 3.69740e+03
5.85468e+03 3.74737e+03
6.15492e+03 3.94723e+03
6.60527e+03 3.49755e+03
6.65531e+03 3.54751e+03
6.55524e+03 3.54751e+03
6.60527e+03 3.29768e+03
6.55524e+03 3.34765e+03
6.60527e+03 3.09783e+03
6.45516e+03 3.34765e+03
6.30503e+03 3.29768e+03
6.30503e+03 3.49755e+03
6.15492e+03 3.34765e+03
6.15492e+03 3.44758e+03
6.25500e+03 3.14779e+03
6.10488e+03 3.19775e+03
5.45435e+03 3.24772e+03
5.55444e+03 3.34765e+03
5.75459e+03 3.04786e+03
5.65451e+03 2.84800e+03
5.65451e+03 2.74807e+03
5.60448e+03 2.59818e+03
5.85468e+03 2.94793e+03
5.85468e+03 3.04786e+03
5.95476e+03 2.84800e+03
6.05483e+03 2.84800e+03
6.45516e+03 2.74807e+03
6.15492e+03 2.44828e+03
6.10488e+03 2.59818e+03
6.05483e+03 2.54821e+03
6.00479e+03 2.39831e+03
5.65451e+03 2.34835e+03
6.35507e+03 1.64884e+03
6.40511e+03 1.59888e+03
6.45516e+03 1.64884e+03
6.80544e+03 1.59888e+03
6.90551e+03 1.49894e+03
6.95555e+03 1.54891e+03
6.90551e+03 1.59888e+03
7.00559e+03 1.69881e+03
7.10568e+03 1.69881e+03
7.05564e+03 1.54891e+03
7.00559e+03 1.49894e+03
7.10568e+03 1.39901e+03
7.20576e+03 1.39901e+03
7.25579e+03 1.44898e+03
7.35588e+03 1.44898e+03
7.35588e+03 1.64884e+03
7.45596e+03 1.64884e+03
7.80624e+03 1.59888e+03
7.90631e+03 1.59888e+03
7.90631e+03 1.49894e+03
7.95635e+03 1.54891e+03
8.00640e+03 1.49894e+03
8.05644e+03 1.54891e+03
8.10648e+03 1.39901e+03
8.20655e+03 1.39901e+03
8.25659e+03 1.44898e+03
8.35668e+03 1.44898e+03
8.00640e+03 1.69881e+03
8.10648e+03 1.69881e+03
8.35668e+03 1.64884e+03
8.45676e+03 1.64884e+03
8.80703e+03 1.59888e+03
8.90711e+03 1.49894e+03
8.95716e+03 1.54891e+03
8.90711e+03 1.59888e+03
9.00720e+03 1.69881e+03
9.10727e+03 1.69881e+03
9.05724e+03 1.54891e+03
9.00720e+03 1.49894e+03
9.10727e+03 1.39901e+03
9.20735e+03 1.39901e+03
9.25740e+03 1.44898e+03
9.35748e+03 1.44898e+03
9.35748e+03 1.64884e+03
9.45755e+03 1.64884e+03
9.80783e+03 1.59888e+03
9.90792e+03 1.59888e+03
9.90792e+03 1.49894e+03
9.95796e+03 1.54891e+03
1.00080e+04 1.49894e+03
1.00580e+04 1.54891e+03
1.00080e+04 1.69881e+03
1.01081e+04 1.69881e+03
1.03583e+04 1.64884e+03
1.04083e+04 1.59888e+03
1.04583e+04 1.64884e+03
1.08587e+04 2.34835e+03
1.08086e+04 2.59818e+03
1.12590e+04 2.84800e+03
1.11589e+04 2.84800e+03
1.09588e+04 2.84800e+03
1.06585e+04 2.74807e+03
1.06585e+04 3.04786e+03
1.04083e+04 2.99790e+03
1.04083e+04 2.89796e+03
1.03583e+04 2.84800e+03
1.04583e+04 2.74807e+03
1.03583e+04 2.44828e+03
9.80783e+03 2.59818e+03
1.01581e+04 3.04786e+03
9.95796e+03 3.04786e+03
9.75779e+03 3.14779e+03
9.75779e+03 2.74807e+03
9.70776e+03 2.79803e+03
9.65772e+03 2.84800e+03
9.60768e+03 2.79803e+03
9.35748e+03 2.84800e+03
9.20735e+03 2.79803e+03
9.25740e+03 2.94793e+03
9.65772e+03 3.14779e+03
9.45755e+03 3.44758e+03
9.55764e+03 3.74737e+03
9.35748e+03 3.94723e+03
9.75779e+03 3.84730e+03
9.70776e+03 3.99720e+03
9.80783e+03 3.99720e+03
1.01581e+04 4.04716e+03
9.80783e+03 4.39692e+03
9.85788e+03 4.34695e+03
9.90792e+03 4.39692e+03
1.01081e+04 4.39692e+03
1.01081e+04 4.49685e+03
1.02082e+04 4.39692e+03
1.03082e+04 4.49685e+03
1.04083e+04 4.19705e+03
1.04083e+04 4.09713e+03
1.06585e+04 4.04716e+03
1.08086e+04 4.29698e+03
1.08086e+04 4.39692e+03
1.05084e+04 4.49685e+03
1.05084e+04 4.59677e+03
1.07085e+04 4.59677e+03
1.08086e+04 4.69670e+03
1.04083e+04 4.99650e+03
1.05084e+04 4.99650e+03
1.05084e+04 5.19635e+03
1.08086e+04 4.99650e+03
1.09087e+04 4.99650e+03
1.08587e+04 4.94653e+03
1.10088e+04 4.69670e+03
1.12590e+04 4.54681e+03
1.11089e+04 4.39692e+03
1.10088e+04 4.29698e+03
1.10088e+04 4.39692e+03
1.11089e+04 4.29698e+03
1.12590e+04 4.14709e+03
1.15592e+04 3.84730e+03
1.13591e+04 4.04716e+03
1.13591e+04 3.74737e+03
1.11589e+04 3.74737e+03
1.09588e+04 3.84730e+03
1.05584e+04 3.34765e+03
1.03583e+04 3.54751e+03
1.05584e+04 3.64744e+03
1.08086e+04 3.49755e+03
1.08587e+04 3.64744e+03
1.12590e+04 3.34765e+03
1.13591e+04 3.54751e+03
1.15592e+04 3.44758e+03
1.15092e+04 3.09783e+03
1.20096e+04 2.99790e+03
1.22598e+04 2.84800e+03
1.19595e+04 2.44828e+03
1.18595e+04 2.54821e+03
1.20096e+04 2.69811e+03
1.22598e+04 2.54821e+03
1.28102e+04 2.39831e+03
1.25600e+04 2.74807e+03
1.26601e+04 2.94793e+03
1.24600e+04 2.94793e+03
1.23599e+04 3.14779e+03
1.23599e+04 3.34765e+03
1.22598e+04 3.44758e+03
1.27102e+04 3.79733e+03
1.24600e+04 3.84730e+03
1.21597e+04 3.84730e+03
1.21597e+04 3.94723e+03
1.20096e+04 4.09713e+03
1.18595e+04 4.04716e+03
1.19595e+04 4.44688e+03
1.20096e+04 4.39692e+03
1.21597e+04 4.34695e+03
1.25600e+04 4.44688e+03
1.24099e+04 4.49685e+03
1.23098e+04 4.59677e+03
1.24600e+04 4.74667e+03
1.24600e+04 4.84660e+03
1.24600e+04 4.94653e+03
1.27602e+04 4.94653e+03
1.27602e+04 5.14639e+03
1.24600e+04 5.14639e+03
1.25100e+04 5.19635e+03
1.24600e+04 5.24632e+03
1.22598e+04 5.04646e+03
1.21597e+04 5.24632e+03
1.20596e+04 4.94653e+03
1.18094e+04 4.99650e+03
1.18595e+04 5.34625e+03
1.16593e+04 5.64604e+03
1.15092e+04 5.29629e+03
1.15092e+04 5.09642e+03
1.16093e+04 4.89657e+03
1.15592e+04 4.44688e+03
1.16093e+04 4.39692e+03
1.16593e+04 4.54681e+03
1.14091e+04 4.89657e+03
1.13090e+04 4.89657e+03
1.14592e+04 5.04646e+03
1.13591e+04 5.24632e+03
1.13591e+04 5.44618e+03
1.16593e+04 5.74597e+03
1.18595e+04 5.64604e+03
1.21597e+04 5.54611e+03
1.22598e+04 5.84590e+03
1.20596e+04 6.04576e+03
1.21597e+04 6.14569e+03
1.20096e+04 6.29559e+03
1.21597e+04 6.54541e+03
1.23599e+04 5.94583e+03
1.24600e+04 6.04576e+03
1.27102e+04 6.49544e+03
1.25600e+04 6.54541e+03
1.25100e+04 6.59538e+03
1.22598e+04 6.84520e+03
1.21097e+04 6.79524e+03
1.21097e+04 6.89516e+03
1.19095e+04 6.79524e+03
1.21097e+04 6.99509e+03
1.23098e+04 7.19496e+03
1.23098e+04 7.29488e+03
1.24600e+04 7.14499e+03
1.27102e+04 6.79524e+03
1.27102e+04 6.99509e+03
1.27102e+04 7.09503e+03
1.30104e+04 6.99509e+03
1.32606e+04 7.34485e+03
1.31605e+04 6.74527e+03
1.30604e+04 6.44548e+03
1.33106e+04 6.59538e+03
1.33106e+04 6.69531e+03
1.34608e+04 6.54541e+03
1.31605e+04 6.14569e+03
1.25600e+04 5.64604e+03
1.25100e+04 5.69601e+03
1.27102e+04 5.79594e+03
1.29603e+04 5.64604e+03
1.29603e+04 5.84590e+03
1.32606e+04 6.04576e+03
1.33607e+04 6.04576e+03
1.34608e+04 6.14569e+03
1.34608e+04 5.84590e+03
1.37110e+04 5.49614e+03
1.38611e+04 5.64604e+03
1.36609e+04 5.74597e+03
1.35608e+04 5.74597e+03
1.33607e+04 5.64604e+03
1.33607e+04 5.44618e+03
1.32606e+04 5.24632e+03
1.35608e+04 5.34625e+03
1.35608e+04 5.24632e+03
1.37110e+04 5.19635e+03
1.36609e+04 5.14639e+03
1.33607e+04 4.94653e+03
1.31605e+04 4.74667e+03
1.34608e+04 4.64674e+03
1.33106e+04 4.49685e+03
1.29603e+04 4.04716e+03
1.32606e+04 4.24702e+03
1.36109e+04 4.19705e+03
1.39612e+04 4.34695e+03
1.40112e+04 4.39692e+03
1.40612e+04 4.14709e+03
1.39612e+04 4.14709e+03
1.39612e+04 3.94723e+03
1.39612e+04 3.84730e+03
1.37610e+04 3.74737e+03
1.36109e+04 3.79733e+03
1.33607e+04 3.74737e+03
1.34608e+04 3.64744e+03
1.35608e+04 3.54751e+03
1.38611e+04 3.34765e+03
1.28603e+04 3.04786e+03
1.29603e+04 3.14779e+03
1.34608e+04 2.44828e+03
1.38110e+04 2.49825e+03
1.38110e+04 2.89796e+03
1.40612e+04 2.84800e+03
1.41113e+04 2.79803e+03
1.42614e+04 2.94793e+03
1.44615e+04 2.94793e+03
1.46617e+04 2.84800e+03
1.46617e+04 3.04786e+03
1.47618e+04 3.14779e+03
1.48619e+04 3.14779e+03
1.50120e+04 3.19775e+03
1.48118e+04 3.19775e+03
1.44115e+04 3.29768e+03
1.43615e+04 3.24772e+03
1.41613e+04 3.54751e+03
1.44615e+04 3.84730e+03
1.45616e+04 3.84730e+03
1.47618e+04 3.84730e+03
1.47618e+04 4.04716e+03
1.48619e+04 4.14709e+03
1.48619e+04 4.34695e+03
1.49620e+04 4.04716e+03
1.51621e+04 3.74737e+03
1.51621e+04 3.84730e+03
1.53623e+04 3.54751e+03
1.54123e+04 3.49755e+03
1.54623e+04 3.54751e+03
1.53623e+04 3.74737e+03
1.50620e+04 4.14709e+03
1.50620e+04 4.24702e+03
1.51621e+04 4.24702e+03
1.54123e+04 4.19705e+03
1.55624e+04 3.94723e+03
1.55624e+04 3.84730e+03
1.56625e+04 3.84730e+03
1.58627e+04 3.64744e+03
1.51621e+04 2.84800e+03
1.52622e+04 2.54821e+03
1.53623e+04 2.94793e+03
1.54123e+04 2.89796e+03
1.55624e+04 2.94793e+03
1.58627e+04 2.94793e+03
1.60128e+04 2.79803e+03
1.60628e+04 2.94793e+03
1.61129e+04 2.79803e+03
1.62630e+04 2.54821e+03
1.62630e+04 2.84800e+03
1.62630e+04 3.04786e+03
1.62630e+04 3.14779e+03
1.62130e+04 3.49755e+03
1.63631e+04 3.54751e+03
1.65132e+04 3.29768e+03
1.65632e+04 3.34765e+03
1.67634e+04 3.44758e+03
1.69636e+04 3.54751e+03
1.65632e+04 3.84730e+03
1.65132e+04 3.79733e+03
1.66133e+04 3.99720e+03
1.67634e+04 4.04716e+03
1.69636e+04 3.74737e+03
1.70136e+04 3.89727e+03
1.73639e+04 4.14709e+03
1.73639e+04 4.34695e+03
1.72138e+04 4.39692e+03
1.68134e+04 4.39692e+03
1.67634e+04 4.34695e+03
1.66633e+04 4.24702e+03
1.66133e+04 4.39692e+03
1.64632e+04 4.94653e+03
1.62630e+04 4.94653e+03
1.62130e+04 4.59677e+03
1.61129e+04 4.69670e+03
1.57626e+04 4.64674e+03
1.58627e+04 5.24632e+03
1.54623e+04 5.44618e+03
1.57626e+04 5.44618e+03
1.58627e+04 5.54611e+03
1.59127e+04 5.59607e+03
1.56625e+04 5.54611e+03
1.56625e+04 5.64604e+03
1.56625e+04 5.74597e+03
1.55624e+04 5.64604e+03
1.55624e+04 5.74597e+03
1.57626e+04 5.94583e+03
1.58126e+04 5.89587e+03
1.60628e+04 5.94583e+03
1.59628e+04 6.04576e+03
1.59127e+04 6.29559e+03
1.57626e+04 6.14569e+03
1.57626e+04 6.24562e+03
1.54623e+04 6.14569e+03
1.54123e+04 6.09572e+03
1.46617e+04 4.94653e+03
1.44615e+04 4.94653e+03
1.44115e+04 4.69670e+03
1.42614e+04 4.84660e+03
1.41613e+04 4.84660e+03
1.41613e+04 5.04646e+03
1.39612e+04 5.04646e+03
1.43615e+04 5.44618e+03
1.44615e+04 5.44618e+03
1.43615e+04 5.54611e+03
1.41613e+04 5.64604e+03
1.45616e+04 5.84590e+03
1.49620e+04 6.04576e+03
1.50120e+04 6.29559e+03
1.46117e+04 6.29559e+03
1.44115e+04 6.29559e+03
1.44615e+04 6.44548e+03
1.44615e+04 6.54541e+03
1.46117e+04 6.49544e+03
1.49119e+04 6.59538e+03
1.49620e+04 6.74527e+03
1.44615e+04 6.94513e+03
1.40612e+04 6.74527e+03
1.42113e+04 6.39551e+03
1.40112e+04 6.29559e+03
1.40112e+04 6.39551e+03
1.40112e+04 6.59538e+03
1.39612e+04 6.64534e+03
1.40612e+04 6.84520e+03
1.40112e+04 6.79524e+03
1.44615e+04 7.34485e+03
1.50620e+04 6.94513e+03
1.51121e+04 6.89516e+03
1.51121e+04 6.99509e+03
1.50620e+04 6.64534e+03
1.52622e+04 6.54541e+03
1.52122e+04 6.69531e+03
1.52622e+04 6.94513e+03
1.53122e+04 6.99509e+03
1.53623e+04 7.04506e+03
1.55124e+04 6.99509e+03
1.56625e+04 6.74527e+03
1.59628e+04 6.44548e+03
1.61129e+04 6.39551e+03
1.61129e+04 6.29559e+03
1.62630e+04 6.24562e+03
1.63130e+04 6.29559e+03
