124
9375 11225
9531 11225
9475 10275
9275 10050
10375 9525
9687 11225
9843 11225
9999 11225
10155 11225
10311 11225
10467 11225
10623 11225
10779 11225
10935 11225
11091 11225
11247 11225
11403 11225
11559 11225
11175 9800
11275 9475
10650 9400
11275 9175
11125 5350
11025 4750
11000 4600
11000 3600
11650 3350
11725 4825
12500 5950
11715 11225
11871 11225
12027 11225
12183 11225
12339 11225
12495 11225
12651 11225
12807 11225
12963 11225
13325 6100
13100 4625
12825 3800
12850 2425
13585 1975
13585 2131
13585 2287
13585 2443
13585 2599
13585 2755
13585 2911
13585 3067
13585 3223
13585 3379
13585 9615
13585 9771
13585 9927
13585 10083
13585 10239
13585 10395
13585 10551
13585 10707
13585 10863
13585 11019
4475 8657
4475 8969
4475 9407
4475 9719
5450 10475
5475 9750
5475 8650
4575 8425
5425 3300
5425 3000
5425 2400
5425 2100
5425 1800
6000 2375
6375 2375
6000 3375
6375 3375
6475 4675
6475 4875
6475 5275
6475 5475
6100 6675
6350 6675
6350 7275
6100 7275
6550 7625
5775 8650
6075 8650
6375 8650
6375 9750
6075 9750
5775 9750
6975 9750
6675 9750
6675 8650
6875 8650
6850 7275
6600 7275
6600 6675
6850 6675
7100 5425
7100 5275
7100 5075
7100 4875
7100 4675
6925 3300
6925 3000
6925 2700
6925 2400
6925 2100
6925 1800
7700 3725
7850 3700
7700 4725
7750 7475
8125 7525
8500 7475
8500 8225
7600 9025
8350 9025
7975 9075
8350 9775
