1291
2.36100e+03 1.74570e+03
2.28480e+03 1.74570e+03
2.18320e+03 1.74570e+03
2.10700e+03 1.74570e+03
2.00540e+03 1.74570e+03
1.92920e+03 1.74570e+03
1.64980e+03 1.74570e+03
1.57360e+03 1.74570e+03
1.47200e+03 1.74570e+03
1.39580e+03 1.74570e+03
1.39580e+03 1.77110e+03
1.47200e+03 1.77110e+03
1.57360e+03 1.77110e+03
1.64980e+03 1.77110e+03
1.92920e+03 1.77110e+03
2.00540e+03 1.77110e+03
2.10700e+03 1.77110e+03
2.18320e+03 1.77110e+03
2.28480e+03 1.77110e+03
2.36100e+03 1.77110e+03
2.46260e+03 1.77110e+03
2.53880e+03 1.77110e+03
2.64040e+03 1.77110e+03
2.71660e+03 1.77110e+03
3.96120e+03 1.79650e+03
3.88500e+03 1.79650e+03
3.83420e+03 1.79650e+03
3.75800e+03 1.79650e+03
3.70720e+03 1.79650e+03
3.63100e+03 1.79650e+03
3.58020e+03 1.79650e+03
3.50400e+03 1.79650e+03
3.45320e+03 1.79650e+03
3.37700e+03 1.79650e+03
3.32620e+03 1.79650e+03
3.25000e+03 1.79650e+03
3.19920e+03 1.79650e+03
3.12300e+03 1.79650e+03
3.07220e+03 1.79650e+03
2.99600e+03 1.79650e+03
2.89440e+03 1.79650e+03
2.71660e+03 1.79650e+03
2.64040e+03 1.79650e+03
2.53880e+03 1.79650e+03
2.46260e+03 1.79650e+03
2.36100e+03 1.79650e+03
2.28480e+03 1.79650e+03
2.18320e+03 1.79650e+03
2.10700e+03 1.79650e+03
2.00540e+03 1.79650e+03
1.92920e+03 1.79650e+03
1.64980e+03 1.79650e+03
1.57360e+03 1.79650e+03
1.47200e+03 1.79650e+03
1.39580e+03 1.79650e+03
1.39580e+03 1.82190e+03
1.47200e+03 1.82190e+03
1.57360e+03 1.82190e+03
1.64980e+03 1.82190e+03
1.92920e+03 1.82190e+03
2.00540e+03 1.82190e+03
2.10700e+03 1.82190e+03
2.18320e+03 1.82190e+03
2.28480e+03 1.82190e+03
2.36100e+03 1.82190e+03
2.46260e+03 1.82190e+03
2.53880e+03 1.82190e+03
2.64040e+03 1.82190e+03
2.71660e+03 1.82190e+03
2.95790e+03 1.82190e+03
3.96120e+03 1.84730e+03
3.88500e+03 1.84730e+03
3.83420e+03 1.84730e+03
3.75800e+03 1.84730e+03
3.70720e+03 1.84730e+03
3.63100e+03 1.84730e+03
3.58020e+03 1.84730e+03
3.50400e+03 1.84730e+03
3.45320e+03 1.84730e+03
3.37700e+03 1.84730e+03
3.32620e+03 1.84730e+03
3.25000e+03 1.84730e+03
3.19920e+03 1.84730e+03
3.12300e+03 1.84730e+03
3.07220e+03 1.84730e+03
2.99600e+03 1.84730e+03
2.81820e+03 1.84730e+03
2.71660e+03 1.84730e+03
2.64040e+03 1.84730e+03
2.53880e+03 1.84730e+03
2.46260e+03 1.84730e+03
2.36100e+03 1.84730e+03
2.28480e+03 1.84730e+03
2.18320e+03 1.84730e+03
2.10700e+03 1.84730e+03
2.00540e+03 1.84730e+03
1.92920e+03 1.84730e+03
1.64980e+03 1.84730e+03
1.57360e+03 1.84730e+03
1.47200e+03 1.84730e+03
1.39580e+03 1.84730e+03
1.39580e+03 1.87270e+03
1.47200e+03 1.87270e+03
1.57360e+03 1.87270e+03
1.64980e+03 1.87270e+03
1.92920e+03 1.87270e+03
2.00540e+03 1.87270e+03
2.10700e+03 1.87270e+03
2.18320e+03 1.87270e+03
2.28480e+03 1.87270e+03
2.36100e+03 1.87270e+03
2.46260e+03 1.87270e+03
2.53880e+03 1.87270e+03
2.64040e+03 1.87270e+03
2.71660e+03 1.87270e+03
2.89440e+03 1.91080e+03
2.86900e+03 1.92350e+03
2.95790e+03 1.92350e+03
2.99600e+03 1.92350e+03
3.07220e+03 1.92350e+03
3.12300e+03 1.92350e+03
3.19920e+03 1.92350e+03
3.25000e+03 1.92350e+03
3.32620e+03 1.92350e+03
3.37700e+03 1.92350e+03
3.45320e+03 1.92350e+03
3.50400e+03 1.92350e+03
3.58020e+03 1.92350e+03
3.63100e+03 1.92350e+03
3.70720e+03 1.92350e+03
3.75800e+03 1.92350e+03
3.83420e+03 1.92350e+03
3.88500e+03 1.92350e+03
3.96120e+03 1.92350e+03
2.89440e+03 1.93620e+03
2.81820e+03 1.94890e+03
3.07220e+03 1.96160e+03
2.53880e+03 1.97430e+03
2.64040e+03 1.97430e+03
2.71660e+03 1.97430e+03
3.75800e+03 1.97430e+03
3.14840e+03 1.99970e+03
2.99600e+03 1.99970e+03
2.91980e+03 1.99970e+03
2.84360e+03 1.99970e+03
2.71660e+03 1.99970e+03
2.64040e+03 1.99970e+03
2.28480e+03 1.99970e+03
2.13240e+03 1.99970e+03
2.03080e+03 1.99970e+03
1.87840e+03 1.99970e+03
1.76410e+03 1.99970e+03
1.68790e+03 1.99970e+03
1.54820e+03 1.99970e+03
1.39580e+03 1.99970e+03
1.39580e+03 2.02510e+03
1.54820e+03 2.02510e+03
1.68790e+03 2.02510e+03
1.76410e+03 2.02510e+03
1.87840e+03 2.02510e+03
2.03080e+03 2.02510e+03
2.13240e+03 2.02510e+03
2.28480e+03 2.02510e+03
2.53880e+03 2.02510e+03
2.64040e+03 2.02510e+03
2.71660e+03 2.02510e+03
2.84360e+03 2.02510e+03
2.91980e+03 2.02510e+03
3.14840e+03 2.05050e+03
2.99600e+03 2.05050e+03
2.91980e+03 2.05050e+03
2.84360e+03 2.05050e+03
2.71660e+03 2.05050e+03
2.64040e+03 2.05050e+03
2.28480e+03 2.05050e+03
2.13240e+03 2.05050e+03
2.03080e+03 2.05050e+03
1.87840e+03 2.05050e+03
1.76410e+03 2.05050e+03
1.68790e+03 2.05050e+03
1.54820e+03 2.05050e+03
1.39580e+03 2.05050e+03
1.39580e+03 2.07590e+03
1.54820e+03 2.07590e+03
1.68790e+03 2.07590e+03
1.76410e+03 2.07590e+03
1.87840e+03 2.07590e+03
2.03080e+03 2.07590e+03
2.13240e+03 2.07590e+03
2.28480e+03 2.07590e+03
3.75800e+03 2.07590e+03
3.07220e+03 2.08860e+03
2.53880e+03 2.10130e+03
2.46260e+03 2.10130e+03
2.28480e+03 2.10130e+03
2.13240e+03 2.10130e+03
2.03080e+03 2.10130e+03
1.87840e+03 2.10130e+03
1.76410e+03 2.10130e+03
1.68790e+03 2.10130e+03
1.54820e+03 2.10130e+03
1.39580e+03 2.10130e+03
1.39580e+03 2.12670e+03
1.54820e+03 2.12670e+03
1.68790e+03 2.12670e+03
1.76410e+03 2.12670e+03
1.87840e+03 2.12670e+03
2.03080e+03 2.12670e+03
2.13240e+03 2.12670e+03
2.28480e+03 2.12670e+03
2.46260e+03 2.12670e+03
2.53880e+03 2.12670e+03
2.64040e+03 2.12670e+03
2.71660e+03 2.12670e+03
3.07220e+03 2.12670e+03
3.12300e+03 2.12670e+03
3.75800e+03 2.12670e+03
3.68180e+03 2.15210e+03
3.63100e+03 2.15210e+03
2.71660e+03 2.15210e+03
2.64040e+03 2.15210e+03
2.53880e+03 2.15210e+03
2.46260e+03 2.15210e+03
2.28480e+03 2.15210e+03
2.13240e+03 2.15210e+03
2.03080e+03 2.15210e+03
1.87840e+03 2.15210e+03
1.76410e+03 2.15210e+03
1.68790e+03 2.15210e+03
1.54820e+03 2.15210e+03
1.39580e+03 2.15210e+03
1.39580e+03 2.17750e+03
1.54820e+03 2.17750e+03
1.87840e+03 2.17750e+03
2.03080e+03 2.17750e+03
2.13240e+03 2.17750e+03
2.28480e+03 2.17750e+03
2.46260e+03 2.17750e+03
2.53880e+03 2.17750e+03
2.64040e+03 2.17750e+03
2.71660e+03 2.17750e+03
2.71660e+03 2.20290e+03
2.64040e+03 2.20290e+03
2.53880e+03 2.20290e+03
2.46260e+03 2.20290e+03
2.28480e+03 2.20290e+03
2.13240e+03 2.20290e+03
2.03080e+03 2.20290e+03
1.87840e+03 2.20290e+03
1.54820e+03 2.20290e+03
1.39580e+03 2.20290e+03
1.39580e+03 2.22830e+03
1.54820e+03 2.22830e+03
1.87840e+03 2.22830e+03
2.03080e+03 2.22830e+03
2.13240e+03 2.22830e+03
2.28480e+03 2.22830e+03
2.46260e+03 2.22830e+03
2.53880e+03 2.22830e+03
2.64040e+03 2.22830e+03
2.71660e+03 2.22830e+03
3.75800e+03 2.25370e+03
3.12300e+03 2.25370e+03
3.07220e+03 2.25370e+03
2.71660e+03 2.25370e+03
2.64040e+03 2.25370e+03
2.53880e+03 2.25370e+03
2.46260e+03 2.25370e+03
2.28480e+03 2.25370e+03
2.13240e+03 2.25370e+03
2.03080e+03 2.25370e+03
1.87840e+03 2.25370e+03
1.54820e+03 2.25370e+03
1.39580e+03 2.25370e+03
1.39580e+03 2.27910e+03
1.54820e+03 2.27910e+03
1.87840e+03 2.27910e+03
2.03080e+03 2.27910e+03
2.13240e+03 2.27910e+03
2.28480e+03 2.27910e+03
2.46260e+03 2.27910e+03
2.53880e+03 2.27910e+03
2.64040e+03 2.27910e+03
2.71660e+03 2.27910e+03
3.65640e+03 2.27910e+03
3.68180e+03 2.27910e+03
2.71660e+03 2.30450e+03
2.64040e+03 2.30450e+03
2.53880e+03 2.30450e+03
2.46260e+03 2.30450e+03
2.28480e+03 2.30450e+03
2.13240e+03 2.30450e+03
2.03080e+03 2.30450e+03
1.87840e+03 2.30450e+03
1.75140e+03 2.30450e+03
1.67520e+03 2.30450e+03
1.54820e+03 2.30450e+03
1.39580e+03 2.30450e+03
1.39580e+03 2.32990e+03
1.54820e+03 2.32990e+03
1.67520e+03 2.32990e+03
1.75140e+03 2.32990e+03
1.87840e+03 2.32990e+03
2.03080e+03 2.32990e+03
2.13240e+03 2.32990e+03
2.28480e+03 2.32990e+03
2.46260e+03 2.32990e+03
2.53880e+03 2.32990e+03
2.64040e+03 2.32990e+03
2.71660e+03 2.32990e+03
3.75800e+03 2.35530e+03
2.28480e+03 2.35530e+03
2.13240e+03 2.35530e+03
2.03080e+03 2.35530e+03
1.87840e+03 2.35530e+03
1.75140e+03 2.35530e+03
1.67520e+03 2.35530e+03
1.54820e+03 2.35530e+03
1.39580e+03 2.35530e+03
1.39580e+03 2.38070e+03
1.54820e+03 2.38070e+03
1.67520e+03 2.38070e+03
1.75140e+03 2.38070e+03
1.87840e+03 2.38070e+03
2.03080e+03 2.38070e+03
2.13240e+03 2.38070e+03
2.28480e+03 2.38070e+03
2.28480e+03 2.40610e+03
2.13240e+03 2.40610e+03
2.03080e+03 2.40610e+03
1.87840e+03 2.40610e+03
1.75140e+03 2.40610e+03
1.67520e+03 2.40610e+03
1.54820e+03 2.40610e+03
1.39580e+03 2.40610e+03
1.31960e+03 2.41880e+03
1.39580e+03 2.43150e+03
1.54820e+03 2.43150e+03
1.67520e+03 2.43150e+03
1.75140e+03 2.43150e+03
1.87840e+03 2.43150e+03
2.03080e+03 2.43150e+03
2.13240e+03 2.43150e+03
2.28480e+03 2.43150e+03
2.64040e+03 2.43150e+03
2.71660e+03 2.43150e+03
3.75800e+03 2.45690e+03
2.71660e+03 2.45690e+03
2.64040e+03 2.45690e+03
2.28480e+03 2.45690e+03
2.13240e+03 2.45690e+03
2.03080e+03 2.45690e+03
1.87840e+03 2.45690e+03
1.75140e+03 2.45690e+03
1.67520e+03 2.45690e+03
1.54820e+03 2.45690e+03
1.39580e+03 2.45690e+03
1.31960e+03 2.46960e+03
1.39580e+03 2.48230e+03
1.54820e+03 2.48230e+03
1.67520e+03 2.48230e+03
1.75140e+03 2.48230e+03
1.87840e+03 2.48230e+03
2.03080e+03 2.48230e+03
2.13240e+03 2.48230e+03
2.28480e+03 2.48230e+03
2.64040e+03 2.48230e+03
2.71660e+03 2.48230e+03
2.64040e+03 2.50770e+03
2.71660e+03 2.50770e+03
3.75800e+03 2.50770e+03
2.71660e+03 2.53310e+03
2.64040e+03 2.53310e+03
2.64040e+03 2.55850e+03
2.71660e+03 2.55850e+03
2.64040e+03 2.58390e+03
2.71660e+03 2.58390e+03
3.63100e+03 2.58390e+03
3.68180e+03 2.58390e+03
2.71660e+03 2.60930e+03
2.64040e+03 2.60930e+03
3.75800e+03 2.63470e+03
2.86900e+03 2.63470e+03
2.71660e+03 2.63470e+03
2.64040e+03 2.63470e+03
2.28480e+03 2.63470e+03
2.13240e+03 2.63470e+03
2.03080e+03 2.63470e+03
1.87840e+03 2.63470e+03
1.80220e+03 2.63470e+03
1.64980e+03 2.63470e+03
1.54820e+03 2.63470e+03
1.39580e+03 2.63470e+03
1.39580e+03 2.66010e+03
1.54820e+03 2.66010e+03
1.64980e+03 2.66010e+03
1.80220e+03 2.66010e+03
1.87840e+03 2.66010e+03
2.03080e+03 2.66010e+03
2.13240e+03 2.66010e+03
2.28480e+03 2.66010e+03
2.64040e+03 2.66010e+03
2.71660e+03 2.66010e+03
2.28480e+03 2.68550e+03
2.13240e+03 2.68550e+03
2.03080e+03 2.68550e+03
1.87840e+03 2.68550e+03
1.80220e+03 2.68550e+03
1.64980e+03 2.68550e+03
1.54820e+03 2.68550e+03
1.39580e+03 2.68550e+03
1.24340e+03 2.68550e+03
1.39580e+03 2.71090e+03
1.54820e+03 2.71090e+03
1.64980e+03 2.71090e+03
1.80220e+03 2.71090e+03
1.87840e+03 2.71090e+03
2.03080e+03 2.71090e+03
2.13240e+03 2.71090e+03
2.28480e+03 2.71090e+03
3.65640e+03 2.71090e+03
3.68180e+03 2.71090e+03
2.86900e+03 2.73630e+03
2.53880e+03 2.73630e+03
2.46260e+03 2.73630e+03
2.28480e+03 2.73630e+03
2.13240e+03 2.73630e+03
2.03080e+03 2.73630e+03
1.87840e+03 2.73630e+03
1.80220e+03 2.73630e+03
1.64980e+03 2.73630e+03
1.54820e+03 2.73630e+03
1.39580e+03 2.73630e+03
1.39580e+03 2.76170e+03
1.54820e+03 2.76170e+03
1.64980e+03 2.76170e+03
1.80220e+03 2.76170e+03
1.87840e+03 2.76170e+03
2.03080e+03 2.76170e+03
2.13240e+03 2.76170e+03
2.28480e+03 2.76170e+03
2.46260e+03 2.76170e+03
2.53880e+03 2.76170e+03
2.71660e+03 2.78710e+03
2.64040e+03 2.78710e+03
2.53880e+03 2.78710e+03
2.46260e+03 2.78710e+03
2.28480e+03 2.78710e+03
2.13240e+03 2.78710e+03
2.03080e+03 2.78710e+03
1.87840e+03 2.78710e+03
1.80220e+03 2.78710e+03
1.64980e+03 2.78710e+03
1.54820e+03 2.78710e+03
1.39580e+03 2.78710e+03
1.39580e+03 2.81250e+03
1.54820e+03 2.81250e+03
1.64980e+03 2.81250e+03
1.80220e+03 2.81250e+03
1.87840e+03 2.81250e+03
2.03080e+03 2.81250e+03
2.13240e+03 2.81250e+03
2.28480e+03 2.81250e+03
2.46260e+03 2.81250e+03
2.53880e+03 2.81250e+03
2.64040e+03 2.81250e+03
2.71660e+03 2.81250e+03
3.45320e+03 2.83790e+03
3.35160e+03 2.83790e+03
2.71660e+03 2.83790e+03
2.64040e+03 2.83790e+03
2.53880e+03 2.83790e+03
2.46260e+03 2.83790e+03
2.28480e+03 2.83790e+03
2.13240e+03 2.83790e+03
2.03080e+03 2.83790e+03
1.87840e+03 2.83790e+03
1.80220e+03 2.83790e+03
1.64980e+03 2.83790e+03
1.54820e+03 2.83790e+03
1.39580e+03 2.83790e+03
1.39580e+03 2.86330e+03
1.54820e+03 2.86330e+03
1.64980e+03 2.86330e+03
1.80220e+03 2.86330e+03
1.87840e+03 2.86330e+03
2.03080e+03 2.86330e+03
2.13240e+03 2.86330e+03
2.28480e+03 2.86330e+03
2.46260e+03 2.86330e+03
2.53880e+03 2.86330e+03
2.64040e+03 2.86330e+03
2.71660e+03 2.86330e+03
2.86900e+03 2.88870e+03
2.81820e+03 2.88870e+03
2.71660e+03 2.88870e+03
2.64040e+03 2.88870e+03
2.53880e+03 2.88870e+03
2.46260e+03 2.88870e+03
2.28480e+03 2.88870e+03
2.13240e+03 2.88870e+03
2.03080e+03 2.88870e+03
1.87840e+03 2.88870e+03
1.80220e+03 2.88870e+03
1.64980e+03 2.88870e+03
1.54820e+03 2.88870e+03
1.39580e+03 2.88870e+03
1.31960e+03 2.90140e+03
1.29420e+03 2.90140e+03
1.26880e+03 2.90140e+03
1.39580e+03 2.91410e+03
1.54820e+03 2.91410e+03
1.64980e+03 2.91410e+03
1.80220e+03 2.91410e+03
1.87840e+03 2.91410e+03
2.03080e+03 2.91410e+03
2.13240e+03 2.91410e+03
2.28480e+03 2.91410e+03
2.46260e+03 2.91410e+03
2.53880e+03 2.91410e+03
2.64040e+03 2.91410e+03
2.71660e+03 2.91410e+03
2.71660e+03 2.93950e+03
2.64040e+03 2.93950e+03
2.53880e+03 2.93950e+03
2.46260e+03 2.93950e+03
2.28480e+03 2.93950e+03
2.13240e+03 2.93950e+03
2.03080e+03 2.93950e+03
1.87840e+03 2.93950e+03
1.80220e+03 2.93950e+03
1.64980e+03 2.93950e+03
1.54820e+03 2.93950e+03
1.39580e+03 2.93950e+03
1.39580e+03 2.96490e+03
1.54820e+03 2.96490e+03
1.64980e+03 2.96490e+03
1.80220e+03 2.96490e+03
1.87840e+03 2.96490e+03
2.03080e+03 2.96490e+03
2.13240e+03 2.96490e+03
2.28480e+03 2.96490e+03
2.46260e+03 2.96490e+03
2.53880e+03 2.96490e+03
2.64040e+03 2.96490e+03
2.71660e+03 2.96490e+03
3.35160e+03 2.96490e+03
3.45320e+03 2.96490e+03
2.86900e+03 2.99030e+03
2.81820e+03 2.99030e+03
3.55480e+03 3.01570e+03
3.58020e+03 3.01570e+03
3.60560e+03 3.01570e+03
3.63100e+03 3.01570e+03
3.65640e+03 3.01570e+03
3.68180e+03 3.01570e+03
3.70720e+03 3.01570e+03
3.73260e+03 3.01570e+03
3.75800e+03 3.01570e+03
3.78340e+03 3.01570e+03
3.80880e+03 3.01570e+03
3.83420e+03 3.01570e+03
3.85960e+03 3.01570e+03
3.45320e+03 3.04110e+03
3.40240e+03 3.04110e+03
3.32620e+03 3.04110e+03
3.27540e+03 3.04110e+03
1.52280e+03 3.04110e+03
1.47200e+03 3.04110e+03
3.55480e+03 3.06650e+03
3.58020e+03 3.06650e+03
3.60560e+03 3.06650e+03
3.63100e+03 3.06650e+03
3.65640e+03 3.06650e+03
3.68180e+03 3.06650e+03
3.70720e+03 3.06650e+03
3.73260e+03 3.06650e+03
3.75800e+03 3.06650e+03
3.78340e+03 3.06650e+03
3.80880e+03 3.06650e+03
3.83420e+03 3.06650e+03
3.85960e+03 3.06650e+03
2.49870e+03 8.74500e+02
2.54870e+03 8.74500e+02
2.57370e+03 8.74500e+02
2.59870e+03 8.74500e+02
2.62370e+03 8.74500e+02
2.64870e+03 8.74500e+02
2.67370e+03 8.74500e+02
2.69870e+03 8.74500e+02
2.72370e+03 8.74500e+02
2.74870e+03 8.74500e+02
2.77370e+03 8.74500e+02
2.79870e+03 8.74500e+02
2.82370e+03 8.74500e+02
2.84870e+03 8.74500e+02
2.87370e+03 8.74500e+02
2.89870e+03 8.74500e+02
2.92370e+03 8.74500e+02
2.94870e+03 8.74500e+02
2.97370e+03 8.74500e+02
2.99870e+03 8.74500e+02
3.02370e+03 8.74500e+02
3.04870e+03 8.74500e+02
3.07370e+03 8.74500e+02
3.09870e+03 8.74500e+02
3.12370e+03 8.74500e+02
3.14870e+03 8.74500e+02
3.17370e+03 8.74500e+02
3.19870e+03 8.74500e+02
3.22370e+03 8.74500e+02
3.24870e+03 8.74500e+02
3.27370e+03 8.74500e+02
3.29870e+03 8.74500e+02
3.32370e+03 8.74500e+02
3.34870e+03 8.74500e+02
3.37370e+03 8.74500e+02
3.39870e+03 8.74500e+02
3.42370e+03 8.74500e+02
3.44870e+03 8.74500e+02
3.55480e+03 9.07500e+02
3.58020e+03 9.07500e+02
3.60560e+03 9.07500e+02
3.63100e+03 9.07500e+02
3.65640e+03 9.07500e+02
3.68180e+03 9.07500e+02
3.70720e+03 9.07500e+02
3.73260e+03 9.07500e+02
3.75800e+03 9.07500e+02
3.78340e+03 9.07500e+02
3.80880e+03 9.07500e+02
3.83420e+03 9.07500e+02
3.85960e+03 9.07500e+02
3.85960e+03 9.58300e+02
3.83420e+03 9.58300e+02
3.80880e+03 9.58300e+02
3.78340e+03 9.58300e+02
3.75800e+03 9.58300e+02
3.73260e+03 9.58300e+02
3.70720e+03 9.58300e+02
3.68180e+03 9.58300e+02
3.65640e+03 9.58300e+02
3.63100e+03 9.58300e+02
3.60560e+03 9.58300e+02
3.58020e+03 9.58300e+02
3.55480e+03 9.58300e+02
0.00000e+00 0.00000e+00
8.37000e+02 9.58300e+02
8.62400e+02 9.58300e+02
8.87800e+02 9.58300e+02
9.13200e+02 9.58300e+02
9.38600e+02 9.58300e+02
9.64000e+02 9.58300e+02
9.89400e+02 9.58300e+02
1.01480e+03 9.58300e+02
1.04020e+03 9.58300e+02
1.06560e+03 9.58300e+02
1.09100e+03 9.58300e+02
1.11640e+03 9.58300e+02
1.14180e+03 9.58300e+02
1.16720e+03 9.58300e+02
1.16720e+03 1.11070e+03
1.14180e+03 1.11070e+03
1.11640e+03 1.11070e+03
1.09100e+03 1.11070e+03
1.06560e+03 1.11070e+03
1.04020e+03 1.11070e+03
1.01480e+03 1.11070e+03
9.89400e+02 1.11070e+03
9.64000e+02 1.11070e+03
9.38600e+02 1.11070e+03
9.13200e+02 1.11070e+03
8.87800e+02 1.11070e+03
8.62400e+02 1.11070e+03
8.37000e+02 1.11070e+03
8.37000e+02 1.18690e+03
8.62400e+02 1.18690e+03
8.87800e+02 1.18690e+03
9.13200e+02 1.18690e+03
9.38600e+02 1.18690e+03
9.64000e+02 1.18690e+03
9.89400e+02 1.18690e+03
1.01480e+03 1.18690e+03
1.04020e+03 1.18690e+03
1.06560e+03 1.18690e+03
1.09100e+03 1.18690e+03
1.11640e+03 1.18690e+03
1.14180e+03 1.18690e+03
1.16720e+03 1.18690e+03
1.16720e+03 1.33930e+03
1.14180e+03 1.33930e+03
1.11640e+03 1.33930e+03
1.09100e+03 1.33930e+03
1.06560e+03 1.33930e+03
1.04020e+03 1.33930e+03
1.01480e+03 1.33930e+03
9.89400e+02 1.33930e+03
9.64000e+02 1.33930e+03
9.38600e+02 1.33930e+03
9.13200e+02 1.33930e+03
8.87800e+02 1.33930e+03
8.62400e+02 1.33930e+03
8.37000e+02 1.33930e+03
8.37000e+02 1.41550e+03
8.62400e+02 1.41550e+03
8.87800e+02 1.41550e+03
9.13200e+02 1.41550e+03
9.38600e+02 1.41550e+03
9.64000e+02 1.41550e+03
9.89400e+02 1.41550e+03
1.01480e+03 1.41550e+03
1.04020e+03 1.41550e+03
1.06560e+03 1.41550e+03
1.09100e+03 1.41550e+03
1.11640e+03 1.41550e+03
1.14180e+03 1.41550e+03
1.16720e+03 1.41550e+03
1.16720e+03 1.56790e+03
1.14180e+03 1.56790e+03
1.11640e+03 1.56790e+03
1.09100e+03 1.56790e+03
1.06560e+03 1.56790e+03
1.04020e+03 1.56790e+03
1.01480e+03 1.56790e+03
9.89400e+02 1.56790e+03
9.64000e+02 1.56790e+03
9.38600e+02 1.56790e+03
9.13200e+02 1.56790e+03
8.87800e+02 1.56790e+03
8.62400e+02 1.56790e+03
8.37000e+02 1.56790e+03
8.37000e+02 1.64410e+03
8.62400e+02 1.64410e+03
8.87800e+02 1.64410e+03
9.13200e+02 1.64410e+03
9.38600e+02 1.64410e+03
9.64000e+02 1.64410e+03
9.89400e+02 1.64410e+03
1.01480e+03 1.64410e+03
1.04020e+03 1.64410e+03
1.06560e+03 1.64410e+03
1.09100e+03 1.64410e+03
1.11640e+03 1.64410e+03
1.14180e+03 1.64410e+03
1.16720e+03 1.64410e+03
1.16720e+03 1.79650e+03
1.14180e+03 1.79650e+03
1.11640e+03 1.79650e+03
1.09100e+03 1.79650e+03
1.06560e+03 1.79650e+03
1.04020e+03 1.79650e+03
1.01480e+03 1.79650e+03
9.89400e+02 1.79650e+03
9.64000e+02 1.79650e+03
9.38600e+02 1.79650e+03
9.13200e+02 1.79650e+03
8.87800e+02 1.79650e+03
8.62400e+02 1.79650e+03
8.37000e+02 1.79650e+03
8.37000e+02 1.89810e+03
8.62400e+02 1.89810e+03
8.87800e+02 1.89810e+03
9.13200e+02 1.89810e+03
9.38600e+02 1.89810e+03
9.64000e+02 1.89810e+03
9.89400e+02 1.89810e+03
1.01480e+03 1.89810e+03
1.04020e+03 1.89810e+03
1.06560e+03 1.89810e+03
1.09100e+03 1.89810e+03
1.11640e+03 1.89810e+03
1.14180e+03 1.89810e+03
1.16720e+03 1.89810e+03
1.16720e+03 2.05050e+03
1.14180e+03 2.05050e+03
1.11640e+03 2.05050e+03
1.09100e+03 2.05050e+03
1.06560e+03 2.05050e+03
1.04020e+03 2.05050e+03
1.01480e+03 2.05050e+03
9.89400e+02 2.05050e+03
9.64000e+02 2.05050e+03
9.38600e+02 2.05050e+03
9.13200e+02 2.05050e+03
8.87800e+02 2.05050e+03
8.62400e+02 2.05050e+03
8.37000e+02 2.05050e+03
8.37000e+02 2.12670e+03
8.62400e+02 2.12670e+03
8.87800e+02 2.12670e+03
9.13200e+02 2.12670e+03
9.38600e+02 2.12670e+03
9.64000e+02 2.12670e+03
9.89400e+02 2.12670e+03
1.01480e+03 2.12670e+03
1.04020e+03 2.12670e+03
1.06560e+03 2.12670e+03
1.09100e+03 2.12670e+03
1.11640e+03 2.12670e+03
1.14180e+03 2.12670e+03
1.16720e+03 2.12670e+03
1.16720e+03 2.27910e+03
1.14180e+03 2.27910e+03
1.11640e+03 2.27910e+03
1.09100e+03 2.27910e+03
1.06560e+03 2.27910e+03
1.04020e+03 2.27910e+03
1.01480e+03 2.27910e+03
9.89400e+02 2.27910e+03
9.64000e+02 2.27910e+03
9.38600e+02 2.27910e+03
9.13200e+02 2.27910e+03
8.87800e+02 2.27910e+03
8.62400e+02 2.27910e+03
8.37000e+02 2.27910e+03
8.37000e+02 2.35530e+03
8.62400e+02 2.35530e+03
8.87800e+02 2.35530e+03
9.13200e+02 2.35530e+03
9.38600e+02 2.35530e+03
9.64000e+02 2.35530e+03
9.89400e+02 2.35530e+03
1.01480e+03 2.35530e+03
1.04020e+03 2.35530e+03
1.06560e+03 2.35530e+03
1.09100e+03 2.35530e+03
1.11640e+03 2.35530e+03
1.14180e+03 2.35530e+03
1.16720e+03 2.35530e+03
1.16720e+03 2.50770e+03
1.14180e+03 2.50770e+03
1.11640e+03 2.50770e+03
1.09100e+03 2.50770e+03
1.06560e+03 2.50770e+03
1.04020e+03 2.50770e+03
1.01480e+03 2.50770e+03
9.89400e+02 2.50770e+03
9.64000e+02 2.50770e+03
9.38600e+02 2.50770e+03
9.13200e+02 2.50770e+03
8.87800e+02 2.50770e+03
8.62400e+02 2.50770e+03
8.37000e+02 2.50770e+03
8.37000e+02 2.58390e+03
8.62400e+02 2.58390e+03
8.87800e+02 2.58390e+03
9.13200e+02 2.58390e+03
9.38600e+02 2.58390e+03
9.64000e+02 2.58390e+03
9.89400e+02 2.58390e+03
1.01480e+03 2.58390e+03
1.04020e+03 2.58390e+03
1.06560e+03 2.58390e+03
1.09100e+03 2.58390e+03
1.11640e+03 2.58390e+03
1.14180e+03 2.58390e+03
1.16720e+03 2.58390e+03
1.24340e+03 2.58390e+03
1.16720e+03 2.73630e+03
1.14180e+03 2.73630e+03
1.11640e+03 2.73630e+03
1.09100e+03 2.73630e+03
1.06560e+03 2.73630e+03
1.04020e+03 2.73630e+03
1.01480e+03 2.73630e+03
9.89400e+02 2.73630e+03
9.64000e+02 2.73630e+03
9.38600e+02 2.73630e+03
9.13200e+02 2.73630e+03
8.87800e+02 2.73630e+03
8.62400e+02 2.73630e+03
8.37000e+02 2.73630e+03
9.64000e+02 2.88870e+03
1.04020e+03 2.88870e+03
1.14180e+03 2.88870e+03
1.21800e+03 2.88870e+03
1.21800e+03 2.91410e+03
1.14180e+03 2.91410e+03
1.04020e+03 2.91410e+03
9.64000e+02 2.91410e+03
9.13200e+02 2.91410e+03
9.64000e+02 2.93950e+03
1.04020e+03 2.93950e+03
1.14180e+03 2.93950e+03
1.21800e+03 2.93950e+03
1.21800e+03 2.96490e+03
1.14180e+03 2.96490e+03
1.04020e+03 2.96490e+03
9.64000e+02 2.96490e+03
9.13200e+02 2.96490e+03
9.64000e+02 2.99030e+03
1.04020e+03 2.99030e+03
1.14180e+03 2.99030e+03
1.21800e+03 2.99030e+03
1.21800e+03 3.01570e+03
1.14180e+03 3.01570e+03
1.04020e+03 3.01570e+03
9.64000e+02 3.01570e+03
9.64000e+02 3.04110e+03
1.04020e+03 3.04110e+03
1.14180e+03 3.04110e+03
1.21800e+03 3.04110e+03
1.21800e+03 3.06650e+03
1.14180e+03 3.06650e+03
1.04020e+03 3.06650e+03
9.64000e+02 3.06650e+03
1.29870e+03 8.74500e+02
1.32370e+03 8.74500e+02
1.34870e+03 8.74500e+02
1.37370e+03 8.74500e+02
1.39870e+03 8.74500e+02
1.42370e+03 8.74500e+02
1.44870e+03 8.74500e+02
1.47370e+03 8.74500e+02
1.49870e+03 8.74500e+02
1.52370e+03 8.74500e+02
1.54870e+03 8.74500e+02
1.57370e+03 8.74500e+02
1.59870e+03 8.74500e+02
1.62370e+03 8.74500e+02
1.64870e+03 8.74500e+02
1.67370e+03 8.74500e+02
1.69870e+03 8.74500e+02
1.72370e+03 8.74500e+02
1.74870e+03 8.74500e+02
1.77370e+03 8.74500e+02
1.79870e+03 8.74500e+02
1.82370e+03 8.74500e+02
1.84870e+03 8.74500e+02
1.87370e+03 8.74500e+02
1.89870e+03 8.74500e+02
1.92370e+03 8.74500e+02
1.94870e+03 8.74500e+02
1.97370e+03 8.74500e+02
1.99870e+03 8.74500e+02
2.02370e+03 8.74500e+02
2.04870e+03 8.74500e+02
2.07370e+03 8.74500e+02
2.09870e+03 8.74500e+02
2.12370e+03 8.74500e+02
2.14870e+03 8.74500e+02
2.17370e+03 8.74500e+02
2.19870e+03 8.74500e+02
2.24870e+03 8.74500e+02
1.29870e+03 8.99500e+02
1.34870e+03 8.99500e+02
1.39870e+03 8.99500e+02
1.44870e+03 8.99500e+02
1.49870e+03 8.99500e+02
1.54870e+03 8.99500e+02
1.59870e+03 8.99500e+02
1.64870e+03 8.99500e+02
1.69870e+03 8.99500e+02
1.74870e+03 8.99500e+02
1.79870e+03 8.99500e+02
1.84870e+03 8.99500e+02
1.89870e+03 8.99500e+02
1.94870e+03 8.99500e+02
1.99870e+03 8.99500e+02
2.04870e+03 8.99500e+02
2.09870e+03 8.99500e+02
2.14870e+03 8.99500e+02
2.19870e+03 8.99500e+02
2.24870e+03 8.99500e+02
2.29870e+03 8.99500e+02
2.34870e+03 8.99500e+02
2.39870e+03 8.99500e+02
2.44870e+03 8.99500e+02
2.49870e+03 8.99500e+02
2.54870e+03 8.99500e+02
2.59870e+03 8.99500e+02
2.64870e+03 8.99500e+02
2.69870e+03 8.99500e+02
2.74870e+03 8.99500e+02
2.79870e+03 8.99500e+02
2.84870e+03 8.99500e+02
2.89870e+03 8.99500e+02
2.94870e+03 8.99500e+02
2.99870e+03 8.99500e+02
3.04870e+03 8.99500e+02
3.09870e+03 8.99500e+02
3.14870e+03 8.99500e+02
3.19870e+03 8.99500e+02
3.24870e+03 8.99500e+02
3.29870e+03 8.99500e+02
3.34870e+03 8.99500e+02
3.39870e+03 8.99500e+02
3.44870e+03 8.99500e+02
3.42370e+03 9.24500e+02
3.37370e+03 9.24500e+02
3.32370e+03 9.24500e+02
3.27370e+03 9.24500e+02
3.22370e+03 9.24500e+02
3.17370e+03 9.24500e+02
3.12370e+03 9.24500e+02
3.07370e+03 9.24500e+02
3.02370e+03 9.24500e+02
2.97370e+03 9.24500e+02
2.92370e+03 9.24500e+02
2.87370e+03 9.24500e+02
2.82370e+03 9.24500e+02
2.77370e+03 9.24500e+02
2.72370e+03 9.24500e+02
2.67370e+03 9.24500e+02
2.62370e+03 9.24500e+02
2.57370e+03 9.24500e+02
2.44870e+03 9.24500e+02
2.39870e+03 9.24500e+02
2.34870e+03 9.24500e+02
2.29870e+03 9.24500e+02
2.17370e+03 9.24500e+02
2.12370e+03 9.24500e+02
2.07370e+03 9.24500e+02
2.02370e+03 9.24500e+02
1.97370e+03 9.24500e+02
1.92370e+03 9.24500e+02
1.87370e+03 9.24500e+02
1.82370e+03 9.24500e+02
1.77370e+03 9.24500e+02
1.72370e+03 9.24500e+02
1.67370e+03 9.24500e+02
1.62370e+03 9.24500e+02
1.57370e+03 9.24500e+02
1.52370e+03 9.24500e+02
1.47370e+03 9.24500e+02
1.42370e+03 9.24500e+02
1.37370e+03 9.24500e+02
1.32370e+03 9.24500e+02
2.29870e+03 9.49500e+02
2.34870e+03 9.49500e+02
2.39870e+03 9.49500e+02
2.44870e+03 9.49500e+02
2.67850e+03 9.96400e+02
2.20220e+03 9.96400e+02
1.52280e+03 1.08530e+03
1.39580e+03 1.11070e+03
1.47200e+03 1.11070e+03
1.57360e+03 1.11070e+03
1.64980e+03 1.11070e+03
2.10700e+03 1.11070e+03
2.18320e+03 1.11070e+03
2.28480e+03 1.11070e+03
2.36100e+03 1.11070e+03
2.36100e+03 1.13610e+03
2.28480e+03 1.13610e+03
2.18320e+03 1.13610e+03
2.10700e+03 1.13610e+03
2.00540e+03 1.13610e+03
1.92920e+03 1.13610e+03
1.82760e+03 1.13610e+03
1.75140e+03 1.13610e+03
1.64980e+03 1.13610e+03
1.57360e+03 1.13610e+03
1.52280e+03 1.13610e+03
1.47200e+03 1.13610e+03
1.39580e+03 1.13610e+03
1.39580e+03 1.16150e+03
1.47200e+03 1.16150e+03
1.57360e+03 1.16150e+03
1.64980e+03 1.16150e+03
1.75140e+03 1.16150e+03
1.82760e+03 1.16150e+03
1.92920e+03 1.16150e+03
2.00540e+03 1.16150e+03
2.10700e+03 1.16150e+03
2.18320e+03 1.16150e+03
2.28480e+03 1.16150e+03
2.36100e+03 1.16150e+03
2.86900e+03 1.18690e+03
2.81820e+03 1.18690e+03
2.76740e+03 1.18690e+03
2.71660e+03 1.18690e+03
2.36100e+03 1.18690e+03
2.28480e+03 1.18690e+03
2.18320e+03 1.18690e+03
2.10700e+03 1.18690e+03
2.00540e+03 1.18690e+03
1.92920e+03 1.18690e+03
1.82760e+03 1.18690e+03
1.75140e+03 1.18690e+03
1.64980e+03 1.18690e+03
1.57360e+03 1.18690e+03
1.47200e+03 1.18690e+03
1.39580e+03 1.18690e+03
1.39580e+03 1.21230e+03
1.47200e+03 1.21230e+03
1.57360e+03 1.21230e+03
1.64980e+03 1.21230e+03
1.75140e+03 1.21230e+03
1.82760e+03 1.21230e+03
1.92920e+03 1.21230e+03
2.00540e+03 1.21230e+03
2.10700e+03 1.21230e+03
2.18320e+03 1.21230e+03
2.28480e+03 1.21230e+03
2.36100e+03 1.21230e+03
2.36100e+03 1.23770e+03
2.28480e+03 1.23770e+03
2.18320e+03 1.23770e+03
2.10700e+03 1.23770e+03
2.00540e+03 1.23770e+03
1.92920e+03 1.23770e+03
1.82760e+03 1.23770e+03
1.75140e+03 1.23770e+03
1.64980e+03 1.23770e+03
1.57360e+03 1.23770e+03
1.47200e+03 1.23770e+03
1.39580e+03 1.23770e+03
1.39580e+03 1.26310e+03
1.47200e+03 1.26310e+03
1.57360e+03 1.26310e+03
1.64980e+03 1.26310e+03
1.75140e+03 1.26310e+03
1.82760e+03 1.26310e+03
1.92920e+03 1.26310e+03
2.00540e+03 1.26310e+03
2.10700e+03 1.26310e+03
2.18320e+03 1.26310e+03
2.28480e+03 1.26310e+03
2.36100e+03 1.26310e+03
2.43720e+03 1.26310e+03
2.51340e+03 1.26310e+03
2.36100e+03 1.28850e+03
2.28480e+03 1.28850e+03
2.18320e+03 1.28850e+03
2.10700e+03 1.28850e+03
2.00540e+03 1.28850e+03
1.92920e+03 1.28850e+03
1.82760e+03 1.28850e+03
1.75140e+03 1.28850e+03
1.64980e+03 1.28850e+03
1.57360e+03 1.28850e+03
1.47200e+03 1.28850e+03
1.39580e+03 1.28850e+03
2.43720e+03 1.31390e+03
2.51340e+03 1.31390e+03
2.74200e+03 1.31390e+03
2.76740e+03 1.31390e+03
2.84360e+03 1.31390e+03
2.86900e+03 1.31390e+03
2.86900e+03 1.36470e+03
2.81820e+03 1.36470e+03
2.76740e+03 1.36470e+03
2.71660e+03 1.36470e+03
1.85300e+03 1.36470e+03
1.75140e+03 1.36470e+03
1.85300e+03 1.39010e+03
1.75140e+03 1.39010e+03
1.64980e+03 1.39010e+03
1.57360e+03 1.39010e+03
1.47200e+03 1.39010e+03
1.39580e+03 1.39010e+03
1.39580e+03 1.41550e+03
1.47200e+03 1.41550e+03
1.57360e+03 1.41550e+03
1.64980e+03 1.41550e+03
1.75140e+03 1.41550e+03
1.85300e+03 1.41550e+03
1.92920e+03 1.41550e+03
2.00540e+03 1.41550e+03
2.10700e+03 1.41550e+03
2.18320e+03 1.41550e+03
2.28480e+03 1.41550e+03
2.36100e+03 1.41550e+03
2.46260e+03 1.41550e+03
2.53880e+03 1.41550e+03
2.53880e+03 1.44090e+03
2.46260e+03 1.44090e+03
2.36100e+03 1.44090e+03
2.28480e+03 1.44090e+03
2.18320e+03 1.44090e+03
2.10700e+03 1.44090e+03
2.00540e+03 1.44090e+03
1.92920e+03 1.44090e+03
1.85300e+03 1.44090e+03
1.75140e+03 1.44090e+03
1.64980e+03 1.44090e+03
1.57360e+03 1.44090e+03
1.47200e+03 1.44090e+03
1.39580e+03 1.44090e+03
1.39580e+03 1.46630e+03
1.47200e+03 1.46630e+03
1.57360e+03 1.46630e+03
1.64980e+03 1.46630e+03
1.75140e+03 1.46630e+03
1.85300e+03 1.46630e+03
1.92920e+03 1.46630e+03
2.00540e+03 1.46630e+03
2.10700e+03 1.46630e+03
2.18320e+03 1.46630e+03
2.28480e+03 1.46630e+03
2.36100e+03 1.46630e+03
2.46260e+03 1.46630e+03
2.53880e+03 1.46630e+03
2.86900e+03 1.49170e+03
2.84360e+03 1.49170e+03
2.76740e+03 1.49170e+03
2.74200e+03 1.49170e+03
2.53880e+03 1.49170e+03
2.46260e+03 1.49170e+03
2.36100e+03 1.49170e+03
2.28480e+03 1.49170e+03
2.18320e+03 1.49170e+03
2.10700e+03 1.49170e+03
2.00540e+03 1.49170e+03
1.92920e+03 1.49170e+03
1.85300e+03 1.49170e+03
1.75140e+03 1.49170e+03
1.64980e+03 1.49170e+03
1.57360e+03 1.49170e+03
1.47200e+03 1.49170e+03
1.39580e+03 1.49170e+03
1.39580e+03 1.51710e+03
1.47200e+03 1.51710e+03
1.57360e+03 1.51710e+03
1.64980e+03 1.51710e+03
1.92920e+03 1.51710e+03
2.00540e+03 1.51710e+03
2.10700e+03 1.51710e+03
2.18320e+03 1.51710e+03
2.28480e+03 1.51710e+03
2.36100e+03 1.51710e+03
2.46260e+03 1.51710e+03
2.53880e+03 1.51710e+03
2.53880e+03 1.54250e+03
2.46260e+03 1.54250e+03
2.36100e+03 1.54250e+03
2.28480e+03 1.54250e+03
2.18320e+03 1.54250e+03
2.10700e+03 1.54250e+03
2.00540e+03 1.54250e+03
1.92920e+03 1.54250e+03
1.64980e+03 1.54250e+03
1.57360e+03 1.54250e+03
1.47200e+03 1.54250e+03
1.39580e+03 1.54250e+03
1.39580e+03 1.56790e+03
1.47200e+03 1.56790e+03
1.57360e+03 1.56790e+03
1.64980e+03 1.56790e+03
1.92920e+03 1.56790e+03
2.00540e+03 1.56790e+03
2.10700e+03 1.56790e+03
2.18320e+03 1.56790e+03
2.28480e+03 1.56790e+03
2.36100e+03 1.56790e+03
2.46260e+03 1.56790e+03
2.53880e+03 1.56790e+03
2.53880e+03 1.69490e+03
2.46260e+03 1.69490e+03
2.18320e+03 1.69490e+03
2.10700e+03 1.69490e+03
1.64980e+03 1.69490e+03
1.57360e+03 1.69490e+03
1.47200e+03 1.69490e+03
1.39580e+03 1.69490e+03
1.39580e+03 1.72030e+03
1.47200e+03 1.72030e+03
1.57360e+03 1.72030e+03
1.64980e+03 1.72030e+03
1.92920e+03 1.72030e+03
2.00540e+03 1.72030e+03
2.10700e+03 1.72030e+03
2.18320e+03 1.72030e+03
2.28480e+03 1.72030e+03
2.36100e+03 1.72030e+03
2.46260e+03 1.72030e+03
2.53880e+03 1.72030e+03
2.64040e+03 1.72030e+03
2.71660e+03 1.72030e+03
3.96120e+03 1.74570e+03
3.88500e+03 1.74570e+03
3.83420e+03 1.74570e+03
3.75800e+03 1.74570e+03
3.70720e+03 1.74570e+03
3.63100e+03 1.74570e+03
3.58020e+03 1.74570e+03
3.50400e+03 1.74570e+03
3.45320e+03 1.74570e+03
3.37700e+03 1.74570e+03
3.32620e+03 1.74570e+03
3.25000e+03 1.74570e+03
3.19920e+03 1.74570e+03
3.12300e+03 1.74570e+03
3.07220e+03 1.74570e+03
2.99600e+03 1.74570e+03
2.89440e+03 1.74570e+03
2.71660e+03 1.74570e+03
2.64040e+03 1.74570e+03
2.53880e+03 1.74570e+03
2.46260e+03 1.74570e+03
