657
2.43720e+03 2.58390e+03
2.60860e+03 2.58390e+03
2.86260e+03 2.59030e+03
2.97060e+03 2.59030e+03
2.53880e+03 2.60930e+03
2.20860e+03 2.60930e+03
1.44660e+03 2.60930e+03
1.22430e+03 2.62200e+03
2.76100e+03 2.62840e+03
3.12300e+03 2.63470e+03
2.58960e+03 2.63470e+03
2.38000e+03 2.63470e+03
1.30690e+03 2.63470e+03
1.16720e+03 2.64110e+03
1.59260e+03 2.64740e+03
2.81180e+03 2.64740e+03
2.60860e+03 2.66010e+03
1.19260e+03 2.66010e+03
1.37040e+03 2.67280e+03
1.14180e+03 2.68550e+03
1.63070e+03 2.68550e+03
1.70060e+03 2.68550e+03
1.92280e+03 2.68550e+03
2.17680e+03 2.68550e+03
2.48160e+03 2.68550e+03
2.62770e+03 2.68550e+03
2.83090e+03 2.68550e+03
2.93880e+03 2.68550e+03
3.09760e+03 2.68550e+03
2.20220e+03 2.69820e+03
2.10700e+03 2.69820e+03
2.43720e+03 2.70460e+03
2.90070e+03 2.70460e+03
1.21160e+03 2.71090e+03
2.57690e+03 2.71730e+03
2.46260e+03 2.73630e+03
1.63070e+03 2.73630e+03
1.98000e+03 2.74900e+03
2.38000e+03 2.74900e+03
2.60860e+03 2.76170e+03
2.32290e+03 2.76170e+03
1.92280e+03 2.76170e+03
1.58630e+03 2.76170e+03
1.02750e+03 2.76810e+03
1.26880e+03 2.77440e+03
2.10700e+03 2.78710e+03
2.33560e+03 2.78710e+03
2.76100e+03 2.78710e+03
2.32290e+03 2.79980e+03
1.96090e+03 2.79980e+03
2.17680e+03 2.81250e+03
2.34830e+03 2.81250e+03
2.77370e+03 2.81250e+03
2.84990e+03 2.81890e+03
2.58960e+03 2.82520e+03
2.81180e+03 2.83790e+03
2.38000e+03 2.83790e+03
2.23400e+03 2.83790e+03
1.97360e+03 2.83790e+03
1.82760e+03 2.83790e+03
1.61170e+03 2.83790e+03
1.44660e+03 2.83790e+03
1.11000e+03 2.83790e+03
1.28150e+03 2.85060e+03
2.50700e+03 2.85700e+03
2.91980e+03 2.86330e+03
2.31020e+03 2.86330e+03
2.22130e+03 2.86330e+03
2.19590e+03 2.86330e+03
1.57990e+03 2.86330e+03
1.35770e+03 2.87600e+03
9.83000e+02 2.87600e+03
1.44020e+03 2.88870e+03
2.06250e+03 2.88870e+03
2.23400e+03 2.88870e+03
2.32290e+03 2.88870e+03
1.44660e+03 2.91410e+03
2.08160e+03 2.91410e+03
2.24670e+03 2.91410e+03
2.33560e+03 2.91410e+03
3.23090e+03 2.91410e+03
1.17350e+03 2.92050e+03
2.17680e+03 2.92680e+03
2.58960e+03 2.92680e+03
2.34830e+03 2.93950e+03
2.25940e+03 2.93950e+03
2.10700e+03 2.93950e+03
1.44660e+03 2.93950e+03
1.11000e+03 2.93950e+03
2.57050e+03 2.95220e+03
2.78640e+03 2.95860e+03
2.19590e+03 2.96490e+03
1.17990e+03 2.99030e+03
1.44660e+03 2.99030e+03
1.57990e+03 2.99030e+03
2.08160e+03 2.99030e+03
2.17680e+03 2.99030e+03
2.24670e+03 2.99030e+03
3.17380e+03 2.99030e+03
3.27540e+03 2.99030e+03
2.66580e+03 3.00300e+03
2.48800e+03 3.00300e+03
1.74500e+03 3.00300e+03
2.11970e+03 3.00940e+03
2.01810e+03 3.01570e+03
2.36100e+03 3.02210e+03
2.46260e+03 3.02210e+03
1.76410e+03 3.02840e+03
1.61800e+03 3.03480e+03
1.21800e+03 3.04110e+03
1.11640e+03 3.05380e+03
1.39580e+03 3.09190e+03
1.73870e+03 1.08530e+03
1.77680e+03 1.05360e+03
1.87840e+03 1.04090e+03
1.76410e+03 1.02820e+03
1.63070e+03 1.02180e+03
1.66880e+03 1.01550e+03
1.78950e+03 9.96400e+02
1.75140e+03 9.71000e+02
2.00540e+03 9.71000e+02
1.95460e+03 1.00280e+03
2.02440e+03 1.00280e+03
2.10060e+03 1.00280e+03
2.05620e+03 1.00910e+03
2.00540e+03 1.02180e+03
2.09430e+03 1.04090e+03
2.20220e+03 1.04090e+03
2.29750e+03 1.04090e+03
2.31020e+03 1.06630e+03
2.00540e+03 1.07900e+03
2.25940e+03 1.08530e+03
2.20860e+03 1.10440e+03
2.13240e+03 1.11070e+03
1.92920e+03 1.11070e+03
1.91010e+03 1.12340e+03
1.98000e+03 1.12340e+03
2.13240e+03 1.14880e+03
1.96730e+03 1.15520e+03
2.20220e+03 1.17420e+03
1.98000e+03 1.18060e+03
1.87840e+03 1.20600e+03
2.14510e+03 1.26310e+03
2.31020e+03 1.32030e+03
2.40540e+03 1.33930e+03
2.27840e+03 1.00910e+03
2.57690e+03 1.02820e+03
2.43720e+03 1.05990e+03
2.50070e+03 1.15520e+03
2.55780e+03 1.15520e+03
2.55780e+03 1.21230e+03
2.49430e+03 1.23770e+03
2.53880e+03 1.36470e+03
2.57050e+03 1.36470e+03
2.41180e+03 1.37110e+03
2.33560e+03 1.39010e+03
2.61500e+03 1.39010e+03
2.51970e+03 1.39650e+03
2.48800e+03 1.41550e+03
2.56420e+03 1.41550e+03
2.58320e+03 1.42820e+03
2.64040e+03 1.43460e+03
2.51340e+03 1.44090e+03
2.41180e+03 1.45360e+03
2.65310e+03 1.47900e+03
2.58320e+03 1.49170e+03
2.42450e+03 1.49170e+03
2.69120e+03 1.50440e+03
2.49430e+03 1.51710e+03
2.42450e+03 1.51710e+03
2.51340e+03 1.54250e+03
2.64040e+03 1.55520e+03
2.72930e+03 1.56790e+03
2.70390e+03 1.58060e+03
2.65940e+03 1.58060e+03
2.69120e+03 1.59970e+03
2.61500e+03 1.61870e+03
2.47530e+03 1.61870e+03
2.53880e+03 1.64410e+03
2.71660e+03 1.64410e+03
2.81820e+03 1.66950e+03
2.86900e+03 1.66950e+03
2.86900e+03 1.76480e+03
2.97060e+03 1.76480e+03
2.84360e+03 1.40920e+03
2.83720e+03 1.39010e+03
2.67210e+03 1.31390e+03
2.67210e+03 1.27580e+03
2.81820e+03 1.27580e+03
2.79910e+03 1.25040e+03
2.78640e+03 1.23770e+03
2.67210e+03 1.11070e+03
2.65940e+03 1.05990e+03
2.72290e+03 1.04090e+03
2.90070e+03 1.04090e+03
2.99600e+03 1.04090e+03
2.91340e+03 1.00910e+03
2.84360e+03 1.00910e+03
2.79280e+03 1.00910e+03
2.74200e+03 9.71000e+02
2.90070e+03 1.54250e+03
3.04680e+03 1.00910e+03
2.97060e+03 1.00280e+03
3.09760e+03 1.00280e+03
3.14840e+03 1.00280e+03
2.99600e+03 9.71000e+02
3.25000e+03 9.71000e+02
3.21190e+03 9.96400e+02
3.31980e+03 1.00280e+03
3.28810e+03 1.04090e+03
3.23730e+03 1.09800e+03
3.23090e+03 1.12340e+03
3.24360e+03 1.13610e+03
3.26270e+03 1.14880e+03
3.25630e+03 1.30120e+03
3.25630e+03 1.45360e+03
3.41510e+03 1.39010e+03
3.45320e+03 1.42190e+03
3.44050e+03 1.44090e+03
3.38330e+03 1.46630e+03
3.37060e+03 1.47900e+03
3.26900e+03 1.48540e+03
3.26900e+03 1.50440e+03
3.19920e+03 1.51080e+03
3.52300e+03 1.51080e+03
3.35160e+03 1.54250e+03
3.30080e+03 1.54890e+03
3.27540e+03 1.56790e+03
3.12300e+03 1.58700e+03
3.24360e+03 1.59330e+03
3.35160e+03 1.59330e+03
3.02140e+03 1.61870e+03
3.44680e+03 1.65680e+03
3.58650e+03 1.65680e+03
3.61190e+03 1.65680e+03
3.39600e+03 1.66320e+03
3.49130e+03 1.69490e+03
3.39600e+03 1.69490e+03
3.26900e+03 1.69490e+03
3.12300e+03 1.79650e+03
3.63100e+03 1.79650e+03
3.63100e+03 1.84730e+03
3.22460e+03 1.85370e+03
3.61190e+03 1.89810e+03
3.70720e+03 1.92350e+03
3.54840e+03 2.03780e+03
3.39600e+03 2.05050e+03
3.80880e+03 2.10130e+03
3.63730e+03 2.12670e+03
3.58020e+03 2.12670e+03
3.41510e+03 2.15210e+03
3.80880e+03 2.15210e+03
3.02770e+03 2.15850e+03
3.28170e+03 2.20290e+03
3.41510e+03 2.22830e+03
3.58020e+03 2.22830e+03
3.63100e+03 2.22830e+03
3.70720e+03 2.22830e+03
3.26900e+03 2.24100e+03
3.77700e+03 2.27910e+03
3.71990e+03 2.31090e+03
3.26900e+03 2.36170e+03
3.82780e+03 2.38070e+03
3.49130e+03 2.40610e+03
3.09760e+03 2.42520e+03
3.91670e+03 2.43790e+03
3.63100e+03 2.45060e+03
3.37700e+03 2.45060e+03
3.49130e+03 2.45690e+03
3.55480e+03 2.46960e+03
3.23090e+03 2.47600e+03
3.80880e+03 2.48230e+03
3.24360e+03 2.48870e+03
3.32620e+03 2.50770e+03
3.58020e+03 2.53310e+03
3.80880e+03 2.53310e+03
3.80880e+03 2.55850e+03
3.30710e+03 2.55850e+03
3.29440e+03 2.57120e+03
3.25630e+03 2.58390e+03
3.41510e+03 2.58390e+03
3.80880e+03 2.58390e+03
3.28170e+03 2.59660e+03
3.63100e+03 2.64740e+03
3.55480e+03 2.73630e+03
3.37700e+03 2.78080e+03
3.77700e+03 2.78080e+03
3.30710e+03 2.82520e+03
3.29440e+03 2.85060e+03
3.28170e+03 2.86330e+03
3.26900e+03 2.87600e+03
3.50400e+03 2.87600e+03
3.25630e+03 2.88870e+03
3.77700e+03 2.89510e+03
3.24360e+03 2.90140e+03
3.73260e+03 2.97130e+03
3.40240e+03 2.99030e+03
3.45320e+03 3.04110e+03
3.77700e+03 1.87270e+03
3.80240e+03 1.68220e+03
3.59290e+03 1.49810e+03
3.64370e+03 1.33300e+03
3.65640e+03 1.32030e+03
3.56750e+03 1.25680e+03
3.54840e+03 1.24410e+03
3.52940e+03 1.21870e+03
3.55480e+03 1.18060e+03
3.52940e+03 1.16790e+03
3.63100e+03 1.14880e+03
3.61830e+03 1.13610e+03
3.59920e+03 1.12340e+03
3.58650e+03 1.11070e+03
3.61830e+03 1.09170e+03
3.63100e+03 1.07900e+03
3.65640e+03 1.01550e+03
3.83420e+03 9.83700e+02
3.85960e+03 9.83700e+02
3.94850e+03 9.96400e+02
3.96750e+03 9.71000e+02
3.92940e+03 1.30120e+03
4.00560e+03 1.39010e+03
3.85960e+03 1.42820e+03
3.81510e+03 1.46000e+03
3.78340e+03 1.48540e+03
3.96750e+03 1.54250e+03
3.96750e+03 1.71400e+03
3.88500e+03 1.79650e+03
3.88500e+03 1.84730e+03
3.94210e+03 2.03780e+03
0.00000e+00 0.00000e+00
8.75100e+02 9.83700e+02
8.87800e+02 1.04090e+03
8.75100e+02 1.13610e+03
8.87800e+02 1.27580e+03
8.87800e+02 1.49810e+03
9.64000e+02 1.50440e+03
1.11640e+03 1.21230e+03
1.01480e+03 1.14880e+03
1.05290e+03 1.13610e+03
1.01480e+03 1.05990e+03
1.11640e+03 1.05990e+03
1.16720e+03 1.01550e+03
1.49740e+03 1.04090e+03
1.34500e+03 1.03450e+03
1.37040e+03 1.05360e+03
1.43390e+03 1.05990e+03
1.46560e+03 1.05990e+03
1.54820e+03 1.05990e+03
1.58630e+03 1.05990e+03
1.43390e+03 1.09800e+03
1.30690e+03 1.11070e+03
1.62440e+03 1.11070e+03
1.71330e+03 1.11070e+03
1.24970e+03 1.11710e+03
1.75140e+03 1.13610e+03
1.72600e+03 1.16150e+03
1.70060e+03 1.17420e+03
1.42750e+03 1.17420e+03
1.62440e+03 1.18690e+03
1.70690e+03 1.21230e+03
1.79580e+03 1.22500e+03
1.22430e+03 1.22500e+03
1.21160e+03 1.23770e+03
1.87840e+03 1.23770e+03
1.22430e+03 1.25040e+03
1.21160e+03 1.26310e+03
1.85300e+03 1.26310e+03
1.89110e+03 1.27580e+03
1.22430e+03 1.27580e+03
1.50370e+03 1.28850e+03
1.21800e+03 1.29490e+03
1.87840e+03 1.30120e+03
1.95460e+03 1.30120e+03
1.32590e+03 1.30760e+03
1.30690e+03 1.32030e+03
1.86570e+03 1.32030e+03
2.03080e+03 1.33300e+03
1.61170e+03 1.33300e+03
1.38310e+03 1.33300e+03
1.43390e+03 1.33930e+03
2.09430e+03 1.33930e+03
1.59900e+03 1.35200e+03
1.11000e+03 1.36470e+03
1.40210e+03 1.36470e+03
1.67520e+03 1.36470e+03
2.18950e+03 1.36470e+03
1.58630e+03 1.37110e+03
1.89110e+03 1.37740e+03
1.61800e+03 1.38380e+03
1.10370e+03 1.39010e+03
1.99270e+03 1.39010e+03
2.13240e+03 1.39010e+03
1.26880e+03 1.40280e+03
1.09100e+03 1.41550e+03
1.51010e+03 1.41550e+03
1.97360e+03 1.41550e+03
2.23400e+03 1.42820e+03
1.24340e+03 1.42820e+03
1.61800e+03 1.44090e+03
1.87840e+03 1.46630e+03
1.98000e+03 1.47270e+03
1.53550e+03 1.47900e+03
1.24970e+03 1.47900e+03
1.29420e+03 1.49170e+03
2.06890e+03 1.49170e+03
2.23400e+03 1.50440e+03
1.25610e+03 1.50440e+03
1.01480e+03 1.51710e+03
1.11640e+03 1.51710e+03
1.98000e+03 1.51710e+03
2.06890e+03 1.51710e+03
2.18320e+03 1.51710e+03
2.24670e+03 1.51710e+03
1.26880e+03 1.52350e+03
1.51640e+03 1.54250e+03
1.73870e+03 1.54250e+03
2.32920e+03 1.54250e+03
2.31650e+03 1.55520e+03
2.24670e+03 1.55520e+03
1.85930e+03 1.55520e+03
1.36400e+03 1.55520e+03
1.71330e+03 1.56160e+03
1.31320e+03 1.56790e+03
2.23400e+03 1.56790e+03
2.33560e+03 1.56790e+03
2.16410e+03 1.58060e+03
1.35130e+03 1.58060e+03
1.33860e+03 1.59330e+03
1.70690e+03 1.59330e+03
2.12600e+03 1.59970e+03
1.20530e+03 1.61240e+03
1.40850e+03 1.61870e+03
1.57360e+03 1.61870e+03
1.84660e+03 1.61870e+03
1.92920e+03 1.61870e+03
2.04980e+03 1.61870e+03
2.10700e+03 1.61870e+03
2.28480e+03 1.61870e+03
2.36730e+03 1.64410e+03
2.18320e+03 1.64410e+03
2.11330e+03 1.64410e+03
2.01810e+03 1.64410e+03
1.64980e+03 1.64410e+03
1.47200e+03 1.64410e+03
1.31320e+03 1.64410e+03
1.15450e+03 1.66320e+03
9.51300e+02 1.66950e+03
1.50370e+03 1.66950e+03
1.59900e+03 1.66950e+03
1.73870e+03 1.66950e+03
1.92920e+03 1.66950e+03
2.03710e+03 1.66950e+03
2.23400e+03 1.66950e+03
2.46260e+03 1.66950e+03
2.56420e+03 1.66950e+03
2.64040e+03 1.66950e+03
2.43080e+03 1.67590e+03
1.12910e+03 1.67590e+03
1.09100e+03 1.68220e+03
1.14180e+03 1.68860e+03
1.00210e+03 1.69490e+03
1.26240e+03 1.69490e+03
2.74200e+03 1.69490e+03
2.29750e+03 1.70130e+03
2.57050e+03 1.70760e+03
2.71660e+03 1.72030e+03
1.16720e+03 1.72030e+03
1.01480e+03 1.72670e+03
1.69420e+03 1.73300e+03
1.26240e+03 1.73940e+03
8.75100e+02 1.73940e+03
1.11640e+03 1.74570e+03
2.07520e+03 1.74570e+03
2.40540e+03 1.74570e+03
2.43720e+03 1.74570e+03
2.25300e+03 1.75840e+03
1.75770e+03 1.77110e+03
1.68790e+03 1.77110e+03
1.82760e+03 1.78380e+03
2.03080e+03 1.78380e+03
2.15780e+03 1.79650e+03
2.58320e+03 1.79650e+03
2.08160e+03 1.80290e+03
1.81490e+03 1.80920e+03
1.21160e+03 1.81560e+03
1.01480e+03 1.82190e+03
1.50370e+03 1.82190e+03
2.03080e+03 1.82190e+03
2.81820e+03 1.82190e+03
2.69120e+03 1.83460e+03
1.69420e+03 1.83460e+03
1.12270e+03 1.83460e+03
9.89400e+02 1.84100e+03
1.10370e+03 1.84730e+03
1.42120e+03 1.84730e+03
2.03080e+03 1.84730e+03
2.13240e+03 1.84730e+03
1.24970e+03 1.85370e+03
1.62440e+03 1.86000e+03
1.68150e+03 1.86000e+03
1.62440e+03 1.87910e+03
1.23070e+03 1.89180e+03
2.91980e+03 1.89180e+03
2.71660e+03 1.89810e+03
2.47530e+03 1.89810e+03
2.26570e+03 1.89810e+03
1.86570e+03 1.89810e+03
1.24970e+03 1.89810e+03
1.90380e+03 1.90450e+03
1.30690e+03 1.91080e+03
1.32590e+03 1.91080e+03
2.84360e+03 1.91080e+03
2.93880e+03 1.91080e+03
1.89110e+03 1.91720e+03
1.24340e+03 1.92350e+03
1.29420e+03 1.92350e+03
1.37670e+03 1.92350e+03
2.34830e+03 1.92350e+03
2.78640e+03 1.92350e+03
1.14180e+03 1.93620e+03
1.28780e+03 1.94260e+03
2.31650e+03 1.94260e+03
2.67850e+03 1.94260e+03
2.97690e+03 1.94890e+03
1.27510e+03 1.95530e+03
1.14180e+03 1.96800e+03
1.27510e+03 1.97430e+03
1.29420e+03 1.98070e+03
1.30050e+03 1.99970e+03
2.99600e+03 1.99970e+03
3.09760e+03 1.99970e+03
3.11660e+03 2.01880e+03
2.76100e+03 2.02510e+03
1.51640e+03 2.02510e+03
2.80550e+03 2.03780e+03
1.20530e+03 2.06960e+03
2.00540e+03 2.07590e+03
1.92920e+03 2.08860e+03
1.28150e+03 2.09500e+03
1.00210e+03 2.09500e+03
2.57690e+03 2.10130e+03
2.84990e+03 2.10130e+03
2.95150e+03 2.10130e+03
1.94820e+03 2.10770e+03
1.66250e+03 2.11400e+03
2.82450e+03 2.11400e+03
1.31320e+03 2.12670e+03
1.24340e+03 2.13940e+03
1.97360e+03 2.13940e+03
1.15450e+03 2.15210e+03
1.78950e+03 2.15210e+03
2.80550e+03 2.15210e+03
2.22760e+03 2.16480e+03
2.10060e+03 2.16480e+03
1.57990e+03 2.16480e+03
2.08160e+03 2.17750e+03
1.92920e+03 2.19020e+03
2.15140e+03 2.19020e+03
3.09760e+03 2.19020e+03
1.14810e+03 2.19660e+03
9.89400e+02 2.20290e+03
1.73870e+03 2.20290e+03
2.46260e+03 2.20290e+03
1.25610e+03 2.20930e+03
1.01480e+03 2.20930e+03
1.57360e+03 2.22200e+03
9.13200e+02 2.22830e+03
1.11000e+03 2.22830e+03
1.16720e+03 2.22830e+03
1.35130e+03 2.22830e+03
1.74500e+03 2.22830e+03
2.07520e+03 2.22830e+03
2.17050e+03 2.22830e+03
2.50070e+03 2.22830e+03
2.82450e+03 2.22830e+03
3.14840e+03 2.22830e+03
1.84030e+03 2.24100e+03
1.58630e+03 2.24740e+03
2.36100e+03 2.24740e+03
2.09430e+03 2.25370e+03
1.84660e+03 2.26010e+03
1.94820e+03 2.26640e+03
1.20530e+03 2.27280e+03
1.64340e+03 2.27910e+03
2.17050e+03 2.27910e+03
2.56420e+03 2.27910e+03
3.14840e+03 2.27910e+03
3.00230e+03 2.30450e+03
2.17050e+03 2.30450e+03
1.80850e+03 2.30450e+03
1.23070e+03 2.31090e+03
1.11640e+03 2.31090e+03
1.28150e+03 2.31720e+03
1.30690e+03 2.32360e+03
2.88170e+03 2.32360e+03
3.05310e+03 2.32360e+03
2.60860e+03 2.32990e+03
1.91010e+03 2.32990e+03
9.00500e+02 2.32990e+03
2.00540e+03 2.33630e+03
1.23070e+03 2.34260e+03
2.40540e+03 2.34260e+03
2.97060e+03 2.34260e+03
2.48800e+03 2.35530e+03
1.59900e+03 2.35530e+03
1.98000e+03 2.36170e+03
2.36100e+03 2.36170e+03
2.78640e+03 2.36170e+03
3.14840e+03 2.38070e+03
3.00230e+03 2.38070e+03
2.81180e+03 2.38070e+03
2.64040e+03 2.38070e+03
2.50070e+03 2.38070e+03
2.17050e+03 2.38070e+03
2.72930e+03 2.39340e+03
2.51970e+03 2.39340e+03
1.58630e+03 2.39340e+03
1.44660e+03 2.39340e+03
1.07830e+03 2.39340e+03
1.16720e+03 2.40610e+03
2.34830e+03 2.40610e+03
1.59900e+03 2.43150e+03
1.42750e+03 2.43150e+03
1.69420e+03 2.44420e+03
2.84990e+03 2.44420e+03
2.93880e+03 2.44420e+03
3.00230e+03 2.45060e+03
1.15450e+03 2.45060e+03
1.42750e+03 2.45690e+03
1.98000e+03 2.45690e+03
2.81180e+03 2.45690e+03
2.87530e+03 2.46960e+03
1.41480e+03 2.46960e+03
2.15140e+03 2.49500e+03
2.17680e+03 2.50770e+03
3.05310e+03 2.50770e+03
1.22430e+03 2.51410e+03
1.54820e+03 2.53310e+03
1.59260e+03 2.53310e+03
1.98000e+03 2.53310e+03
2.10700e+03 2.53310e+03
2.18320e+03 2.53310e+03
2.46260e+03 2.53310e+03
2.54510e+03 2.53310e+03
2.56420e+03 2.53310e+03
2.67210e+03 2.53310e+03
1.24340e+03 2.54580e+03
2.18950e+03 2.55850e+03
2.83090e+03 2.55850e+03
1.92280e+03 2.56490e+03
1.62440e+03 2.56490e+03
1.19890e+03 2.56490e+03
1.33230e+03 2.57760e+03
1.39580e+03 2.58390e+03
1.67520e+03 2.58390e+03
1.90380e+03 2.58390e+03
2.13240e+03 2.58390e+03
