262
64 37
-70 -19
88 65
2 29
33 57
-70 6
-38 -56
-80 -95
-5 -39
8 -22
-61 -76
76 -22
49 -71
-30 -68
1 34
77 79
-58 64
82 -97
-80 55
81 -86
39 -49
-67 72
-25 -89
-44 -95
32 -68
-17 49
93 49
99 81
10 -49
63 -41
38 39
-28 39
-2 -47
38 8
-42 -6
-67 88
19 93
40 27
-61 56
43 33
-18 -39
-69 19
75 -18
31 85
25 58
-16 36
91 15
60 -39
49 -47
42 33
16 -81
-78 53
53 -80
-46 -26
-25 -54
69 -46
0 -78
-84 74
-16 16
-63 -14
51 -77
-39 61
5 97
-55 39
70 -14
0 95
-45 7
38 -24
50 -37
59 71
-73 -96
-29 72
-47 12
-88 -61
-88 36
-46 -3
26 -37
-39 -67
92 27
-80 -31
93 -50
-20 -5
-22 73
-4 -7
54 -48
-70 39
54 -82
29 41
-87 51
-96 -36
49 8
-5 54
-26 43
-11 60
40 61
82 35
-92 12
-93 -86
-66 63
-72 -87
-57 -84
23 52
-56 -62
-19 59
63 -14
-13 38
-19 87
44 -84
98 -17
-16 62
3 66
26 22
-38 -81
70 80
17 -35
96 -83
-77 80
-14 44
-33 33
33 -33
70 0
-50 60
-50 -60
75 0
0 75
-75 0
0 -75
40 80
40 -80
-60 20
-60 -20
-99 -97
-59 50
0 14
-17 -66
-69 -19
31 12
5 -41
-12 10
-64 70
-12 85
-18 64
-77 -16
-53 88
83 -24
24 41
17 21
42 96
-65 0
-47 -26
85 36
-35 -54
54 -21
64 -17
55 89
17 -25
-61 66
-61 26
17 -72
79 38
-62 -2
-90 -68
52 66
-54 -50
8 -84
37 -90
-83 49
35 -1
7 59
12 48
57 95
92 28
-3 97
-7 52
42 -15
77 -43
59 -49
25 91
69 -19
-82 -14
74 -70
69 59
29 33
-97 9
-58 9
28 93
7 73
-28 73
-76 55
41 42
92 40
-84 -29
-12 42
51 -45
-37 46
-97 35
14 89
60 58
-63 -75
-18 34
-46 -82
-86 -79
-43 -30
-44 7
-3 -20
36 41
-30 -94
79 -62
51 70
-61 -26
6 94
-19 -62
-20 51
-81 37
7 31
52 12
83 -91
-7 -92
82 -74
-70 85
-83 -30
71 -61
85 11
66 -48
78 -87
9 -79
-36 4
66 39
92 -17
-46 -79
-30 -63
-42 63
20 42
15 98
1 -17
64 20
-96 85
93 -29
-40 -84
86 35
91 36
62 -8
-24 4
11 96
-53 62
-28 -71
7 -4
95 -9
-3 17
53 -90
58 -19
-83 84
-1 49
-4 17
-82 -3
-43 47
6 -6
70 99
68 -29
-94 -30
-94 -20
-21 77
