3795
1.69374e+03 1.24498e+03
1.68192e+03 1.24498e+03
1.67009e+03 1.24498e+03
1.65827e+03 1.24498e+03
1.64644e+03 1.24498e+03
1.63462e+03 1.24498e+03
1.62280e+03 1.24498e+03
1.61097e+03 1.24498e+03
1.59915e+03 1.24498e+03
1.58733e+03 1.24498e+03
1.57550e+03 1.24498e+03
1.56368e+03 1.24498e+03
1.55185e+03 1.24498e+03
1.54003e+03 1.24498e+03
1.52821e+03 1.24498e+03
1.51638e+03 1.24498e+03
1.50456e+03 1.24498e+03
1.49274e+03 1.24498e+03
1.48091e+03 1.24498e+03
1.46909e+03 1.24498e+03
1.45727e+03 1.24498e+03
1.44544e+03 1.24498e+03
1.43362e+03 1.24498e+03
1.42180e+03 1.24498e+03
1.40997e+03 1.24498e+03
1.39815e+03 1.24498e+03
1.38632e+03 1.24498e+03
1.37450e+03 1.24498e+03
1.36268e+03 1.24498e+03
1.35085e+03 1.24498e+03
1.33903e+03 1.24498e+03
1.32720e+03 1.24498e+03
1.31538e+03 1.24498e+03
1.30356e+03 1.24498e+03
1.29173e+03 1.24498e+03
1.27991e+03 1.24498e+03
1.26809e+03 1.24498e+03
1.25626e+03 1.24498e+03
1.24444e+03 1.24498e+03
1.23853e+03 1.22726e+03
1.25035e+03 1.22726e+03
1.26218e+03 1.22726e+03
1.27400e+03 1.22726e+03
1.28582e+03 1.22726e+03
1.29765e+03 1.22726e+03
1.30947e+03 1.22726e+03
1.32129e+03 1.22726e+03
1.33312e+03 1.22726e+03
1.34494e+03 1.22726e+03
1.35677e+03 1.22726e+03
1.36859e+03 1.22726e+03
1.38041e+03 1.22726e+03
1.39224e+03 1.22726e+03
1.40406e+03 1.22726e+03
1.41588e+03 1.22726e+03
1.42771e+03 1.22726e+03
1.43953e+03 1.22726e+03
1.45135e+03 1.22726e+03
1.46318e+03 1.22726e+03
1.47500e+03 1.22726e+03
1.48682e+03 1.22726e+03
1.49865e+03 1.22726e+03
1.51047e+03 1.22726e+03
1.52230e+03 1.22726e+03
1.53412e+03 1.22726e+03
1.54594e+03 1.22726e+03
1.55777e+03 1.22726e+03
1.56959e+03 1.22726e+03
1.58141e+03 1.22726e+03
1.59324e+03 1.22726e+03
1.60506e+03 1.22726e+03
1.61689e+03 1.22726e+03
1.62871e+03 1.22726e+03
1.64053e+03 1.22726e+03
1.65236e+03 1.22726e+03
1.66418e+03 1.22726e+03
1.67600e+03 1.22726e+03
1.68783e+03 1.22726e+03
1.69965e+03 1.22726e+03
1.71147e+03 1.22726e+03
1.72330e+03 1.22726e+03
1.73512e+03 1.22726e+03
1.74695e+03 1.22726e+03
1.75877e+03 1.22726e+03
1.77059e+03 1.22726e+03
1.78242e+03 1.22726e+03
1.85927e+03 1.22136e+03
1.84745e+03 1.22136e+03
1.83562e+03 1.22136e+03
1.82380e+03 1.22136e+03
1.81198e+03 1.22136e+03
1.80015e+03 1.22136e+03
1.78833e+03 1.22136e+03
1.77651e+03 1.22136e+03
1.76468e+03 1.22136e+03
1.75286e+03 1.22136e+03
1.74103e+03 1.22136e+03
1.72921e+03 1.22136e+03
1.71739e+03 1.22136e+03
1.70556e+03 1.22136e+03
1.69374e+03 1.22136e+03
1.68192e+03 1.22136e+03
1.67009e+03 1.22136e+03
1.65827e+03 1.22136e+03
1.64644e+03 1.22136e+03
1.63462e+03 1.22136e+03
1.62280e+03 1.22136e+03
1.61097e+03 1.22136e+03
1.59915e+03 1.22136e+03
1.58733e+03 1.22136e+03
1.57550e+03 1.22136e+03
1.56368e+03 1.22136e+03
1.55185e+03 1.22136e+03
1.54003e+03 1.22136e+03
1.52821e+03 1.22136e+03
1.51638e+03 1.22136e+03
1.50456e+03 1.22136e+03
1.49274e+03 1.22136e+03
1.48091e+03 1.22136e+03
1.46909e+03 1.22136e+03
1.45727e+03 1.22136e+03
1.44544e+03 1.22136e+03
1.43362e+03 1.22136e+03
1.42180e+03 1.22136e+03
1.40997e+03 1.22136e+03
1.39815e+03 1.22136e+03
1.38632e+03 1.22136e+03
1.13211e+03 1.15640e+03
1.14394e+03 1.15640e+03
1.15576e+03 1.15640e+03
1.16759e+03 1.15640e+03
1.17941e+03 1.15640e+03
1.19123e+03 1.15640e+03
1.20306e+03 1.15640e+03
1.21488e+03 1.15640e+03
1.22670e+03 1.15640e+03
1.23853e+03 1.15640e+03
1.25035e+03 1.15640e+03
1.26218e+03 1.15640e+03
1.27400e+03 1.15640e+03
1.28582e+03 1.15640e+03
1.29765e+03 1.15640e+03
1.30947e+03 1.15640e+03
1.32129e+03 1.15640e+03
1.33312e+03 1.15640e+03
1.34494e+03 1.15640e+03
1.35677e+03 1.15640e+03
1.36859e+03 1.15640e+03
1.38041e+03 1.15640e+03
1.39224e+03 1.15640e+03
1.40406e+03 1.15640e+03
1.41588e+03 1.15640e+03
1.42771e+03 1.15640e+03
1.43953e+03 1.15640e+03
1.45135e+03 1.15640e+03
1.46318e+03 1.15640e+03
1.47500e+03 1.15640e+03
1.48682e+03 1.15640e+03
1.49865e+03 1.15640e+03
1.51047e+03 1.15640e+03
1.52230e+03 1.15640e+03
1.53412e+03 1.15640e+03
1.54594e+03 1.15640e+03
1.55777e+03 1.15640e+03
1.56959e+03 1.15640e+03
1.58141e+03 1.15640e+03
1.59324e+03 1.15640e+03
1.60506e+03 1.15640e+03
1.61689e+03 1.15640e+03
1.62871e+03 1.15640e+03
1.64053e+03 1.15640e+03
1.65236e+03 1.15640e+03
1.66418e+03 1.15640e+03
1.67600e+03 1.15640e+03
1.68783e+03 1.15640e+03
1.69965e+03 1.15640e+03
1.71147e+03 1.15640e+03
1.72330e+03 1.15640e+03
1.73512e+03 1.15640e+03
1.74695e+03 1.15640e+03
1.23262e+03 1.15050e+03
1.22079e+03 1.15050e+03
1.20897e+03 1.15050e+03
1.19715e+03 1.15050e+03
1.18532e+03 1.15050e+03
1.17350e+03 1.15050e+03
1.16167e+03 1.15050e+03
1.14985e+03 1.15050e+03
1.13803e+03 1.15050e+03
1.12620e+03 1.15050e+03
1.11438e+03 1.15050e+03
1.10256e+03 1.15050e+03
1.09073e+03 1.15050e+03
1.07891e+03 1.15050e+03
1.06708e+03 1.15050e+03
1.05526e+03 1.15050e+03
1.04344e+03 1.15050e+03
1.03161e+03 1.15050e+03
1.01979e+03 1.15050e+03
1.00797e+03 1.15050e+03
9.96143e+02 1.15050e+03
9.84319e+02 1.15050e+03
9.72496e+02 1.15050e+03
9.60672e+02 1.15050e+03
9.48848e+02 1.15050e+03
9.37025e+02 1.15050e+03
9.25201e+02 1.15050e+03
9.13377e+02 1.15050e+03
9.01554e+02 1.15050e+03
8.89730e+02 1.15050e+03
8.77906e+02 1.15050e+03
8.66083e+02 1.15050e+03
8.54259e+02 1.15050e+03
8.42435e+02 1.15050e+03
8.30612e+02 1.15050e+03
8.18788e+02 1.15050e+03
8.06964e+02 1.15050e+03
7.95141e+02 1.15050e+03
7.83317e+02 1.15050e+03
7.71494e+02 1.15050e+03
7.59670e+02 1.15050e+03
7.47846e+02 1.15050e+03
7.36022e+02 1.15050e+03
7.24199e+02 1.15050e+03
7.12375e+02 1.15050e+03
7.00551e+02 1.15050e+03
6.88728e+02 1.15050e+03
6.76904e+02 1.15050e+03
6.65081e+02 1.15050e+03
6.53257e+02 1.15050e+03
6.41433e+02 1.15050e+03
6.29609e+02 1.15050e+03
6.17786e+02 1.15050e+03
6.05962e+02 1.15050e+03
5.94138e+02 1.15050e+03
5.82315e+02 1.15050e+03
5.70491e+02 1.15050e+03
5.58668e+02 1.15050e+03
5.46844e+02 1.15050e+03
5.35020e+02 1.15050e+03
5.23196e+02 1.15050e+03
5.11373e+02 1.15050e+03
4.99549e+02 1.15050e+03
4.87725e+02 1.15050e+03
4.75902e+02 1.15050e+03
4.64078e+02 1.15050e+03
4.52255e+02 1.15050e+03
4.40431e+02 1.15050e+03
4.28607e+02 1.15050e+03
4.16784e+02 1.15050e+03
4.04960e+02 1.15050e+03
3.93136e+02 1.15050e+03
3.81313e+02 1.15050e+03
3.69489e+02 1.15050e+03
3.57665e+02 1.15050e+03
3.45842e+02 1.15050e+03
3.34018e+02 1.15050e+03
1.12029e+03 1.14459e+03
1.13211e+03 1.14459e+03
1.14394e+03 1.14459e+03
1.15576e+03 1.14459e+03
1.16759e+03 1.14459e+03
1.17941e+03 1.14459e+03
1.19123e+03 1.14459e+03
1.20306e+03 1.14459e+03
1.21488e+03 1.14459e+03
1.22670e+03 1.14459e+03
1.23853e+03 1.14459e+03
1.25035e+03 1.14459e+03
1.26218e+03 1.14459e+03
1.27400e+03 1.14459e+03
1.28582e+03 1.14459e+03
1.29765e+03 1.14459e+03
1.30947e+03 1.14459e+03
1.32129e+03 1.14459e+03
1.33312e+03 1.14459e+03
1.34494e+03 1.14459e+03
1.35677e+03 1.14459e+03
1.36859e+03 1.14459e+03
1.38041e+03 1.14459e+03
1.39224e+03 1.14459e+03
1.40406e+03 1.14459e+03
1.41588e+03 1.14459e+03
1.42771e+03 1.14459e+03
1.43953e+03 1.14459e+03
1.45135e+03 1.14459e+03
1.46318e+03 1.14459e+03
1.47500e+03 1.14459e+03
1.48682e+03 1.14459e+03
1.49865e+03 1.14459e+03
1.51047e+03 1.14459e+03
1.52230e+03 1.14459e+03
1.53412e+03 1.14459e+03
1.54594e+03 1.14459e+03
1.55777e+03 1.14459e+03
1.56959e+03 1.14459e+03
1.58141e+03 1.14459e+03
1.59324e+03 1.14459e+03
1.60506e+03 1.14459e+03
1.61689e+03 1.14459e+03
1.62871e+03 1.14459e+03
1.64053e+03 1.14459e+03
1.65236e+03 1.14459e+03
1.66418e+03 1.14459e+03
1.67600e+03 1.14459e+03
1.68783e+03 1.14459e+03
1.69965e+03 1.14459e+03
1.71147e+03 1.14459e+03
1.72330e+03 1.14459e+03
1.73512e+03 1.14459e+03
1.22670e+03 1.00287e+03
1.21488e+03 1.00287e+03
1.20306e+03 1.00287e+03
1.19123e+03 1.00287e+03
1.17941e+03 1.00287e+03
1.22079e+03 9.96967e+02
1.23262e+03 9.96967e+02
1.24444e+03 9.96967e+02
1.41588e+03 8.02101e+02
1.40406e+03 8.02101e+02
1.39224e+03 8.02101e+02
1.38041e+03 8.02101e+02
1.36859e+03 8.02101e+02
1.35677e+03 8.02101e+02
1.34494e+03 8.02101e+02
1.30947e+03 8.02101e+02
1.29765e+03 8.02101e+02
1.28582e+03 8.02101e+02
1.27400e+03 8.02101e+02
1.26218e+03 8.02101e+02
1.25035e+03 8.02101e+02
1.21488e+03 8.02101e+02
1.20306e+03 8.02101e+02
1.19123e+03 8.02101e+02
1.17941e+03 8.02101e+02
1.16759e+03 8.02101e+02
1.13211e+03 8.02101e+02
1.12029e+03 8.02101e+02
1.10847e+03 8.02101e+02
1.09664e+03 8.02101e+02
1.08482e+03 8.02101e+02
1.07300e+03 8.02101e+02
1.09073e+03 7.96196e+02
1.10256e+03 7.96196e+02
1.11438e+03 7.96196e+02
1.12620e+03 7.96196e+02
1.13803e+03 7.96196e+02
1.14985e+03 7.96196e+02
1.16167e+03 7.96196e+02
1.17350e+03 7.96196e+02
1.18532e+03 7.96196e+02
1.19715e+03 7.96196e+02
1.22079e+03 7.96196e+02
1.23262e+03 7.96196e+02
1.24444e+03 7.96196e+02
1.25626e+03 7.96196e+02
1.26809e+03 7.96196e+02
1.27991e+03 7.96196e+02
1.33903e+03 7.96196e+02
1.35085e+03 7.96196e+02
1.36268e+03 7.96196e+02
1.37450e+03 7.96196e+02
1.38041e+03 7.90290e+02
1.36859e+03 7.90290e+02
1.35677e+03 7.90290e+02
1.34494e+03 7.90290e+02
1.33312e+03 7.90290e+02
1.26218e+03 7.90290e+02
1.25035e+03 7.90290e+02
1.23853e+03 7.90290e+02
1.22670e+03 7.90290e+02
1.16759e+03 7.90290e+02
1.15576e+03 7.90290e+02
1.14394e+03 7.90290e+02
1.13211e+03 7.90290e+02
1.20897e+03 7.84386e+02
1.22079e+03 7.84386e+02
1.23262e+03 7.84386e+02
1.24444e+03 7.84386e+02
1.29173e+03 7.84386e+02
1.30356e+03 7.84386e+02
1.31538e+03 7.84386e+02
1.32720e+03 7.84386e+02
1.33903e+03 7.84386e+02
1.35085e+03 7.84386e+02
1.38041e+03 7.78481e+02
1.36859e+03 7.78481e+02
1.35677e+03 7.78481e+02
1.26218e+03 7.78481e+02
1.25035e+03 7.78481e+02
1.23853e+03 7.78481e+02
1.22670e+03 7.78481e+02
1.17941e+03 7.78481e+02
1.16759e+03 7.78481e+02
1.15576e+03 7.78481e+02
1.14394e+03 7.78481e+02
1.13211e+03 7.78481e+02
1.12029e+03 7.78481e+02
1.10847e+03 7.78481e+02
1.09664e+03 7.78481e+02
1.08482e+03 7.78481e+02
1.07300e+03 7.78481e+02
1.06117e+03 7.78481e+02
1.04935e+03 7.78481e+02
1.03753e+03 7.78481e+02
1.02570e+03 7.78481e+02
1.01388e+03 7.78481e+02
1.00205e+03 7.78481e+02
9.90231e+02 7.78481e+02
9.78407e+02 7.78481e+02
9.66584e+02 7.78481e+02
9.54760e+02 7.78481e+02
9.42937e+02 7.78481e+02
9.31113e+02 7.78481e+02
9.19289e+02 7.78481e+02
9.07466e+02 7.78481e+02
8.95642e+02 7.78481e+02
8.83818e+02 7.78481e+02
8.71994e+02 7.78481e+02
8.60171e+02 7.78481e+02
8.48347e+02 7.78481e+02
8.36524e+02 7.78481e+02
8.24700e+02 7.78481e+02
8.12876e+02 7.78481e+02
8.01053e+02 7.78481e+02
7.89229e+02 7.78481e+02
7.77405e+02 7.78481e+02
7.65581e+02 7.78481e+02
7.53758e+02 7.78481e+02
7.41934e+02 7.78481e+02
1.17350e+03 7.72576e+02
1.27991e+03 7.72576e+02
1.29173e+03 7.72576e+02
1.30356e+03 7.72576e+02
1.31538e+03 7.72576e+02
1.33903e+03 7.72576e+02
1.35085e+03 7.72576e+02
1.36268e+03 7.72576e+02
1.37450e+03 7.72576e+02
1.38632e+03 7.72576e+02
1.39815e+03 7.72576e+02
1.40997e+03 7.72576e+02
1.32129e+03 7.66670e+02
1.22670e+03 7.66670e+02
1.21488e+03 7.66670e+02
1.20306e+03 7.66670e+02
1.09073e+03 7.60765e+02
1.10256e+03 7.60765e+02
1.11438e+03 7.60765e+02
1.12620e+03 7.60765e+02
1.13803e+03 7.60765e+02
1.20897e+03 7.60765e+02
1.22079e+03 7.60765e+02
1.23262e+03 7.60765e+02
1.25626e+03 7.60765e+02
1.26809e+03 7.60765e+02
1.27991e+03 7.60765e+02
1.29173e+03 7.60765e+02
1.35085e+03 7.60765e+02
1.33312e+03 7.54861e+02
1.32129e+03 7.54861e+02
1.30947e+03 7.54861e+02
1.21488e+03 7.54861e+02
1.20306e+03 7.54861e+02
1.19123e+03 7.54861e+02
1.14394e+03 7.54861e+02
1.13803e+03 7.48955e+02
1.14985e+03 7.48955e+02
1.23262e+03 7.48955e+02
1.24444e+03 7.48955e+02
1.36859e+03 7.43050e+02
1.35677e+03 7.43050e+02
1.27400e+03 7.43050e+02
1.16759e+03 7.31240e+02
1.15576e+03 7.31240e+02
1.14394e+03 7.31240e+02
1.13211e+03 7.31240e+02
1.12029e+03 7.31240e+02
1.10847e+03 7.31240e+02
1.38632e+03 7.25335e+02
1.39815e+03 7.25335e+02
1.39224e+03 7.19430e+02
1.38041e+03 7.19430e+02
1.36859e+03 7.19430e+02
7.95141e+02 5.48184e+02
8.06964e+02 5.48184e+02
8.18788e+02 5.48184e+02
8.30612e+02 5.48184e+02
8.42435e+02 5.48184e+02
8.54259e+02 5.48184e+02
8.66083e+02 5.48184e+02
8.77906e+02 5.48184e+02
8.89730e+02 5.48184e+02
9.01554e+02 5.48184e+02
9.13377e+02 5.48184e+02
9.25201e+02 5.48184e+02
9.37025e+02 5.48184e+02
9.48848e+02 5.48184e+02
9.60672e+02 5.48184e+02
9.72496e+02 5.48184e+02
9.84319e+02 5.48184e+02
9.96143e+02 5.48184e+02
1.00797e+03 5.48184e+02
1.01979e+03 5.48184e+02
1.03161e+03 5.48184e+02
1.04344e+03 5.48184e+02
1.05526e+03 5.48184e+02
1.06708e+03 5.48184e+02
1.07891e+03 5.48184e+02
1.09073e+03 5.48184e+02
1.10256e+03 5.48184e+02
1.11438e+03 5.48184e+02
1.12620e+03 5.48184e+02
1.13803e+03 5.48184e+02
1.14985e+03 5.48184e+02
1.16167e+03 5.48184e+02
1.17350e+03 5.48184e+02
1.18532e+03 5.48184e+02
1.19715e+03 5.48184e+02
1.20897e+03 5.48184e+02
1.22079e+03 5.48184e+02
1.36859e+03 6.01329e+02
1.38041e+03 6.01329e+02
1.39224e+03 6.01329e+02
1.40406e+03 6.01329e+02
1.41588e+03 6.01329e+02
1.42771e+03 6.01329e+02
1.43953e+03 6.01329e+02
1.45135e+03 6.01329e+02
1.46318e+03 6.01329e+02
1.47500e+03 6.01329e+02
1.48682e+03 6.01329e+02
1.49865e+03 6.01329e+02
1.51047e+03 6.01329e+02
1.52230e+03 6.01329e+02
1.53412e+03 6.01329e+02
1.54594e+03 6.01329e+02
1.55777e+03 6.01329e+02
1.56959e+03 6.01329e+02
1.58141e+03 6.01329e+02
1.59324e+03 6.01329e+02
1.60506e+03 6.01329e+02
1.61689e+03 6.01329e+02
1.62871e+03 6.01329e+02
1.64053e+03 6.01329e+02
1.65236e+03 6.01329e+02
1.66418e+03 6.01329e+02
1.67600e+03 6.01329e+02
1.68783e+03 6.01329e+02
1.69965e+03 6.01329e+02
1.71147e+03 6.01329e+02
1.72330e+03 6.01329e+02
1.73512e+03 6.01329e+02
1.74695e+03 6.01329e+02
1.75877e+03 6.01329e+02
1.77059e+03 6.01329e+02
1.78242e+03 6.01329e+02
1.79424e+03 6.01329e+02
1.80606e+03 6.01329e+02
1.81789e+03 6.01329e+02
1.82971e+03 6.01329e+02
1.84154e+03 6.01329e+02
1.85336e+03 6.01329e+02
1.86518e+03 6.01329e+02
1.87701e+03 6.01329e+02
1.88883e+03 6.01329e+02
1.90065e+03 6.01329e+02
1.91248e+03 6.01329e+02
1.92430e+03 6.01329e+02
1.93612e+03 6.01329e+02
1.94795e+03 6.01329e+02
1.95977e+03 6.01329e+02
1.97159e+03 6.01329e+02
1.98342e+03 6.01329e+02
1.99524e+03 6.01329e+02
2.00707e+03 6.01329e+02
2.01889e+03 6.01329e+02
2.03071e+03 6.01329e+02
2.04254e+03 6.01329e+02
2.05436e+03 6.01329e+02
2.06618e+03 6.01329e+02
2.07801e+03 6.01329e+02
2.08983e+03 6.01329e+02
1.22079e+03 5.36374e+02
1.20897e+03 5.36374e+02
1.19715e+03 5.36374e+02
1.18532e+03 5.36374e+02
1.17054e+03 1.94473e+03
1.30060e+03 1.93292e+03
1.19419e+03 1.92111e+03
1.41884e+03 1.92111e+03
1.37154e+03 1.90930e+03
1.25331e+03 1.90930e+03
1.27695e+03 1.88568e+03
1.32425e+03 1.88568e+03
1.41884e+03 1.88568e+03
1.32425e+03 1.87386e+03
3.42886e+02 1.51956e+03
1.41884e+03 7.75528e+02
1.41884e+03 7.99148e+02
2.09279e+03 5.98377e+02
1.89178e+03 2.05102e+03
1.87996e+03 2.05102e+03
1.86814e+03 2.05102e+03
1.85631e+03 2.05102e+03
1.84449e+03 2.05102e+03
1.83267e+03 2.05102e+03
1.82084e+03 2.05102e+03
1.80902e+03 2.05102e+03
1.79719e+03 2.05102e+03
1.78537e+03 2.05102e+03
1.77355e+03 2.05102e+03
1.76172e+03 2.05102e+03
1.74990e+03 2.05102e+03
9.10422e+02 2.05102e+03
8.98598e+02 2.05102e+03
8.86774e+02 2.05102e+03
8.74950e+02 2.05102e+03
8.63127e+02 2.05102e+03
8.51303e+02 2.05102e+03
8.39479e+02 2.05102e+03
8.27656e+02 2.05102e+03
8.15832e+02 2.05102e+03
8.04009e+02 2.05102e+03
7.92185e+02 2.05102e+03
7.80361e+02 2.05102e+03
7.68538e+02 2.05102e+03
6.68037e+02 2.04511e+03
7.74450e+02 2.04511e+03
7.86273e+02 2.04511e+03
7.98097e+02 2.04511e+03
8.09920e+02 2.04511e+03
8.21744e+02 2.04511e+03
8.33568e+02 2.04511e+03
8.45391e+02 2.04511e+03
8.57215e+02 2.04511e+03
8.69039e+02 2.04511e+03
8.80862e+02 2.04511e+03
8.92686e+02 2.04511e+03
9.04510e+02 2.04511e+03
1.64940e+03 2.04511e+03
1.75581e+03 2.04511e+03
1.76764e+03 2.04511e+03
1.77946e+03 2.04511e+03
1.79128e+03 2.04511e+03
1.80311e+03 2.04511e+03
1.81493e+03 2.04511e+03
1.82675e+03 2.04511e+03
1.83858e+03 2.04511e+03
1.85040e+03 2.04511e+03
1.86222e+03 2.04511e+03
1.87405e+03 2.04511e+03
1.88587e+03 2.04511e+03
1.89178e+03 2.03921e+03
1.87996e+03 2.03921e+03
1.86814e+03 2.03921e+03
1.85631e+03 2.03921e+03
1.84449e+03 2.03921e+03
1.83267e+03 2.03921e+03
1.82084e+03 2.03921e+03
1.80902e+03 2.03921e+03
1.79719e+03 2.03921e+03
1.78537e+03 2.03921e+03
1.77355e+03 2.03921e+03
1.76172e+03 2.03921e+03
1.74990e+03 2.03921e+03
1.70261e+03 2.03921e+03
1.48978e+03 2.03921e+03
9.10422e+02 2.03921e+03
8.98598e+02 2.03921e+03
8.86774e+02 2.03921e+03
8.74950e+02 2.03921e+03
8.63127e+02 2.03921e+03
8.51303e+02 2.03921e+03
8.39479e+02 2.03921e+03
8.27656e+02 2.03921e+03
8.15832e+02 2.03921e+03
8.04009e+02 2.03921e+03
7.92185e+02 2.03921e+03
7.80361e+02 2.03921e+03
7.68538e+02 2.03921e+03
7.21243e+02 2.03921e+03
5.08417e+02 2.03921e+03
5.61624e+02 2.03330e+03
7.74450e+02 2.03330e+03
7.86273e+02 2.03330e+03
7.98097e+02 2.03330e+03
8.09920e+02 2.03330e+03
8.21744e+02 2.03330e+03
8.33568e+02 2.03330e+03
8.45391e+02 2.03330e+03
8.57215e+02 2.03330e+03
8.69039e+02 2.03330e+03
8.80862e+02 2.03330e+03
8.92686e+02 2.03330e+03
9.04510e+02 2.03330e+03
1.54299e+03 2.03330e+03
1.75581e+03 2.03330e+03
1.76764e+03 2.03330e+03
1.77946e+03 2.03330e+03
1.79128e+03 2.03330e+03
1.80311e+03 2.03330e+03
1.81493e+03 2.03330e+03
1.82675e+03 2.03330e+03
1.83858e+03 2.03330e+03
1.85040e+03 2.03330e+03
1.86222e+03 2.03330e+03
1.87405e+03 2.03330e+03
1.88587e+03 2.03330e+03
1.89178e+03 2.02740e+03
1.87996e+03 2.02740e+03
1.86814e+03 2.02740e+03
1.85631e+03 2.02740e+03
1.84449e+03 2.02740e+03
1.83267e+03 2.02740e+03
1.82084e+03 2.02740e+03
1.80902e+03 2.02740e+03
1.79719e+03 2.02740e+03
1.78537e+03 2.02740e+03
1.77355e+03 2.02740e+03
1.76172e+03 2.02740e+03
1.74990e+03 2.02740e+03
1.59619e+03 2.02740e+03
9.10422e+02 2.02740e+03
8.98598e+02 2.02740e+03
8.86774e+02 2.02740e+03
8.74950e+02 2.02740e+03
8.63127e+02 2.02740e+03
8.51303e+02 2.02740e+03
8.39479e+02 2.02740e+03
8.27656e+02 2.02740e+03
8.15832e+02 2.02740e+03
8.04009e+02 2.02740e+03
7.92185e+02 2.02740e+03
7.80361e+02 2.02740e+03
7.68538e+02 2.02740e+03
6.14830e+02 2.02740e+03
7.68538e+02 1.73215e+02
7.80361e+02 1.73215e+02
7.92185e+02 1.73215e+02
8.04009e+02 1.73215e+02
8.15832e+02 1.73215e+02
8.27656e+02 1.73215e+02
8.39479e+02 1.73215e+02
8.51303e+02 1.73215e+02
8.63127e+02 1.73215e+02
8.74950e+02 1.73215e+02
8.86774e+02 1.73215e+02
8.98598e+02 1.73215e+02
9.10422e+02 1.73215e+02
1.74990e+03 1.73215e+02
1.76172e+03 1.73215e+02
1.77355e+03 1.73215e+02
1.78537e+03 1.73215e+02
1.79719e+03 1.73215e+02
1.80902e+03 1.73215e+02
1.82084e+03 1.73215e+02
1.83267e+03 1.73215e+02
1.84449e+03 1.73215e+02
1.85631e+03 1.73215e+02
1.86814e+03 1.73215e+02
1.87996e+03 1.73215e+02
1.89178e+03 1.73215e+02
1.88587e+03 1.67310e+02
1.87405e+03 1.67310e+02
1.86222e+03 1.67310e+02
1.85040e+03 1.67310e+02
1.83858e+03 1.67310e+02
1.82675e+03 1.67310e+02
1.81493e+03 1.67310e+02
1.80311e+03 1.67310e+02
1.79128e+03 1.67310e+02
1.77946e+03 1.67310e+02
1.76764e+03 1.67310e+02
1.75581e+03 1.67310e+02
9.04510e+02 1.67310e+02
8.92686e+02 1.67310e+02
8.80862e+02 1.67310e+02
8.69039e+02 1.67310e+02
8.57215e+02 1.67310e+02
8.45391e+02 1.67310e+02
8.33568e+02 1.67310e+02
8.21744e+02 1.67310e+02
8.09920e+02 1.67310e+02
7.98097e+02 1.67310e+02
7.86273e+02 1.67310e+02
7.74450e+02 1.67310e+02
6.68037e+02 1.67309e+02
1.64940e+03 1.67309e+02
1.89178e+03 1.61405e+02
1.87996e+03 1.61405e+02
1.86814e+03 1.61405e+02
1.85631e+03 1.61405e+02
1.84449e+03 1.61405e+02
1.83267e+03 1.61405e+02
1.82084e+03 1.61405e+02
1.80902e+03 1.61405e+02
1.79719e+03 1.61405e+02
1.78537e+03 1.61405e+02
1.77355e+03 1.61405e+02
1.76172e+03 1.61405e+02
1.74990e+03 1.61405e+02
9.10422e+02 1.61405e+02
8.98598e+02 1.61405e+02
8.86774e+02 1.61405e+02
8.74950e+02 1.61405e+02
8.63127e+02 1.61405e+02
8.51303e+02 1.61405e+02
8.39479e+02 1.61405e+02
8.27656e+02 1.61405e+02
8.15832e+02 1.61405e+02
8.04009e+02 1.61405e+02
7.92185e+02 1.61405e+02
7.80361e+02 1.61405e+02
7.68538e+02 1.61405e+02
5.08417e+02 1.61404e+02
7.21243e+02 1.61404e+02
1.48978e+03 1.61404e+02
1.70261e+03 1.61404e+02
1.88587e+03 1.55500e+02
1.87405e+03 1.55500e+02
1.86222e+03 1.55500e+02
1.85040e+03 1.55500e+02
1.83858e+03 1.55500e+02
1.82675e+03 1.55500e+02
1.81493e+03 1.55500e+02
1.80311e+03 1.55500e+02
1.79128e+03 1.55500e+02
1.77946e+03 1.55500e+02
1.76764e+03 1.55500e+02
1.75581e+03 1.55500e+02
9.04510e+02 1.55500e+02
8.92686e+02 1.55500e+02
8.80862e+02 1.55500e+02
8.69039e+02 1.55500e+02
8.57215e+02 1.55500e+02
8.45391e+02 1.55500e+02
8.33568e+02 1.55500e+02
8.21744e+02 1.55500e+02
8.09920e+02 1.55500e+02
7.98097e+02 1.55500e+02
7.86273e+02 1.55500e+02
7.74450e+02 1.55500e+02
5.61624e+02 1.55499e+02
1.54299e+03 1.55499e+02
1.89178e+03 1.49595e+02
1.87996e+03 1.49595e+02
1.86814e+03 1.49595e+02
1.85631e+03 1.49595e+02
1.84449e+03 1.49595e+02
1.83267e+03 1.49595e+02
1.82084e+03 1.49595e+02
1.80902e+03 1.49595e+02
1.79719e+03 1.49595e+02
1.78537e+03 1.49595e+02
1.77355e+03 1.49595e+02
1.76172e+03 1.49595e+02
1.74990e+03 1.49595e+02
9.10422e+02 1.49595e+02
8.98598e+02 1.49595e+02
8.86774e+02 1.49595e+02
8.74950e+02 1.49595e+02
8.63127e+02 1.49595e+02
8.51303e+02 1.49595e+02
8.39479e+02 1.49595e+02
8.27656e+02 1.49595e+02
8.15832e+02 1.49595e+02
8.04009e+02 1.49595e+02
7.92185e+02 1.49595e+02
7.80361e+02 1.49595e+02
7.68538e+02 1.49595e+02
6.14830e+02 1.49594e+02
1.59619e+03 1.49594e+02
1.88292e+03 2.04806e+03
1.87109e+03 2.04806e+03
1.85927e+03 2.04806e+03
1.84745e+03 2.04806e+03
1.83562e+03 2.04806e+03
1.82380e+03 2.04806e+03
1.81197e+03 2.04806e+03
1.80015e+03 2.04806e+03
1.78833e+03 2.04806e+03
1.77650e+03 2.04806e+03
1.76468e+03 2.04806e+03
1.75286e+03 2.04806e+03
1.72921e+03 2.04806e+03
1.71739e+03 2.04806e+03
1.67009e+03 2.04806e+03
1.65827e+03 2.04806e+03
1.64644e+03 2.04806e+03
1.63462e+03 2.04806e+03
1.61097e+03 2.04806e+03
1.59915e+03 2.04806e+03
1.56368e+03 2.04806e+03
1.55185e+03 2.04806e+03
1.54003e+03 2.04806e+03
1.52821e+03 2.04806e+03
1.51638e+03 2.04806e+03
1.50456e+03 2.04806e+03
1.49274e+03 2.04806e+03
9.01554e+02 2.04806e+03
8.89730e+02 2.04806e+03
8.77906e+02 2.04806e+03
8.66083e+02 2.04806e+03
8.54259e+02 2.04806e+03
8.42435e+02 2.04806e+03
8.30612e+02 2.04806e+03
8.18788e+02 2.04806e+03
8.06964e+02 2.04806e+03
7.95141e+02 2.04806e+03
7.83317e+02 2.04806e+03
7.71494e+02 2.04806e+03
7.47846e+02 2.04806e+03
7.36022e+02 2.04806e+03
6.88728e+02 2.04806e+03
6.76904e+02 2.04806e+03
6.65081e+02 2.04806e+03
6.53257e+02 2.04806e+03
6.29609e+02 2.04806e+03
6.17786e+02 2.04806e+03
5.82315e+02 2.04806e+03
5.70491e+02 2.04806e+03
5.58668e+02 2.04806e+03
5.46844e+02 2.04806e+03
5.35020e+02 2.04806e+03
5.23196e+02 2.04806e+03
5.11373e+02 2.04806e+03
5.17285e+02 2.04216e+03
5.29108e+02 2.04216e+03
5.76403e+02 2.04216e+03
5.88227e+02 2.04216e+03
6.00050e+02 2.04216e+03
6.23698e+02 2.04216e+03
6.35521e+02 2.04216e+03
6.47345e+02 2.04216e+03
7.06463e+02 2.04216e+03
7.18287e+02 2.04216e+03
7.77405e+02 2.04216e+03
7.89229e+02 2.04216e+03
8.01053e+02 2.04216e+03
8.12876e+02 2.04216e+03
8.24700e+02 2.04216e+03
8.36524e+02 2.04216e+03
8.48347e+02 2.04216e+03
8.60171e+02 2.04216e+03
8.71994e+02 2.04216e+03
8.83818e+02 2.04216e+03
8.95642e+02 2.04216e+03
9.07466e+02 2.04216e+03
1.49865e+03 2.04216e+03
1.51047e+03 2.04216e+03
1.55777e+03 2.04216e+03
1.56959e+03 2.04216e+03
1.58141e+03 2.04216e+03
1.60506e+03 2.04216e+03
1.61689e+03 2.04216e+03
1.62871e+03 2.04216e+03
1.68783e+03 2.04216e+03
1.69965e+03 2.04216e+03
1.75877e+03 2.04216e+03
1.77059e+03 2.04216e+03
1.78242e+03 2.04216e+03
1.79424e+03 2.04216e+03
1.80606e+03 2.04216e+03
1.81789e+03 2.04216e+03
1.82971e+03 2.04216e+03
1.84153e+03 2.04216e+03
1.85336e+03 2.04216e+03
1.86518e+03 2.04216e+03
1.87701e+03 2.04216e+03
1.88883e+03 2.04216e+03
1.88292e+03 2.03625e+03
1.87109e+03 2.03625e+03
1.85927e+03 2.03625e+03
1.84745e+03 2.03625e+03
1.83562e+03 2.03625e+03
1.82380e+03 2.03625e+03
1.81197e+03 2.03625e+03
1.80015e+03 2.03625e+03
1.78833e+03 2.03625e+03
1.77650e+03 2.03625e+03
1.76468e+03 2.03625e+03
1.75286e+03 2.03625e+03
1.70556e+03 2.03625e+03
1.69374e+03 2.03625e+03
1.68192e+03 2.03625e+03
1.65827e+03 2.03625e+03
1.64644e+03 2.03625e+03
1.63462e+03 2.03625e+03
1.55185e+03 2.03625e+03
1.54003e+03 2.03625e+03
1.52821e+03 2.03625e+03
1.50456e+03 2.03625e+03
9.01554e+02 2.03625e+03
8.89730e+02 2.03625e+03
8.77906e+02 2.03625e+03
8.66083e+02 2.03625e+03
8.54259e+02 2.03625e+03
8.42435e+02 2.03625e+03
8.30612e+02 2.03625e+03
8.18788e+02 2.03625e+03
8.06964e+02 2.03625e+03
7.95141e+02 2.03625e+03
7.83317e+02 2.03625e+03
7.71494e+02 2.03625e+03
7.24199e+02 2.03625e+03
7.12375e+02 2.03625e+03
7.00551e+02 2.03625e+03
6.76904e+02 2.03625e+03
6.65081e+02 2.03625e+03
6.53257e+02 2.03625e+03
5.70491e+02 2.03625e+03
5.58668e+02 2.03625e+03
5.46844e+02 2.03625e+03
5.23196e+02 2.03625e+03
5.05461e+02 2.03035e+03
5.17285e+02 2.03035e+03
5.29108e+02 2.03035e+03
5.40932e+02 2.03035e+03
5.52756e+02 2.03035e+03
5.76403e+02 2.03035e+03
5.88227e+02 2.03035e+03
6.00050e+02 2.03035e+03
6.11874e+02 2.03035e+03
6.23698e+02 2.03035e+03
6.35521e+02 2.03035e+03
6.47345e+02 2.03035e+03
6.59169e+02 2.03035e+03
6.94640e+02 2.03035e+03
7.06463e+02 2.03035e+03
7.18287e+02 2.03035e+03
7.30111e+02 2.03035e+03
7.41934e+02 2.03035e+03
7.77405e+02 2.03035e+03
7.89229e+02 2.03035e+03
8.01053e+02 2.03035e+03
8.12876e+02 2.03035e+03
8.24700e+02 2.03035e+03
8.36524e+02 2.03035e+03
8.48347e+02 2.03035e+03
8.60171e+02 2.03035e+03
8.71994e+02 2.03035e+03
8.83818e+02 2.03035e+03
8.95642e+02 2.03035e+03
9.07466e+02 2.03035e+03
1.48682e+03 2.03035e+03
1.49865e+03 2.03035e+03
1.51047e+03 2.03035e+03
1.52230e+03 2.03035e+03
1.53412e+03 2.03035e+03
1.55777e+03 2.03035e+03
1.56959e+03 2.03035e+03
1.58141e+03 2.03035e+03
1.59324e+03 2.03035e+03
1.60506e+03 2.03035e+03
1.61689e+03 2.03035e+03
1.62871e+03 2.03035e+03
1.64053e+03 2.03035e+03
1.67600e+03 2.03035e+03
1.68783e+03 2.03035e+03
1.69965e+03 2.03035e+03
1.71147e+03 2.03035e+03
1.72330e+03 2.03035e+03
1.75877e+03 2.03035e+03
1.77059e+03 2.03035e+03
1.78242e+03 2.03035e+03
1.79424e+03 2.03035e+03
1.80606e+03 2.03035e+03
1.81789e+03 2.03035e+03
1.82971e+03 2.03035e+03
1.84153e+03 2.03035e+03
1.85336e+03 2.03035e+03
1.86518e+03 2.03035e+03
1.87701e+03 2.03035e+03
1.88883e+03 2.03035e+03
1.88292e+03 1.70262e+02
1.87109e+03 1.70262e+02
1.85927e+03 1.70262e+02
1.84745e+03 1.70262e+02
1.83562e+03 1.70262e+02
1.82380e+03 1.70262e+02
1.81197e+03 1.70262e+02
1.80015e+03 1.70262e+02
1.78833e+03 1.70262e+02
1.77650e+03 1.70262e+02
1.76468e+03 1.70262e+02
1.75286e+03 1.70262e+02
9.01554e+02 1.70262e+02
8.89730e+02 1.70262e+02
8.77906e+02 1.70262e+02
8.66083e+02 1.70262e+02
8.54259e+02 1.70262e+02
8.42435e+02 1.70262e+02
8.30612e+02 1.70262e+02
8.18788e+02 1.70262e+02
8.06964e+02 1.70262e+02
7.95141e+02 1.70262e+02
7.83317e+02 1.70262e+02
7.71494e+02 1.70262e+02
5.11373e+02 1.70261e+02
5.23196e+02 1.70261e+02
5.35020e+02 1.70261e+02
5.46844e+02 1.70261e+02
5.58668e+02 1.70261e+02
5.70491e+02 1.70261e+02
5.82315e+02 1.70261e+02
6.17786e+02 1.70261e+02
6.29609e+02 1.70261e+02
6.53257e+02 1.70261e+02
6.65081e+02 1.70261e+02
6.76904e+02 1.70261e+02
6.88728e+02 1.70261e+02
7.36022e+02 1.70261e+02
7.47846e+02 1.70261e+02
1.49274e+03 1.70261e+02
1.50456e+03 1.70261e+02
1.51638e+03 1.70261e+02
1.52821e+03 1.70261e+02
1.54003e+03 1.70261e+02
1.55185e+03 1.70261e+02
1.56368e+03 1.70261e+02
1.59915e+03 1.70261e+02
1.61097e+03 1.70261e+02
1.63462e+03 1.70261e+02
1.64644e+03 1.70261e+02
1.65827e+03 1.70261e+02
1.67009e+03 1.70261e+02
1.71739e+03 1.70261e+02
1.72921e+03 1.70261e+02
1.88883e+03 1.64357e+02
1.87701e+03 1.64357e+02
1.86518e+03 1.64357e+02
1.85336e+03 1.64357e+02
1.84153e+03 1.64357e+02
1.82971e+03 1.64357e+02
1.81789e+03 1.64357e+02
1.80606e+03 1.64357e+02
1.79424e+03 1.64357e+02
1.78242e+03 1.64357e+02
1.77059e+03 1.64357e+02
1.75877e+03 1.64357e+02
9.07466e+02 1.64357e+02
8.95642e+02 1.64357e+02
8.83818e+02 1.64357e+02
8.71994e+02 1.64357e+02
8.60171e+02 1.64357e+02
8.48347e+02 1.64357e+02
8.36524e+02 1.64357e+02
8.24700e+02 1.64357e+02
8.12876e+02 1.64357e+02
8.01053e+02 1.64357e+02
7.89229e+02 1.64357e+02
7.77405e+02 1.64357e+02
5.17285e+02 1.64357e+02
5.29108e+02 1.64357e+02
5.76403e+02 1.64357e+02
5.88227e+02 1.64357e+02
6.00050e+02 1.64357e+02
6.23698e+02 1.64357e+02
6.35521e+02 1.64357e+02
6.47345e+02 1.64357e+02
7.06463e+02 1.64357e+02
7.18287e+02 1.64357e+02
1.49865e+03 1.64357e+02
1.51047e+03 1.64357e+02
1.55777e+03 1.64357e+02
1.56959e+03 1.64357e+02
1.58141e+03 1.64357e+02
1.60506e+03 1.64357e+02
1.61689e+03 1.64357e+02
1.62871e+03 1.64357e+02
1.68783e+03 1.64357e+02
1.69965e+03 1.64357e+02
1.88292e+03 1.58452e+02
1.87109e+03 1.58452e+02
1.85927e+03 1.58452e+02
1.84745e+03 1.58452e+02
1.83562e+03 1.58452e+02
1.82380e+03 1.58452e+02
1.81197e+03 1.58452e+02
1.80015e+03 1.58452e+02
1.78833e+03 1.58452e+02
1.77650e+03 1.58452e+02
1.76468e+03 1.58452e+02
1.75286e+03 1.58452e+02
9.01554e+02 1.58452e+02
8.89730e+02 1.58452e+02
8.77906e+02 1.58452e+02
8.66083e+02 1.58452e+02
8.54259e+02 1.58452e+02
8.42435e+02 1.58452e+02
8.30612e+02 1.58452e+02
8.18788e+02 1.58452e+02
8.06964e+02 1.58452e+02
7.95141e+02 1.58452e+02
7.83317e+02 1.58452e+02
7.71494e+02 1.58452e+02
5.23196e+02 1.58451e+02
5.46844e+02 1.58451e+02
5.58668e+02 1.58451e+02
5.70491e+02 1.58451e+02
6.53257e+02 1.58451e+02
6.65081e+02 1.58451e+02
6.76904e+02 1.58451e+02
7.00551e+02 1.58451e+02
7.12375e+02 1.58451e+02
7.24199e+02 1.58451e+02
1.50456e+03 1.58451e+02
1.52821e+03 1.58451e+02
1.54003e+03 1.58451e+02
1.55185e+03 1.58451e+02
1.63462e+03 1.58451e+02
1.64644e+03 1.58451e+02
1.65827e+03 1.58451e+02
1.68192e+03 1.58451e+02
1.69374e+03 1.58451e+02
1.70556e+03 1.58451e+02
1.88883e+03 1.52547e+02
1.87701e+03 1.52547e+02
1.86518e+03 1.52547e+02
1.85336e+03 1.52547e+02
1.84153e+03 1.52547e+02
1.82971e+03 1.52547e+02
1.81789e+03 1.52547e+02
1.80606e+03 1.52547e+02
1.79424e+03 1.52547e+02
1.78242e+03 1.52547e+02
1.77059e+03 1.52547e+02
1.75877e+03 1.52547e+02
9.07466e+02 1.52547e+02
8.95642e+02 1.52547e+02
8.83818e+02 1.52547e+02
8.71994e+02 1.52547e+02
8.60171e+02 1.52547e+02
8.48347e+02 1.52547e+02
8.36524e+02 1.52547e+02
8.24700e+02 1.52547e+02
8.12876e+02 1.52547e+02
8.01053e+02 1.52547e+02
7.89229e+02 1.52547e+02
7.77405e+02 1.52547e+02
5.05461e+02 1.52546e+02
5.17285e+02 1.52546e+02
5.29108e+02 1.52546e+02
5.40932e+02 1.52546e+02
5.52756e+02 1.52546e+02
5.76403e+02 1.52546e+02
5.88227e+02 1.52546e+02
6.00050e+02 1.52546e+02
6.11874e+02 1.52546e+02
6.23698e+02 1.52546e+02
6.35521e+02 1.52546e+02
6.47345e+02 1.52546e+02
6.59169e+02 1.52546e+02
6.94640e+02 1.52546e+02
7.06463e+02 1.52546e+02
7.18287e+02 1.52546e+02
7.30111e+02 1.52546e+02
7.41934e+02 1.52546e+02
1.48682e+03 1.52546e+02
1.49865e+03 1.52546e+02
1.51047e+03 1.52546e+02
1.52230e+03 1.52546e+02
1.53412e+03 1.52546e+02
1.55777e+03 1.52546e+02
1.56959e+03 1.52546e+02
1.58141e+03 1.52546e+02
1.59324e+03 1.52546e+02
1.60506e+03 1.52546e+02
1.61689e+03 1.52546e+02
1.62871e+03 1.52546e+02
1.64053e+03 1.52546e+02
1.67600e+03 1.52546e+02
1.68783e+03 1.52546e+02
1.69965e+03 1.52546e+02
1.71147e+03 1.52546e+02
1.72330e+03 1.52546e+02
1.88883e+03 2.04806e+03
1.87701e+03 2.04806e+03
1.86518e+03 2.04806e+03
1.85336e+03 2.04806e+03
1.84153e+03 2.04806e+03
1.82971e+03 2.04806e+03
1.81789e+03 2.04806e+03
1.80606e+03 2.04806e+03
1.79424e+03 2.04806e+03
1.78242e+03 2.04806e+03
1.77059e+03 2.04806e+03
1.75877e+03 2.04806e+03
1.72330e+03 2.04806e+03
1.71147e+03 2.04806e+03
1.66418e+03 2.04806e+03
1.64053e+03 2.04806e+03
1.61689e+03 2.04806e+03
1.60506e+03 2.04806e+03
1.56959e+03 2.04806e+03
1.55777e+03 2.04806e+03
1.53412e+03 2.04806e+03
1.52230e+03 2.04806e+03
1.51047e+03 2.04806e+03
1.49865e+03 2.04806e+03
9.07466e+02 2.04806e+03
8.95642e+02 2.04806e+03
8.83818e+02 2.04806e+03
8.71994e+02 2.04806e+03
8.60171e+02 2.04806e+03
8.48347e+02 2.04806e+03
8.36524e+02 2.04806e+03
8.24700e+02 2.04806e+03
8.12876e+02 2.04806e+03
8.01053e+02 2.04806e+03
7.89229e+02 2.04806e+03
7.77405e+02 2.04806e+03
7.41934e+02 2.04806e+03
7.30111e+02 2.04806e+03
6.82816e+02 2.04806e+03
6.59169e+02 2.04806e+03
6.35521e+02 2.04806e+03
6.23698e+02 2.04806e+03
5.88227e+02 2.04806e+03
5.76403e+02 2.04806e+03
5.52756e+02 2.04806e+03
5.40932e+02 2.04806e+03
5.29108e+02 2.04806e+03
5.17285e+02 2.04806e+03
5.11373e+02 2.04216e+03
5.23196e+02 2.04216e+03
5.70491e+02 2.04216e+03
5.82315e+02 2.04216e+03
5.94138e+02 2.04216e+03
6.29609e+02 2.04216e+03
6.41433e+02 2.04216e+03
7.00551e+02 2.04216e+03
7.12375e+02 2.04216e+03
7.71494e+02 2.04216e+03
7.83317e+02 2.04216e+03
7.95141e+02 2.04216e+03
8.06964e+02 2.04216e+03
8.18788e+02 2.04216e+03
8.30612e+02 2.04216e+03
8.42435e+02 2.04216e+03
8.54259e+02 2.04216e+03
8.66083e+02 2.04216e+03
8.77906e+02 2.04216e+03
8.89730e+02 2.04216e+03
9.01554e+02 2.04216e+03
1.49274e+03 2.04216e+03
1.50456e+03 2.04216e+03
1.55185e+03 2.04216e+03
1.56368e+03 2.04216e+03
1.57550e+03 2.04216e+03
1.61097e+03 2.04216e+03
1.62280e+03 2.04216e+03
1.68192e+03 2.04216e+03
1.69374e+03 2.04216e+03
1.75286e+03 2.04216e+03
1.76468e+03 2.04216e+03
1.77650e+03 2.04216e+03
1.78833e+03 2.04216e+03
1.80015e+03 2.04216e+03
1.81197e+03 2.04216e+03
1.82380e+03 2.04216e+03
1.83562e+03 2.04216e+03
1.84745e+03 2.04216e+03
1.85927e+03 2.04216e+03
1.87109e+03 2.04216e+03
1.88292e+03 2.04216e+03
1.88883e+03 2.03625e+03
1.87701e+03 2.03625e+03
1.86518e+03 2.03625e+03
1.85336e+03 2.03625e+03
1.84153e+03 2.03625e+03
1.82971e+03 2.03625e+03
1.81789e+03 2.03625e+03
1.80606e+03 2.03625e+03
1.79424e+03 2.03625e+03
1.78242e+03 2.03625e+03
1.77059e+03 2.03625e+03
1.75877e+03 2.03625e+03
1.71147e+03 2.03625e+03
1.69965e+03 2.03625e+03
1.68783e+03 2.03625e+03
1.65236e+03 2.03625e+03
1.64053e+03 2.03625e+03
1.55777e+03 2.03625e+03
1.54594e+03 2.03625e+03
1.53412e+03 2.03625e+03
1.49865e+03 2.03625e+03
9.07466e+02 2.03625e+03
8.95642e+02 2.03625e+03
8.83818e+02 2.03625e+03
8.71994e+02 2.03625e+03
8.60171e+02 2.03625e+03
8.48347e+02 2.03625e+03
8.36524e+02 2.03625e+03
8.24700e+02 2.03625e+03
8.12876e+02 2.03625e+03
8.01053e+02 2.03625e+03
7.89229e+02 2.03625e+03
7.77405e+02 2.03625e+03
7.30111e+02 2.03625e+03
7.18287e+02 2.03625e+03
7.06463e+02 2.03625e+03
6.70992e+02 2.03625e+03
6.59169e+02 2.03625e+03
5.76403e+02 2.03625e+03
5.64579e+02 2.03625e+03
5.52756e+02 2.03625e+03
5.17285e+02 2.03625e+03
5.11373e+02 2.03035e+03
5.23196e+02 2.03035e+03
5.46844e+02 2.03035e+03
5.58668e+02 2.03035e+03
5.82315e+02 2.03035e+03
6.05962e+02 2.03035e+03
6.29609e+02 2.03035e+03
6.53257e+02 2.03035e+03
6.65081e+02 2.03035e+03
6.88728e+02 2.03035e+03
7.00551e+02 2.03035e+03
7.12375e+02 2.03035e+03
7.24199e+02 2.03035e+03
7.36022e+02 2.03035e+03
7.47846e+02 2.03035e+03
7.71494e+02 2.03035e+03
7.83317e+02 2.03035e+03
7.95141e+02 2.03035e+03
8.06964e+02 2.03035e+03
8.18788e+02 2.03035e+03
8.30612e+02 2.03035e+03
8.42435e+02 2.03035e+03
8.54259e+02 2.03035e+03
8.66083e+02 2.03035e+03
8.77906e+02 2.03035e+03
8.89730e+02 2.03035e+03
9.01554e+02 2.03035e+03
1.49274e+03 2.03035e+03
1.50456e+03 2.03035e+03
1.52821e+03 2.03035e+03
1.54003e+03 2.03035e+03
1.56368e+03 2.03035e+03
1.58733e+03 2.03035e+03
1.61097e+03 2.03035e+03
1.63462e+03 2.03035e+03
1.64644e+03 2.03035e+03
1.67009e+03 2.03035e+03
1.68192e+03 2.03035e+03
1.69374e+03 2.03035e+03
1.70556e+03 2.03035e+03
1.71739e+03 2.03035e+03
1.72921e+03 2.03035e+03
1.75286e+03 2.03035e+03
1.76468e+03 2.03035e+03
1.77650e+03 2.03035e+03
1.78833e+03 2.03035e+03
1.80015e+03 2.03035e+03
1.81197e+03 2.03035e+03
1.82380e+03 2.03035e+03
1.83562e+03 2.03035e+03
1.84745e+03 2.03035e+03
1.85927e+03 2.03035e+03
1.87109e+03 2.03035e+03
1.88292e+03 2.03035e+03
1.88883e+03 1.70262e+02
1.87701e+03 1.70262e+02
1.86518e+03 1.70262e+02
1.85336e+03 1.70262e+02
1.84153e+03 1.70262e+02
1.82971e+03 1.70262e+02
1.81789e+03 1.70262e+02
1.80606e+03 1.70262e+02
1.79424e+03 1.70262e+02
1.78242e+03 1.70262e+02
1.77059e+03 1.70262e+02
1.75877e+03 1.70262e+02
9.07466e+02 1.70262e+02
8.95642e+02 1.70262e+02
8.83818e+02 1.70262e+02
8.71994e+02 1.70262e+02
8.60171e+02 1.70262e+02
8.48347e+02 1.70262e+02
8.36524e+02 1.70262e+02
8.24700e+02 1.70262e+02
8.12876e+02 1.70262e+02
8.01053e+02 1.70262e+02
7.89229e+02 1.70262e+02
7.77405e+02 1.70262e+02
5.17285e+02 1.70261e+02
5.29108e+02 1.70261e+02
5.40932e+02 1.70261e+02
5.52756e+02 1.70261e+02
5.76403e+02 1.70261e+02
5.88227e+02 1.70261e+02
6.23698e+02 1.70261e+02
6.35521e+02 1.70261e+02
6.59169e+02 1.70261e+02
6.82816e+02 1.70261e+02
7.30111e+02 1.70261e+02
7.41934e+02 1.70261e+02
1.49865e+03 1.70261e+02
1.51047e+03 1.70261e+02
1.52230e+03 1.70261e+02
1.53412e+03 1.70261e+02
1.55777e+03 1.70261e+02
1.56959e+03 1.70261e+02
1.60506e+03 1.70261e+02
1.61689e+03 1.70261e+02
1.64053e+03 1.70261e+02
1.66418e+03 1.70261e+02
1.71147e+03 1.70261e+02
1.72330e+03 1.70261e+02
1.88292e+03 1.64357e+02
1.87109e+03 1.64357e+02
1.85927e+03 1.64357e+02
1.84745e+03 1.64357e+02
1.83562e+03 1.64357e+02
1.82380e+03 1.64357e+02
1.81197e+03 1.64357e+02
1.80015e+03 1.64357e+02
1.78833e+03 1.64357e+02
1.77650e+03 1.64357e+02
1.76468e+03 1.64357e+02
1.75286e+03 1.64357e+02
9.01554e+02 1.64357e+02
8.89730e+02 1.64357e+02
8.77906e+02 1.64357e+02
8.66083e+02 1.64357e+02
8.54259e+02 1.64357e+02
8.42435e+02 1.64357e+02
8.30612e+02 1.64357e+02
8.18788e+02 1.64357e+02
8.06964e+02 1.64357e+02
7.95141e+02 1.64357e+02
7.83317e+02 1.64357e+02
7.71494e+02 1.64357e+02
5.11373e+02 1.64357e+02
5.23196e+02 1.64357e+02
5.70491e+02 1.64357e+02
5.82315e+02 1.64357e+02
5.94138e+02 1.64357e+02
6.29609e+02 1.64357e+02
6.41433e+02 1.64357e+02
7.00551e+02 1.64357e+02
7.12375e+02 1.64357e+02
1.49274e+03 1.64357e+02
1.50456e+03 1.64357e+02
1.55185e+03 1.64357e+02
1.56368e+03 1.64357e+02
1.57550e+03 1.64357e+02
1.61097e+03 1.64357e+02
1.62280e+03 1.64357e+02
1.68192e+03 1.64357e+02
1.69374e+03 1.64357e+02
1.88883e+03 1.58452e+02
1.87701e+03 1.58452e+02
1.86518e+03 1.58452e+02
1.85336e+03 1.58452e+02
1.84153e+03 1.58452e+02
1.82971e+03 1.58452e+02
1.81789e+03 1.58452e+02
1.80606e+03 1.58452e+02
1.79424e+03 1.58452e+02
1.78242e+03 1.58452e+02
1.77059e+03 1.58452e+02
1.75877e+03 1.58452e+02
9.07466e+02 1.58452e+02
8.95642e+02 1.58452e+02
8.83818e+02 1.58452e+02
8.71994e+02 1.58452e+02
8.60171e+02 1.58452e+02
8.48347e+02 1.58452e+02
8.36524e+02 1.58452e+02
8.24700e+02 1.58452e+02
8.12876e+02 1.58452e+02
8.01053e+02 1.58452e+02
7.89229e+02 1.58452e+02
7.77405e+02 1.58452e+02
5.17285e+02 1.58451e+02
5.52756e+02 1.58451e+02
5.64579e+02 1.58451e+02
5.76403e+02 1.58451e+02
6.59169e+02 1.58451e+02
6.70992e+02 1.58451e+02
7.06463e+02 1.58451e+02
7.18287e+02 1.58451e+02
7.30111e+02 1.58451e+02
1.49865e+03 1.58451e+02
1.53412e+03 1.58451e+02
1.54594e+03 1.58451e+02
1.55777e+03 1.58451e+02
1.64053e+03 1.58451e+02
1.65236e+03 1.58451e+02
1.68783e+03 1.58451e+02
1.69965e+03 1.58451e+02
1.71147e+03 1.58451e+02
1.88292e+03 1.52547e+02
1.87109e+03 1.52547e+02
1.85927e+03 1.52547e+02
1.84745e+03 1.52547e+02
1.83562e+03 1.52547e+02
1.82380e+03 1.52547e+02
1.81197e+03 1.52547e+02
1.80015e+03 1.52547e+02
1.78833e+03 1.52547e+02
1.77650e+03 1.52547e+02
1.76468e+03 1.52547e+02
1.75286e+03 1.52547e+02
9.01554e+02 1.52547e+02
8.89730e+02 1.52547e+02
8.77906e+02 1.52547e+02
8.66083e+02 1.52547e+02
8.54259e+02 1.52547e+02
8.42435e+02 1.52547e+02
8.30612e+02 1.52547e+02
8.18788e+02 1.52547e+02
8.06964e+02 1.52547e+02
7.95141e+02 1.52547e+02
7.83317e+02 1.52547e+02
7.71494e+02 1.52547e+02
5.11373e+02 1.52546e+02
5.23196e+02 1.52546e+02
5.46844e+02 1.52546e+02
5.58668e+02 1.52546e+02
5.82315e+02 1.52546e+02
6.05962e+02 1.52546e+02
6.29609e+02 1.52546e+02
6.53257e+02 1.52546e+02
6.65081e+02 1.52546e+02
6.88728e+02 1.52546e+02
7.00551e+02 1.52546e+02
7.12375e+02 1.52546e+02
7.24199e+02 1.52546e+02
7.36022e+02 1.52546e+02
7.47846e+02 1.52546e+02
1.49274e+03 1.52546e+02
1.50456e+03 1.52546e+02
1.52821e+03 1.52546e+02
1.54003e+03 1.52546e+02
1.56368e+03 1.52546e+02
1.58733e+03 1.52546e+02
1.61097e+03 1.52546e+02
1.63462e+03 1.52546e+02
1.64644e+03 1.52546e+02
1.67009e+03 1.52546e+02
1.68192e+03 1.52546e+02
1.69374e+03 1.52546e+02
1.70556e+03 1.52546e+02
1.71739e+03 1.52546e+02
1.72921e+03 1.52546e+02
1.88587e+03 2.05102e+03
1.87405e+03 2.05102e+03
1.86222e+03 2.05102e+03
1.85040e+03 2.05102e+03
1.83858e+03 2.05102e+03
1.82675e+03 2.05102e+03
1.81493e+03 2.05102e+03
1.80311e+03 2.05102e+03
1.79128e+03 2.05102e+03
1.77946e+03 2.05102e+03
1.76764e+03 2.05102e+03
1.75581e+03 2.05102e+03
9.04510e+02 2.05102e+03
8.92686e+02 2.05102e+03
8.80862e+02 2.05102e+03
8.69039e+02 2.05102e+03
8.57215e+02 2.05102e+03
8.45391e+02 2.05102e+03
8.33568e+02 2.05102e+03
8.21744e+02 2.05102e+03
8.09920e+02 2.05102e+03
7.98097e+02 2.05102e+03
7.86273e+02 2.05102e+03
7.74450e+02 2.05102e+03
7.68538e+02 2.04511e+03
7.80361e+02 2.04511e+03
7.92185e+02 2.04511e+03
8.04009e+02 2.04511e+03
8.15832e+02 2.04511e+03
8.27656e+02 2.04511e+03
8.39479e+02 2.04511e+03
8.51303e+02 2.04511e+03
8.63127e+02 2.04511e+03
8.74950e+02 2.04511e+03
8.86774e+02 2.04511e+03
8.98598e+02 2.04511e+03
9.10422e+02 2.04511e+03
1.74990e+03 2.04511e+03
1.76172e+03 2.04511e+03
1.77355e+03 2.04511e+03
1.78537e+03 2.04511e+03
1.79719e+03 2.04511e+03
1.80902e+03 2.04511e+03
1.82084e+03 2.04511e+03
1.83267e+03 2.04511e+03
1.84449e+03 2.04511e+03
1.85631e+03 2.04511e+03
1.86814e+03 2.04511e+03
1.87996e+03 2.04511e+03
1.89178e+03 2.04511e+03
1.88587e+03 2.03921e+03
1.87405e+03 2.03921e+03
1.86222e+03 2.03921e+03
1.85040e+03 2.03921e+03
1.83858e+03 2.03921e+03
1.82675e+03 2.03921e+03
1.81493e+03 2.03921e+03
1.80311e+03 2.03921e+03
1.79128e+03 2.03921e+03
1.77946e+03 2.03921e+03
1.76764e+03 2.03921e+03
1.75581e+03 2.03921e+03
9.04510e+02 2.03921e+03
8.92686e+02 2.03921e+03
8.80862e+02 2.03921e+03
8.69039e+02 2.03921e+03
8.57215e+02 2.03921e+03
8.45391e+02 2.03921e+03
8.33568e+02 2.03921e+03
8.21744e+02 2.03921e+03
8.09920e+02 2.03921e+03
7.98097e+02 2.03921e+03
7.86273e+02 2.03921e+03
7.74450e+02 2.03921e+03
7.68538e+02 2.03330e+03
7.80361e+02 2.03330e+03
7.92185e+02 2.03330e+03
8.04009e+02 2.03330e+03
8.15832e+02 2.03330e+03
8.27656e+02 2.03330e+03
8.39479e+02 2.03330e+03
8.51303e+02 2.03330e+03
8.63127e+02 2.03330e+03
8.74950e+02 2.03330e+03
8.86774e+02 2.03330e+03
8.98598e+02 2.03330e+03
9.10422e+02 2.03330e+03
1.74990e+03 2.03330e+03
1.76172e+03 2.03330e+03
1.77355e+03 2.03330e+03
1.78537e+03 2.03330e+03
1.79719e+03 2.03330e+03
1.80902e+03 2.03330e+03
1.82084e+03 2.03330e+03
1.83267e+03 2.03330e+03
1.84449e+03 2.03330e+03
1.85631e+03 2.03330e+03
1.86814e+03 2.03330e+03
1.87996e+03 2.03330e+03
1.89178e+03 2.03330e+03
1.88587e+03 2.02740e+03
1.87405e+03 2.02740e+03
1.86222e+03 2.02740e+03
1.85040e+03 2.02740e+03
1.83858e+03 2.02740e+03
1.82675e+03 2.02740e+03
1.81493e+03 2.02740e+03
1.80311e+03 2.02740e+03
1.79128e+03 2.02740e+03
1.77946e+03 2.02740e+03
1.76764e+03 2.02740e+03
1.75581e+03 2.02740e+03
9.04510e+02 2.02740e+03
8.92686e+02 2.02740e+03
8.80862e+02 2.02740e+03
8.69039e+02 2.02740e+03
8.57215e+02 2.02740e+03
8.45391e+02 2.02740e+03
8.33568e+02 2.02740e+03
8.21744e+02 2.02740e+03
8.09920e+02 2.02740e+03
7.98097e+02 2.02740e+03
7.86273e+02 2.02740e+03
7.74450e+02 2.02740e+03
7.74450e+02 1.73215e+02
7.86273e+02 1.73215e+02
7.98097e+02 1.73215e+02
8.09920e+02 1.73215e+02
8.21744e+02 1.73215e+02
8.33568e+02 1.73215e+02
8.45391e+02 1.73215e+02
8.57215e+02 1.73215e+02
8.69039e+02 1.73215e+02
8.80862e+02 1.73215e+02
8.92686e+02 1.73215e+02
9.04510e+02 1.73215e+02
1.75581e+03 1.73215e+02
1.76764e+03 1.73215e+02
1.77946e+03 1.73215e+02
1.79128e+03 1.73215e+02
1.80311e+03 1.73215e+02
1.81493e+03 1.73215e+02
1.82675e+03 1.73215e+02
1.83858e+03 1.73215e+02
1.85040e+03 1.73215e+02
1.86222e+03 1.73215e+02
1.87405e+03 1.73215e+02
1.88587e+03 1.73215e+02
1.89178e+03 1.67310e+02
1.87996e+03 1.67310e+02
1.86814e+03 1.67310e+02
1.85631e+03 1.67310e+02
1.84449e+03 1.67310e+02
1.83267e+03 1.67310e+02
1.82084e+03 1.67310e+02
1.80902e+03 1.67310e+02
1.79719e+03 1.67310e+02
1.78537e+03 1.67310e+02
1.77355e+03 1.67310e+02
1.76172e+03 1.67310e+02
1.74990e+03 1.67310e+02
9.10422e+02 1.67310e+02
8.98598e+02 1.67310e+02
8.86774e+02 1.67310e+02
8.74950e+02 1.67310e+02
8.63127e+02 1.67310e+02
8.51303e+02 1.67310e+02
8.39479e+02 1.67310e+02
8.27656e+02 1.67310e+02
8.15832e+02 1.67310e+02
8.04009e+02 1.67310e+02
7.92185e+02 1.67310e+02
7.80361e+02 1.67310e+02
7.68538e+02 1.67310e+02
7.74450e+02 1.61405e+02
7.86273e+02 1.61405e+02
7.98097e+02 1.61405e+02
8.09920e+02 1.61405e+02
8.21744e+02 1.61405e+02
8.33568e+02 1.61405e+02
8.45391e+02 1.61405e+02
8.57215e+02 1.61405e+02
8.69039e+02 1.61405e+02
8.80862e+02 1.61405e+02
8.92686e+02 1.61405e+02
9.04510e+02 1.61405e+02
1.75581e+03 1.61405e+02
1.76764e+03 1.61405e+02
1.77946e+03 1.61405e+02
1.79128e+03 1.61405e+02
1.80311e+03 1.61405e+02
1.81493e+03 1.61405e+02
1.82675e+03 1.61405e+02
1.83858e+03 1.61405e+02
1.85040e+03 1.61405e+02
1.86222e+03 1.61405e+02
1.87405e+03 1.61405e+02
1.88587e+03 1.61405e+02
1.89178e+03 1.55500e+02
1.87996e+03 1.55500e+02
1.86814e+03 1.55500e+02
1.85631e+03 1.55500e+02
1.84449e+03 1.55500e+02
1.83267e+03 1.55500e+02
1.82084e+03 1.55500e+02
1.80902e+03 1.55500e+02
1.79719e+03 1.55500e+02
1.78537e+03 1.55500e+02
1.77355e+03 1.55500e+02
1.76172e+03 1.55500e+02
1.74990e+03 1.55500e+02
9.10422e+02 1.55500e+02
8.98598e+02 1.55500e+02
8.86774e+02 1.55500e+02
8.74950e+02 1.55500e+02
8.63127e+02 1.55500e+02
8.51303e+02 1.55500e+02
8.39479e+02 1.55500e+02
8.27656e+02 1.55500e+02
8.15832e+02 1.55500e+02
8.04009e+02 1.55500e+02
7.92185e+02 1.55500e+02
7.80361e+02 1.55500e+02
7.68538e+02 1.55500e+02
7.74450e+02 1.49595e+02
7.86273e+02 1.49595e+02
7.98097e+02 1.49595e+02
8.09920e+02 1.49595e+02
8.21744e+02 1.49595e+02
8.33568e+02 1.49595e+02
8.45391e+02 1.49595e+02
8.57215e+02 1.49595e+02
8.69039e+02 1.49595e+02
8.80862e+02 1.49595e+02
8.92686e+02 1.49595e+02
9.04510e+02 1.49595e+02
1.75581e+03 1.49595e+02
1.76764e+03 1.49595e+02
1.77946e+03 1.49595e+02
1.79128e+03 1.49595e+02
1.80311e+03 1.49595e+02
1.81493e+03 1.49595e+02
1.82675e+03 1.49595e+02
1.83858e+03 1.49595e+02
1.85040e+03 1.49595e+02
1.86222e+03 1.49595e+02
1.87405e+03 1.49595e+02
1.88587e+03 1.49595e+02
0.00000e+00 0.00000e+00
2.10461e+03 1.96835e+03
1.40110e+03 1.96835e+03
2.95591e+02 1.96835e+03
1.23557e+03 1.95654e+03
1.34790e+03 1.96244e+03
1.40110e+03 1.94473e+03
1.21193e+03 1.94473e+03
1.21193e+03 1.93292e+03
1.35381e+03 1.93292e+03
1.30060e+03 1.92701e+03
1.17645e+03 1.92111e+03
1.21193e+03 1.92111e+03
1.37746e+03 1.92111e+03
1.33016e+03 1.90930e+03
1.30651e+03 1.90930e+03
1.23557e+03 1.90930e+03
1.15281e+03 1.90930e+03
1.15281e+03 1.89748e+03
1.23557e+03 1.89748e+03
1.30651e+03 1.89748e+03
1.37746e+03 1.88568e+03
1.30651e+03 1.88568e+03
1.12916e+03 1.88568e+03
1.12916e+03 1.87386e+03
1.37746e+03 1.87386e+03
1.66714e+03 1.74986e+03
6.73948e+02 1.74986e+03
7.38978e+02 1.74395e+03
1.73217e+03 1.74395e+03
1.85040e+03 1.72033e+03
8.57215e+02 1.72033e+03
3.66533e+02 1.49004e+03
7.74450e+02 1.51956e+03
1.24740e+03 1.51956e+03
1.76764e+03 1.51956e+03
2.06914e+03 1.47823e+03
1.37154e+03 1.41918e+03
1.11733e+03 1.24793e+03
1.23557e+03 1.24793e+03
1.23557e+03 1.27155e+03
1.77946e+03 1.38965e+03
1.79128e+03 1.41327e+03
1.85040e+03 1.41327e+03
1.37746e+03 1.22431e+03
1.23557e+03 1.22431e+03
3.31062e+02 1.14755e+03
1.75581e+03 1.15345e+03
1.74399e+03 1.14164e+03
1.22966e+03 1.00583e+03
1.21784e+03 9.94014e+02
1.14098e+03 7.99148e+02
1.20010e+03 7.99148e+02
1.22375e+03 7.99148e+02
1.24740e+03 7.99148e+02
1.34198e+03 7.99148e+02
1.37746e+03 7.99148e+02
1.17054e+03 7.93243e+02
1.20010e+03 7.87338e+02
1.22375e+03 7.87338e+02
1.33016e+03 7.87338e+02
1.34790e+03 7.81433e+02
1.18237e+03 7.81433e+02
1.17645e+03 7.75528e+02
1.22375e+03 7.75528e+02
1.33016e+03 7.75528e+02
1.32425e+03 7.69623e+02
1.27695e+03 7.69623e+02
1.19419e+03 7.69623e+02
1.14098e+03 7.63718e+02
1.20010e+03 7.63718e+02
1.29469e+03 7.63718e+02
1.34198e+03 7.63718e+02
1.24740e+03 7.51908e+02
1.22375e+03 5.39326e+02
1.36563e+03 5.98377e+02
2.10461e+03 2.32264e+02
2.95591e+02 2.32264e+02
1.20897e+03 1.95949e+03
1.22079e+03 1.95949e+03
1.23262e+03 1.95949e+03
1.24444e+03 1.95949e+03
1.25626e+03 1.95949e+03
1.29173e+03 1.95949e+03
1.30356e+03 1.95949e+03
1.37450e+03 1.97130e+03
1.38632e+03 1.97130e+03
1.39815e+03 1.97130e+03
1.30947e+03 1.95358e+03
1.29765e+03 1.95358e+03
1.17941e+03 1.94177e+03
1.19123e+03 1.94177e+03
1.20306e+03 1.94177e+03
1.34494e+03 1.94177e+03
1.35677e+03 1.94177e+03
1.36859e+03 1.94177e+03
1.38041e+03 1.94177e+03
1.39224e+03 1.94177e+03
1.26809e+03 1.93587e+03
1.25626e+03 1.93587e+03
1.24444e+03 1.93587e+03
1.23262e+03 1.93587e+03
1.22079e+03 1.93587e+03
1.16167e+03 1.93587e+03
1.14985e+03 1.93587e+03
1.13803e+03 1.93587e+03
1.12620e+03 1.93587e+03
1.11438e+03 1.93587e+03
1.13211e+03 1.92996e+03
1.14394e+03 1.92996e+03
1.15576e+03 1.92996e+03
1.16759e+03 1.92996e+03
1.17941e+03 1.92996e+03
1.30947e+03 1.92996e+03
1.32129e+03 1.92996e+03
1.33312e+03 1.92996e+03
1.34494e+03 1.92996e+03
1.36268e+03 1.92406e+03
1.35085e+03 1.92406e+03
1.33903e+03 1.92406e+03
1.32720e+03 1.92406e+03
1.31538e+03 1.92406e+03
1.30356e+03 1.92406e+03
1.22079e+03 1.92406e+03
1.20897e+03 1.92406e+03
1.19715e+03 1.92406e+03
1.18532e+03 1.92406e+03
1.20306e+03 1.91815e+03
1.27400e+03 1.91815e+03
1.28582e+03 1.91815e+03
1.29765e+03 1.91815e+03
1.30947e+03 1.91815e+03
1.38041e+03 1.91815e+03
1.39224e+03 1.91815e+03
1.40406e+03 1.91815e+03
1.41588e+03 1.91815e+03
1.23262e+03 1.91225e+03
1.22079e+03 1.91225e+03
1.20897e+03 1.91225e+03
1.19715e+03 1.91225e+03
1.07300e+03 1.90634e+03
1.08482e+03 1.90634e+03
1.09664e+03 1.90634e+03
1.10847e+03 1.90634e+03
1.12029e+03 1.90634e+03
1.13211e+03 1.90634e+03
1.14394e+03 1.90634e+03
1.26218e+03 1.90634e+03
1.27400e+03 1.90634e+03
1.28582e+03 1.90634e+03
1.29765e+03 1.90634e+03
1.33312e+03 1.90634e+03
1.34494e+03 1.90634e+03
1.35677e+03 1.90634e+03
1.36859e+03 1.90634e+03
1.35085e+03 1.90044e+03
1.33903e+03 1.90044e+03
1.32720e+03 1.90044e+03
1.31538e+03 1.90044e+03
1.28582e+03 1.89453e+03
1.27400e+03 1.89453e+03
1.26218e+03 1.89453e+03
1.25035e+03 1.89453e+03
1.23853e+03 1.89453e+03
1.14394e+03 1.89453e+03
1.13211e+03 1.89453e+03
1.12029e+03 1.89453e+03
1.10847e+03 1.89453e+03
1.09664e+03 1.89453e+03
1.27991e+03 1.88863e+03
1.29173e+03 1.88863e+03
1.30356e+03 1.88863e+03
1.31538e+03 1.88863e+03
1.41588e+03 1.88272e+03
1.40406e+03 1.88272e+03
1.39224e+03 1.88272e+03
1.38041e+03 1.88272e+03
1.29765e+03 1.88272e+03
1.28582e+03 1.88272e+03
1.12029e+03 1.88272e+03
1.10847e+03 1.88272e+03
1.09664e+03 1.88272e+03
1.08482e+03 1.88272e+03
1.32720e+03 1.87682e+03
1.33903e+03 1.87682e+03
1.35085e+03 1.87682e+03
1.36268e+03 1.87682e+03
1.37450e+03 1.87682e+03
1.38632e+03 1.87682e+03
1.36859e+03 1.87091e+03
1.35677e+03 1.87091e+03
1.34494e+03 1.87091e+03
1.33312e+03 1.87091e+03
1.23853e+03 1.87091e+03
1.22670e+03 1.87091e+03
1.21488e+03 1.87091e+03
1.20306e+03 1.87091e+03
1.19123e+03 1.87091e+03
1.17941e+03 1.87091e+03
1.16759e+03 1.87091e+03
1.15576e+03 1.87091e+03
1.14394e+03 1.87091e+03
1.13211e+03 1.87091e+03
1.22079e+03 1.86501e+03
1.23262e+03 1.86501e+03
1.24444e+03 1.86501e+03
1.25626e+03 1.86501e+03
1.26809e+03 1.86501e+03
1.27991e+03 1.86501e+03
1.29173e+03 1.86501e+03
1.30356e+03 1.86501e+03
1.65827e+03 1.74691e+03
6.65081e+02 1.74691e+03
6.70992e+02 1.74100e+03
6.82816e+02 1.74100e+03
6.94640e+02 1.74100e+03
7.06463e+02 1.74100e+03
7.18287e+02 1.74100e+03
7.30111e+02 1.74100e+03
1.66418e+03 1.74100e+03
1.67600e+03 1.74100e+03
1.68783e+03 1.74100e+03
1.69965e+03 1.74100e+03
1.71147e+03 1.74100e+03
1.72330e+03 1.74100e+03
1.87109e+03 1.72329e+03
1.85927e+03 1.72329e+03
8.77906e+02 1.72329e+03
8.66083e+02 1.72329e+03
7.83317e+02 1.52252e+03
7.95141e+02 1.52252e+03
8.06964e+02 1.52252e+03
8.18788e+02 1.52252e+03
8.30612e+02 1.52252e+03
1.77651e+03 1.52252e+03
1.78833e+03 1.52252e+03
1.80015e+03 1.52252e+03
1.81198e+03 1.52252e+03
1.82380e+03 1.52252e+03
1.23853e+03 1.51661e+03
1.22670e+03 1.51661e+03
1.21488e+03 1.51661e+03
1.20306e+03 1.51661e+03
1.19123e+03 1.51661e+03
1.17941e+03 1.51661e+03
1.16759e+03 1.51661e+03
1.15576e+03 1.51661e+03
1.14394e+03 1.51661e+03
1.13211e+03 1.51661e+03
1.12029e+03 1.51661e+03
1.10847e+03 1.51661e+03
1.09664e+03 1.51661e+03
1.08482e+03 1.51661e+03
1.07300e+03 1.51661e+03
1.06117e+03 1.51661e+03
1.04935e+03 1.51661e+03
1.03753e+03 1.51661e+03
1.02570e+03 1.51661e+03
1.01388e+03 1.51661e+03
1.00205e+03 1.51661e+03
9.90231e+02 1.51661e+03
9.78407e+02 1.51661e+03
9.66584e+02 1.51661e+03
9.54760e+02 1.51661e+03
9.42937e+02 1.51661e+03
9.31113e+02 1.51661e+03
9.19289e+02 1.51661e+03
9.07466e+02 1.51661e+03
8.95642e+02 1.51661e+03
8.83818e+02 1.51661e+03
8.71994e+02 1.51661e+03
8.60171e+02 1.51661e+03
8.48347e+02 1.51661e+03
8.36524e+02 1.51661e+03
8.24700e+02 1.51661e+03
8.12876e+02 1.51661e+03
8.01053e+02 1.51661e+03
7.89229e+02 1.51661e+03
7.77405e+02 1.51661e+03
7.65581e+02 1.51661e+03
7.53758e+02 1.51661e+03
7.41934e+02 1.51661e+03
7.30111e+02 1.51661e+03
7.18287e+02 1.51661e+03
7.06463e+02 1.51661e+03
6.94640e+02 1.51661e+03
6.82816e+02 1.51661e+03
6.70992e+02 1.51661e+03
6.59169e+02 1.51661e+03
6.47345e+02 1.51661e+03
6.35521e+02 1.51661e+03
6.23698e+02 1.51661e+03
6.11874e+02 1.51661e+03
6.00050e+02 1.51661e+03
5.88227e+02 1.51661e+03
5.76403e+02 1.51661e+03
5.64579e+02 1.51661e+03
5.52756e+02 1.51661e+03
5.40932e+02 1.51661e+03
5.29108e+02 1.51661e+03
5.17285e+02 1.51661e+03
5.05461e+02 1.51661e+03
4.93637e+02 1.51661e+03
4.81814e+02 1.51661e+03
4.69990e+02 1.51661e+03
4.58166e+02 1.51661e+03
4.46343e+02 1.51661e+03
4.34519e+02 1.51661e+03
4.22696e+02 1.51661e+03
4.10872e+02 1.51661e+03
3.99048e+02 1.51661e+03
3.87224e+02 1.51661e+03
3.75401e+02 1.51661e+03
3.63577e+02 1.51661e+03
3.51753e+02 1.51661e+03
3.69489e+02 1.48708e+03
3.81313e+02 1.48708e+03
3.93136e+02 1.48708e+03
4.04960e+02 1.48708e+03
4.16784e+02 1.48708e+03
4.28607e+02 1.48708e+03
4.40431e+02 1.48708e+03
4.52255e+02 1.48708e+03
4.64078e+02 1.48708e+03
4.75902e+02 1.48708e+03
4.87725e+02 1.48708e+03
4.99549e+02 1.48708e+03
5.11373e+02 1.48708e+03
5.23196e+02 1.48708e+03
5.35020e+02 1.48708e+03
5.46844e+02 1.48708e+03
5.58668e+02 1.48708e+03
5.70491e+02 1.48708e+03
5.82315e+02 1.48708e+03
5.94138e+02 1.48708e+03
6.05962e+02 1.48708e+03
6.17786e+02 1.48708e+03
6.29609e+02 1.48708e+03
6.41433e+02 1.48708e+03
6.53257e+02 1.48708e+03
6.65081e+02 1.48708e+03
6.76904e+02 1.48708e+03
6.88728e+02 1.48708e+03
7.00551e+02 1.48708e+03
7.12375e+02 1.48708e+03
7.24199e+02 1.48708e+03
7.36022e+02 1.48708e+03
7.47846e+02 1.48708e+03
7.59670e+02 1.48708e+03
7.71494e+02 1.48708e+03
7.83317e+02 1.48708e+03
7.95141e+02 1.48708e+03
8.06964e+02 1.48708e+03
8.18788e+02 1.48708e+03
8.30612e+02 1.48708e+03
8.42435e+02 1.48708e+03
8.54259e+02 1.48708e+03
8.66083e+02 1.48708e+03
8.77906e+02 1.48708e+03
8.89730e+02 1.48708e+03
9.01554e+02 1.48708e+03
9.13377e+02 1.48708e+03
9.25201e+02 1.48708e+03
9.37025e+02 1.48708e+03
9.48848e+02 1.48708e+03
9.60672e+02 1.48708e+03
9.72496e+02 1.48708e+03
9.84319e+02 1.48708e+03
9.96143e+02 1.48708e+03
1.00797e+03 1.48708e+03
1.01979e+03 1.48708e+03
1.03161e+03 1.48708e+03
1.04344e+03 1.48708e+03
1.05526e+03 1.48708e+03
1.06708e+03 1.48708e+03
1.07891e+03 1.48708e+03
1.09073e+03 1.48708e+03
1.10256e+03 1.48708e+03
1.11438e+03 1.48708e+03
1.12620e+03 1.48708e+03
1.13803e+03 1.48708e+03
1.14985e+03 1.48708e+03
1.16167e+03 1.48708e+03
1.17350e+03 1.48708e+03
1.18532e+03 1.48708e+03
1.19715e+03 1.48708e+03
1.20897e+03 1.48708e+03
2.06027e+03 1.47528e+03
2.04845e+03 1.47528e+03
2.03662e+03 1.47528e+03
2.02480e+03 1.47528e+03
2.01298e+03 1.47528e+03
2.00115e+03 1.47528e+03
1.98933e+03 1.47528e+03
1.97751e+03 1.47528e+03
1.96568e+03 1.47528e+03
1.95386e+03 1.47528e+03
1.94204e+03 1.47528e+03
1.93021e+03 1.47528e+03
1.91839e+03 1.47528e+03
1.90656e+03 1.47528e+03
1.89474e+03 1.47528e+03
1.88292e+03 1.47528e+03
1.87109e+03 1.47528e+03
1.85927e+03 1.47528e+03
1.84745e+03 1.47528e+03
1.83562e+03 1.47528e+03
1.82380e+03 1.47528e+03
1.81198e+03 1.47528e+03
1.80015e+03 1.47528e+03
1.78833e+03 1.47528e+03
1.77651e+03 1.47528e+03
1.76468e+03 1.47528e+03
1.75286e+03 1.47528e+03
1.74103e+03 1.47528e+03
1.72921e+03 1.47528e+03
1.71739e+03 1.47528e+03
1.70556e+03 1.47528e+03
1.69374e+03 1.47528e+03
1.68192e+03 1.47528e+03
1.67009e+03 1.47528e+03
1.65827e+03 1.47528e+03
1.64644e+03 1.47528e+03
1.63462e+03 1.47528e+03
1.62280e+03 1.47528e+03
1.61097e+03 1.47528e+03
1.59915e+03 1.47528e+03
1.58733e+03 1.47528e+03
1.57550e+03 1.47528e+03
1.56368e+03 1.47528e+03
1.55185e+03 1.47528e+03
1.54003e+03 1.47528e+03
1.52821e+03 1.47528e+03
1.51638e+03 1.47528e+03
1.50456e+03 1.47528e+03
1.49274e+03 1.47528e+03
1.48091e+03 1.47528e+03
1.46909e+03 1.47528e+03
1.45727e+03 1.47528e+03
1.44544e+03 1.47528e+03
1.43362e+03 1.47528e+03
1.42180e+03 1.47528e+03
1.40997e+03 1.47528e+03
1.39815e+03 1.47528e+03
1.38632e+03 1.47528e+03
1.37450e+03 1.47528e+03
1.36268e+03 1.47528e+03
1.35085e+03 1.47528e+03
1.33903e+03 1.47528e+03
1.32720e+03 1.47528e+03
1.31538e+03 1.47528e+03
1.30356e+03 1.47528e+03
1.29173e+03 1.47528e+03
1.27991e+03 1.47528e+03
1.26809e+03 1.47528e+03
1.25626e+03 1.47528e+03
1.24444e+03 1.47528e+03
1.23262e+03 1.47528e+03
1.22079e+03 1.47528e+03
1.25035e+03 1.44575e+03
1.26218e+03 1.44575e+03
1.27400e+03 1.44575e+03
1.28582e+03 1.44575e+03
1.29765e+03 1.44575e+03
1.30947e+03 1.44575e+03
1.32129e+03 1.44575e+03
1.33312e+03 1.44575e+03
1.34494e+03 1.44575e+03
1.35677e+03 1.44575e+03
1.36859e+03 1.44575e+03
1.38041e+03 1.44575e+03
1.39224e+03 1.44575e+03
1.40406e+03 1.44575e+03
1.41588e+03 1.44575e+03
1.42771e+03 1.44575e+03
1.43953e+03 1.44575e+03
1.45135e+03 1.44575e+03
1.46318e+03 1.44575e+03
1.47500e+03 1.44575e+03
1.48682e+03 1.44575e+03
1.49865e+03 1.44575e+03
1.51047e+03 1.44575e+03
1.52230e+03 1.44575e+03
1.53412e+03 1.44575e+03
1.54594e+03 1.44575e+03
1.55777e+03 1.44575e+03
1.56959e+03 1.44575e+03
1.58141e+03 1.44575e+03
1.59324e+03 1.44575e+03
1.60506e+03 1.44575e+03
1.61689e+03 1.44575e+03
1.62871e+03 1.44575e+03
1.64053e+03 1.44575e+03
1.65236e+03 1.44575e+03
1.66418e+03 1.44575e+03
1.67600e+03 1.44575e+03
1.68783e+03 1.44575e+03
1.69965e+03 1.44575e+03
1.71147e+03 1.44575e+03
1.72330e+03 1.44575e+03
1.73512e+03 1.44575e+03
1.74695e+03 1.44575e+03
1.75877e+03 1.44575e+03
1.77059e+03 1.44575e+03
1.78242e+03 1.44575e+03
1.78833e+03 1.41622e+03
1.77651e+03 1.41622e+03
1.76468e+03 1.41622e+03
1.75286e+03 1.41622e+03
1.74103e+03 1.41622e+03
1.72921e+03 1.41622e+03
1.71739e+03 1.41622e+03
1.70556e+03 1.41622e+03
1.69374e+03 1.41622e+03
1.68192e+03 1.41622e+03
1.67009e+03 1.41622e+03
1.65827e+03 1.41622e+03
1.64644e+03 1.41622e+03
1.36268e+03 1.41622e+03
1.35085e+03 1.41622e+03
1.33903e+03 1.41622e+03
1.32720e+03 1.41622e+03
1.31538e+03 1.41622e+03
1.30356e+03 1.41622e+03
1.29173e+03 1.41622e+03
1.36859e+03 1.41032e+03
1.38041e+03 1.41032e+03
1.39224e+03 1.41032e+03
1.40406e+03 1.41032e+03
1.41588e+03 1.41032e+03
1.42771e+03 1.41032e+03
1.43953e+03 1.41032e+03
1.45135e+03 1.41032e+03
1.46318e+03 1.41032e+03
1.47500e+03 1.41032e+03
1.48682e+03 1.41032e+03
1.49865e+03 1.41032e+03
1.51047e+03 1.41032e+03
1.52230e+03 1.41032e+03
1.53412e+03 1.41032e+03
1.54594e+03 1.41032e+03
1.55777e+03 1.41032e+03
1.56959e+03 1.41032e+03
1.58141e+03 1.41032e+03
1.59324e+03 1.41032e+03
1.60506e+03 1.41032e+03
1.61689e+03 1.41032e+03
1.62871e+03 1.41032e+03
1.64053e+03 1.41032e+03
1.65236e+03 1.41032e+03
1.66418e+03 1.41032e+03
1.67600e+03 1.41032e+03
1.68783e+03 1.41032e+03
1.69965e+03 1.41032e+03
1.71147e+03 1.41032e+03
1.72330e+03 1.41032e+03
1.73512e+03 1.41032e+03
1.74695e+03 1.41032e+03
1.75877e+03 1.41032e+03
1.77059e+03 1.41032e+03
1.78242e+03 1.41032e+03
1.79424e+03 1.41032e+03
1.80606e+03 1.41032e+03
1.81789e+03 1.41032e+03
1.82971e+03 1.41032e+03
1.84154e+03 1.41032e+03
1.79424e+03 1.39851e+03
1.78242e+03 1.39851e+03
1.77059e+03 1.39851e+03
1.75877e+03 1.39851e+03
1.74695e+03 1.39851e+03
1.73512e+03 1.39851e+03
1.72330e+03 1.39851e+03
1.71147e+03 1.39851e+03
1.69965e+03 1.39851e+03
1.68783e+03 1.39851e+03
1.67600e+03 1.39851e+03
1.66418e+03 1.39851e+03
1.65236e+03 1.39851e+03
1.64053e+03 1.39851e+03
1.78833e+03 1.39260e+03
1.80015e+03 1.39260e+03
1.81198e+03 1.39260e+03
1.81198e+03 1.27450e+03
1.80015e+03 1.27450e+03
1.78833e+03 1.27450e+03
1.77651e+03 1.27450e+03
1.76468e+03 1.27450e+03
1.75286e+03 1.27450e+03
1.74103e+03 1.27450e+03
1.72921e+03 1.27450e+03
1.71739e+03 1.27450e+03
1.70556e+03 1.27450e+03
1.69374e+03 1.27450e+03
1.68192e+03 1.27450e+03
1.67009e+03 1.27450e+03
1.65827e+03 1.27450e+03
1.64644e+03 1.27450e+03
1.63462e+03 1.27450e+03
1.62280e+03 1.27450e+03
1.61097e+03 1.27450e+03
1.59915e+03 1.27450e+03
1.58733e+03 1.27450e+03
1.57550e+03 1.27450e+03
1.56368e+03 1.27450e+03
1.55185e+03 1.27450e+03
1.54003e+03 1.27450e+03
1.52821e+03 1.27450e+03
1.51638e+03 1.27450e+03
1.50456e+03 1.27450e+03
1.49274e+03 1.27450e+03
1.48091e+03 1.27450e+03
1.46909e+03 1.27450e+03
1.45727e+03 1.27450e+03
1.44544e+03 1.27450e+03
1.43362e+03 1.27450e+03
1.42180e+03 1.27450e+03
1.40997e+03 1.27450e+03
1.39815e+03 1.27450e+03
1.38632e+03 1.27450e+03
1.37450e+03 1.27450e+03
1.36268e+03 1.27450e+03
1.35085e+03 1.27450e+03
1.33903e+03 1.27450e+03
1.32720e+03 1.27450e+03
1.31538e+03 1.27450e+03
1.30356e+03 1.27450e+03
1.29173e+03 1.27450e+03
1.27991e+03 1.27450e+03
1.26809e+03 1.27450e+03
1.25626e+03 1.27450e+03
1.24444e+03 1.27450e+03
1.12620e+03 1.25088e+03
1.13803e+03 1.25088e+03
1.14985e+03 1.25088e+03
1.16167e+03 1.25088e+03
1.17350e+03 1.25088e+03
1.18532e+03 1.25088e+03
1.19715e+03 1.25088e+03
1.20897e+03 1.25088e+03
1.22079e+03 1.25088e+03
1.23262e+03 1.25088e+03
1.24444e+03 1.25088e+03
1.25626e+03 1.25088e+03
1.26809e+03 1.25088e+03
1.27991e+03 1.25088e+03
1.29173e+03 1.25088e+03
1.30356e+03 1.25088e+03
1.31538e+03 1.25088e+03
1.32720e+03 1.25088e+03
1.33903e+03 1.25088e+03
1.35085e+03 1.25088e+03
1.36268e+03 1.25088e+03
1.37450e+03 1.25088e+03
1.38632e+03 1.25088e+03
1.39815e+03 1.25088e+03
1.40997e+03 1.25088e+03
1.42180e+03 1.25088e+03
1.43362e+03 1.25088e+03
1.44544e+03 1.25088e+03
1.45727e+03 1.25088e+03
1.46909e+03 1.25088e+03
1.48091e+03 1.25088e+03
1.49274e+03 1.25088e+03
1.50456e+03 1.25088e+03
1.51638e+03 1.25088e+03
1.52821e+03 1.25088e+03
1.54003e+03 1.25088e+03
1.55185e+03 1.25088e+03
1.56368e+03 1.25088e+03
1.57550e+03 1.25088e+03
1.58733e+03 1.25088e+03
1.59915e+03 1.25088e+03
1.61097e+03 1.25088e+03
1.62280e+03 1.25088e+03
1.63462e+03 1.25088e+03
1.64644e+03 1.25088e+03
1.65827e+03 1.25088e+03
1.67009e+03 1.25088e+03
1.68192e+03 1.25088e+03
1.69374e+03 1.25088e+03
1.70556e+03 1.25088e+03
1.71739e+03 1.25088e+03
1.72921e+03 1.25088e+03
1.74103e+03 1.25088e+03
1.80606e+03 1.24498e+03
1.79424e+03 1.24498e+03
1.78242e+03 1.24498e+03
1.77059e+03 1.24498e+03
1.75877e+03 1.24498e+03
1.74695e+03 1.24498e+03
1.73512e+03 1.24498e+03
1.72330e+03 1.24498e+03
1.71147e+03 1.24498e+03
1.69965e+03 1.24498e+03
1.68783e+03 1.24498e+03
1.67600e+03 1.24498e+03
1.66418e+03 1.24498e+03
1.65236e+03 1.24498e+03
1.64053e+03 1.24498e+03
1.62871e+03 1.24498e+03
1.61689e+03 1.24498e+03
1.60506e+03 1.24498e+03
1.59324e+03 1.24498e+03
1.58141e+03 1.24498e+03
1.56959e+03 1.24498e+03
1.55777e+03 1.24498e+03
1.54594e+03 1.24498e+03
1.53412e+03 1.24498e+03
1.52230e+03 1.24498e+03
1.51047e+03 1.24498e+03
1.49865e+03 1.24498e+03
1.48682e+03 1.24498e+03
1.47500e+03 1.24498e+03
1.46318e+03 1.24498e+03
1.45135e+03 1.24498e+03
1.43953e+03 1.24498e+03
1.42771e+03 1.24498e+03
1.41588e+03 1.24498e+03
1.40406e+03 1.24498e+03
1.39224e+03 1.24498e+03
1.38041e+03 1.24498e+03
1.36859e+03 1.24498e+03
1.35677e+03 1.24498e+03
1.34494e+03 1.24498e+03
1.33312e+03 1.24498e+03
1.32129e+03 1.24498e+03
1.30947e+03 1.24498e+03
1.29765e+03 1.24498e+03
1.28582e+03 1.24498e+03
1.27400e+03 1.24498e+03
1.26218e+03 1.24498e+03
1.25035e+03 1.24498e+03
1.23853e+03 1.24498e+03
1.24444e+03 1.22726e+03
1.25626e+03 1.22726e+03
1.26809e+03 1.22726e+03
1.27991e+03 1.22726e+03
1.29173e+03 1.22726e+03
1.30356e+03 1.22726e+03
1.31538e+03 1.22726e+03
1.32720e+03 1.22726e+03
1.33903e+03 1.22726e+03
1.35085e+03 1.22726e+03
1.36268e+03 1.22726e+03
1.37450e+03 1.22726e+03
1.38632e+03 1.22726e+03
1.39815e+03 1.22726e+03
1.40997e+03 1.22726e+03
1.42180e+03 1.22726e+03
1.43362e+03 1.22726e+03
1.44544e+03 1.22726e+03
1.45727e+03 1.22726e+03
1.46909e+03 1.22726e+03
1.48091e+03 1.22726e+03
1.49274e+03 1.22726e+03
1.50456e+03 1.22726e+03
1.51638e+03 1.22726e+03
1.52821e+03 1.22726e+03
1.54003e+03 1.22726e+03
1.55185e+03 1.22726e+03
1.56368e+03 1.22726e+03
1.57550e+03 1.22726e+03
1.58733e+03 1.22726e+03
1.59915e+03 1.22726e+03
1.61097e+03 1.22726e+03
1.62280e+03 1.22726e+03
1.63462e+03 1.22726e+03
1.64644e+03 1.22726e+03
1.65827e+03 1.22726e+03
1.67009e+03 1.22726e+03
1.68192e+03 1.22726e+03
1.69374e+03 1.22726e+03
1.70556e+03 1.22726e+03
1.71739e+03 1.22726e+03
1.72921e+03 1.22726e+03
1.74103e+03 1.22726e+03
1.75286e+03 1.22726e+03
1.76468e+03 1.22726e+03
1.77651e+03 1.22726e+03
1.78833e+03 1.22726e+03
1.85336e+03 1.22136e+03
1.84154e+03 1.22136e+03
1.82971e+03 1.22136e+03
1.81789e+03 1.22136e+03
1.80606e+03 1.22136e+03
1.79424e+03 1.22136e+03
1.78242e+03 1.22136e+03
1.77059e+03 1.22136e+03
1.75877e+03 1.22136e+03
1.74695e+03 1.22136e+03
1.73512e+03 1.22136e+03
1.72330e+03 1.22136e+03
1.71147e+03 1.22136e+03
1.69965e+03 1.22136e+03
1.68783e+03 1.22136e+03
1.67600e+03 1.22136e+03
1.66418e+03 1.22136e+03
1.65236e+03 1.22136e+03
1.64053e+03 1.22136e+03
1.62871e+03 1.22136e+03
1.61689e+03 1.22136e+03
1.60506e+03 1.22136e+03
1.59324e+03 1.22136e+03
1.58141e+03 1.22136e+03
1.56959e+03 1.22136e+03
1.55777e+03 1.22136e+03
1.54594e+03 1.22136e+03
1.53412e+03 1.22136e+03
1.52230e+03 1.22136e+03
1.51047e+03 1.22136e+03
1.49865e+03 1.22136e+03
1.48682e+03 1.22136e+03
1.47500e+03 1.22136e+03
1.46318e+03 1.22136e+03
1.45135e+03 1.22136e+03
1.43953e+03 1.22136e+03
1.42771e+03 1.22136e+03
1.41588e+03 1.22136e+03
1.40406e+03 1.22136e+03
1.39224e+03 1.22136e+03
1.38041e+03 1.22136e+03
1.13803e+03 1.15640e+03
1.14985e+03 1.15640e+03
1.16167e+03 1.15640e+03
1.17350e+03 1.15640e+03
1.18532e+03 1.15640e+03
1.19715e+03 1.15640e+03
1.20897e+03 1.15640e+03
1.22079e+03 1.15640e+03
1.23262e+03 1.15640e+03
1.24444e+03 1.15640e+03
1.25626e+03 1.15640e+03
1.26809e+03 1.15640e+03
1.27991e+03 1.15640e+03
1.29173e+03 1.15640e+03
1.30356e+03 1.15640e+03
1.31538e+03 1.15640e+03
1.32720e+03 1.15640e+03
1.33903e+03 1.15640e+03
1.35085e+03 1.15640e+03
1.36268e+03 1.15640e+03
1.37450e+03 1.15640e+03
1.38632e+03 1.15640e+03
1.39815e+03 1.15640e+03
1.40997e+03 1.15640e+03
1.42180e+03 1.15640e+03
1.43362e+03 1.15640e+03
1.44544e+03 1.15640e+03
1.45727e+03 1.15640e+03
1.46909e+03 1.15640e+03
1.48091e+03 1.15640e+03
1.49274e+03 1.15640e+03
1.50456e+03 1.15640e+03
1.51638e+03 1.15640e+03
1.52821e+03 1.15640e+03
1.54003e+03 1.15640e+03
1.55185e+03 1.15640e+03
1.56368e+03 1.15640e+03
1.57550e+03 1.15640e+03
1.58733e+03 1.15640e+03
1.59915e+03 1.15640e+03
1.61097e+03 1.15640e+03
1.62280e+03 1.15640e+03
1.63462e+03 1.15640e+03
1.64644e+03 1.15640e+03
1.65827e+03 1.15640e+03
1.67009e+03 1.15640e+03
1.68192e+03 1.15640e+03
1.69374e+03 1.15640e+03
1.70556e+03 1.15640e+03
1.71739e+03 1.15640e+03
1.72921e+03 1.15640e+03
1.74103e+03 1.15640e+03
1.75286e+03 1.15640e+03
1.22670e+03 1.15050e+03
1.21488e+03 1.15050e+03
1.20306e+03 1.15050e+03
1.19123e+03 1.15050e+03
1.17941e+03 1.15050e+03
1.16759e+03 1.15050e+03
1.15576e+03 1.15050e+03
1.14394e+03 1.15050e+03
1.13211e+03 1.15050e+03
1.12029e+03 1.15050e+03
1.10847e+03 1.15050e+03
1.09664e+03 1.15050e+03
1.08482e+03 1.15050e+03
1.07300e+03 1.15050e+03
1.06117e+03 1.15050e+03
1.04935e+03 1.15050e+03
1.03753e+03 1.15050e+03
1.02570e+03 1.15050e+03
1.01388e+03 1.15050e+03
1.00205e+03 1.15050e+03
9.90231e+02 1.15050e+03
9.78407e+02 1.15050e+03
9.66584e+02 1.15050e+03
9.54760e+02 1.15050e+03
9.42937e+02 1.15050e+03
9.31113e+02 1.15050e+03
9.19289e+02 1.15050e+03
9.07466e+02 1.15050e+03
8.95642e+02 1.15050e+03
8.83818e+02 1.15050e+03
8.71994e+02 1.15050e+03
8.60171e+02 1.15050e+03
8.48347e+02 1.15050e+03
8.36524e+02 1.15050e+03
8.24700e+02 1.15050e+03
8.12876e+02 1.15050e+03
8.01053e+02 1.15050e+03
7.89229e+02 1.15050e+03
7.77405e+02 1.15050e+03
7.65581e+02 1.15050e+03
7.53758e+02 1.15050e+03
7.41934e+02 1.15050e+03
7.30111e+02 1.15050e+03
7.18287e+02 1.15050e+03
7.06463e+02 1.15050e+03
6.94640e+02 1.15050e+03
6.82816e+02 1.15050e+03
6.70992e+02 1.15050e+03
6.59169e+02 1.15050e+03
6.47345e+02 1.15050e+03
6.35521e+02 1.15050e+03
6.23698e+02 1.15050e+03
6.11874e+02 1.15050e+03
6.00050e+02 1.15050e+03
5.88227e+02 1.15050e+03
5.76403e+02 1.15050e+03
5.64579e+02 1.15050e+03
5.52756e+02 1.15050e+03
5.40932e+02 1.15050e+03
5.29108e+02 1.15050e+03
5.17285e+02 1.15050e+03
5.05461e+02 1.15050e+03
4.93637e+02 1.15050e+03
4.81814e+02 1.15050e+03
4.69990e+02 1.15050e+03
4.58166e+02 1.15050e+03
4.46343e+02 1.15050e+03
4.34519e+02 1.15050e+03
4.22696e+02 1.15050e+03
4.10872e+02 1.15050e+03
3.99048e+02 1.15050e+03
3.87224e+02 1.15050e+03
3.75401e+02 1.15050e+03
3.63577e+02 1.15050e+03
3.51753e+02 1.15050e+03
3.39930e+02 1.15050e+03
1.12620e+03 1.14459e+03
1.13803e+03 1.14459e+03
1.14985e+03 1.14459e+03
1.16167e+03 1.14459e+03
1.17350e+03 1.14459e+03
1.18532e+03 1.14459e+03
1.19715e+03 1.14459e+03
1.20897e+03 1.14459e+03
1.22079e+03 1.14459e+03
1.23262e+03 1.14459e+03
1.24444e+03 1.14459e+03
1.25626e+03 1.14459e+03
1.26809e+03 1.14459e+03
1.27991e+03 1.14459e+03
1.29173e+03 1.14459e+03
1.30356e+03 1.14459e+03
1.31538e+03 1.14459e+03
1.32720e+03 1.14459e+03
1.33903e+03 1.14459e+03
1.35085e+03 1.14459e+03
1.36268e+03 1.14459e+03
1.37450e+03 1.14459e+03
1.38632e+03 1.14459e+03
1.39815e+03 1.14459e+03
1.40997e+03 1.14459e+03
1.42180e+03 1.14459e+03
1.43362e+03 1.14459e+03
1.44544e+03 1.14459e+03
1.45727e+03 1.14459e+03
1.46909e+03 1.14459e+03
1.48091e+03 1.14459e+03
1.49274e+03 1.14459e+03
1.50456e+03 1.14459e+03
1.51638e+03 1.14459e+03
1.52821e+03 1.14459e+03
1.54003e+03 1.14459e+03
1.55185e+03 1.14459e+03
1.56368e+03 1.14459e+03
1.57550e+03 1.14459e+03
1.58733e+03 1.14459e+03
1.59915e+03 1.14459e+03
1.61097e+03 1.14459e+03
1.62280e+03 1.14459e+03
1.63462e+03 1.14459e+03
1.64644e+03 1.14459e+03
1.65827e+03 1.14459e+03
1.67009e+03 1.14459e+03
1.68192e+03 1.14459e+03
1.69374e+03 1.14459e+03
1.70556e+03 1.14459e+03
1.71739e+03 1.14459e+03
1.72921e+03 1.14459e+03
1.74103e+03 1.14459e+03
1.22079e+03 1.00287e+03
1.20897e+03 1.00287e+03
1.19715e+03 1.00287e+03
1.18532e+03 1.00287e+03
1.17350e+03 1.00287e+03
1.22670e+03 9.96967e+02
1.23853e+03 9.96967e+02
1.25035e+03 9.96967e+02
1.40997e+03 8.02101e+02
1.39815e+03 8.02101e+02
1.38632e+03 8.02101e+02
1.37450e+03 8.02101e+02
1.36268e+03 8.02101e+02
1.35085e+03 8.02101e+02
1.30356e+03 8.02101e+02
1.29173e+03 8.02101e+02
1.27991e+03 8.02101e+02
1.26809e+03 8.02101e+02
1.25626e+03 8.02101e+02
1.22079e+03 8.02101e+02
1.20897e+03 8.02101e+02
1.19715e+03 8.02101e+02
1.18532e+03 8.02101e+02
1.17350e+03 8.02101e+02
1.13803e+03 8.02101e+02
1.12620e+03 8.02101e+02
1.11438e+03 8.02101e+02
1.10256e+03 8.02101e+02
1.09073e+03 8.02101e+02
1.07891e+03 8.02101e+02
1.08482e+03 7.96196e+02
1.09664e+03 7.96196e+02
1.10847e+03 7.96196e+02
1.12029e+03 7.96196e+02
1.13211e+03 7.96196e+02
1.14394e+03 7.96196e+02
1.15576e+03 7.96196e+02
1.16759e+03 7.96196e+02
1.17941e+03 7.96196e+02
1.19123e+03 7.96196e+02
1.22670e+03 7.96196e+02
1.23853e+03 7.96196e+02
1.25035e+03 7.96196e+02
1.26218e+03 7.96196e+02
1.27400e+03 7.96196e+02
1.28582e+03 7.96196e+02
1.34494e+03 7.96196e+02
1.35677e+03 7.96196e+02
1.36859e+03 7.96196e+02
1.38632e+03 7.90290e+02
1.37450e+03 7.90290e+02
1.36268e+03 7.90290e+02
1.35085e+03 7.90290e+02
1.33903e+03 7.90290e+02
1.26809e+03 7.90290e+02
1.25626e+03 7.90290e+02
1.24444e+03 7.90290e+02
1.23262e+03 7.90290e+02
1.16167e+03 7.90290e+02
1.14985e+03 7.90290e+02
1.13803e+03 7.90290e+02
1.12620e+03 7.90290e+02
1.20306e+03 7.84386e+02
1.21488e+03 7.84386e+02
1.22670e+03 7.84386e+02
1.23853e+03 7.84386e+02
1.28582e+03 7.84386e+02
1.29765e+03 7.84386e+02
1.30947e+03 7.84386e+02
1.32129e+03 7.84386e+02
1.33312e+03 7.84386e+02
1.34494e+03 7.84386e+02
1.37450e+03 7.78481e+02
1.36268e+03 7.78481e+02
1.35085e+03 7.78481e+02
1.25626e+03 7.78481e+02
1.24444e+03 7.78481e+02
1.23262e+03 7.78481e+02
1.17350e+03 7.78481e+02
1.16167e+03 7.78481e+02
1.14985e+03 7.78481e+02
1.13803e+03 7.78481e+02
1.12620e+03 7.78481e+02
1.11438e+03 7.78481e+02
1.10256e+03 7.78481e+02
1.09073e+03 7.78481e+02
1.07891e+03 7.78481e+02
1.06708e+03 7.78481e+02
1.05526e+03 7.78481e+02
1.04344e+03 7.78481e+02
1.03161e+03 7.78481e+02
1.01979e+03 7.78481e+02
1.00797e+03 7.78481e+02
9.96143e+02 7.78481e+02
9.84319e+02 7.78481e+02
9.72496e+02 7.78481e+02
9.60672e+02 7.78481e+02
9.48848e+02 7.78481e+02
9.37025e+02 7.78481e+02
9.25201e+02 7.78481e+02
9.13377e+02 7.78481e+02
9.01554e+02 7.78481e+02
8.89730e+02 7.78481e+02
8.77906e+02 7.78481e+02
8.66083e+02 7.78481e+02
8.54259e+02 7.78481e+02
8.42435e+02 7.78481e+02
8.30612e+02 7.78481e+02
8.18788e+02 7.78481e+02
8.06964e+02 7.78481e+02
7.95141e+02 7.78481e+02
7.83317e+02 7.78481e+02
7.71494e+02 7.78481e+02
7.59670e+02 7.78481e+02
7.47846e+02 7.78481e+02
7.36022e+02 7.78481e+02
1.16759e+03 7.72576e+02
1.28582e+03 7.72576e+02
1.29765e+03 7.72576e+02
1.30947e+03 7.72576e+02
1.32129e+03 7.72576e+02
1.33312e+03 7.72576e+02
1.34494e+03 7.72576e+02
1.35677e+03 7.72576e+02
1.36859e+03 7.72576e+02
1.38041e+03 7.72576e+02
1.39224e+03 7.72576e+02
1.40406e+03 7.72576e+02
1.41588e+03 7.72576e+02
1.32720e+03 7.66670e+02
1.31538e+03 7.66670e+02
1.23262e+03 7.66670e+02
1.22079e+03 7.66670e+02
1.20897e+03 7.66670e+02
1.19715e+03 7.66670e+02
1.09664e+03 7.60765e+02
1.10847e+03 7.60765e+02
1.12029e+03 7.60765e+02
1.13211e+03 7.60765e+02
1.20306e+03 7.60765e+02
1.21488e+03 7.60765e+02
1.22670e+03 7.60765e+02
1.23853e+03 7.60765e+02
1.26218e+03 7.60765e+02
1.27400e+03 7.60765e+02
1.28582e+03 7.60765e+02
1.34494e+03 7.60765e+02
1.32720e+03 7.54861e+02
1.31538e+03 7.54861e+02
1.20897e+03 7.54861e+02
1.19715e+03 7.54861e+02
1.14985e+03 7.54861e+02
1.13803e+03 7.54861e+02
1.13211e+03 7.48955e+02
1.14394e+03 7.48955e+02
1.15576e+03 7.48955e+02
1.22670e+03 7.48955e+02
1.23853e+03 7.48955e+02
1.36268e+03 7.43050e+02
1.27991e+03 7.43050e+02
1.26809e+03 7.43050e+02
1.16167e+03 7.31240e+02
1.14985e+03 7.31240e+02
1.13803e+03 7.31240e+02
1.12620e+03 7.31240e+02
1.11438e+03 7.31240e+02
1.38041e+03 7.25335e+02
1.39224e+03 7.25335e+02
1.40406e+03 7.25335e+02
1.39815e+03 7.19430e+02
1.38632e+03 7.19430e+02
1.37450e+03 7.19430e+02
1.36268e+03 7.19430e+02
7.89229e+02 5.48184e+02
8.01053e+02 5.48184e+02
8.12876e+02 5.48184e+02
8.24700e+02 5.48184e+02
8.36524e+02 5.48184e+02
8.48347e+02 5.48184e+02
8.60171e+02 5.48184e+02
8.71994e+02 5.48184e+02
8.83818e+02 5.48184e+02
8.95642e+02 5.48184e+02
9.07466e+02 5.48184e+02
9.19289e+02 5.48184e+02
9.31113e+02 5.48184e+02
9.42937e+02 5.48184e+02
9.54760e+02 5.48184e+02
9.66584e+02 5.48184e+02
9.78407e+02 5.48184e+02
9.90231e+02 5.48184e+02
1.00205e+03 5.48184e+02
1.01388e+03 5.48184e+02
1.02570e+03 5.48184e+02
1.03753e+03 5.48184e+02
1.04935e+03 5.48184e+02
1.06117e+03 5.48184e+02
1.07300e+03 5.48184e+02
1.08482e+03 5.48184e+02
1.09664e+03 5.48184e+02
1.10847e+03 5.48184e+02
1.12029e+03 5.48184e+02
1.13211e+03 5.48184e+02
1.14394e+03 5.48184e+02
1.15576e+03 5.48184e+02
1.16759e+03 5.48184e+02
1.17941e+03 5.48184e+02
1.19123e+03 5.48184e+02
1.20306e+03 5.48184e+02
1.21488e+03 5.48184e+02
1.22670e+03 5.48184e+02
1.37450e+03 6.01329e+02
1.38632e+03 6.01329e+02
1.39815e+03 6.01329e+02
1.40997e+03 6.01329e+02
1.42180e+03 6.01329e+02
1.43362e+03 6.01329e+02
1.44544e+03 6.01329e+02
1.45727e+03 6.01329e+02
1.46909e+03 6.01329e+02
1.48091e+03 6.01329e+02
1.49274e+03 6.01329e+02
1.50456e+03 6.01329e+02
1.51638e+03 6.01329e+02
1.52821e+03 6.01329e+02
1.54003e+03 6.01329e+02
1.55185e+03 6.01329e+02
1.56368e+03 6.01329e+02
1.57550e+03 6.01329e+02
1.58733e+03 6.01329e+02
1.59915e+03 6.01329e+02
1.61097e+03 6.01329e+02
1.62280e+03 6.01329e+02
1.63462e+03 6.01329e+02
1.64644e+03 6.01329e+02
1.65827e+03 6.01329e+02
1.67009e+03 6.01329e+02
1.68192e+03 6.01329e+02
1.69374e+03 6.01329e+02
1.70556e+03 6.01329e+02
1.71739e+03 6.01329e+02
1.72921e+03 6.01329e+02
1.74103e+03 6.01329e+02
1.75286e+03 6.01329e+02
1.76468e+03 6.01329e+02
1.77651e+03 6.01329e+02
1.78833e+03 6.01329e+02
1.80015e+03 6.01329e+02
1.81198e+03 6.01329e+02
1.82380e+03 6.01329e+02
1.83562e+03 6.01329e+02
1.84745e+03 6.01329e+02
1.85927e+03 6.01329e+02
1.87109e+03 6.01329e+02
1.88292e+03 6.01329e+02
1.89474e+03 6.01329e+02
1.90656e+03 6.01329e+02
1.91839e+03 6.01329e+02
1.93021e+03 6.01329e+02
1.94204e+03 6.01329e+02
1.95386e+03 6.01329e+02
1.96568e+03 6.01329e+02
1.97751e+03 6.01329e+02
1.98933e+03 6.01329e+02
2.00115e+03 6.01329e+02
2.01298e+03 6.01329e+02
2.02480e+03 6.01329e+02
2.03662e+03 6.01329e+02
2.04845e+03 6.01329e+02
2.06027e+03 6.01329e+02
2.07210e+03 6.01329e+02
2.08392e+03 6.01329e+02
1.21488e+03 5.36374e+02
1.20306e+03 5.36374e+02
1.19123e+03 5.36374e+02
1.17941e+03 5.36374e+02
1.21488e+03 1.95949e+03
1.22670e+03 1.95949e+03
1.23853e+03 1.95949e+03
1.25035e+03 1.95949e+03
1.26218e+03 1.95949e+03
1.28582e+03 1.95949e+03
1.29765e+03 1.95949e+03
1.35085e+03 1.96539e+03
1.38041e+03 1.97130e+03
1.39224e+03 1.97130e+03
1.30356e+03 1.95358e+03
1.17350e+03 1.94177e+03
1.18532e+03 1.94177e+03
1.19715e+03 1.94177e+03
1.20897e+03 1.94177e+03
1.33903e+03 1.94177e+03
1.35085e+03 1.94177e+03
1.36268e+03 1.94177e+03
1.37450e+03 1.94177e+03
1.38632e+03 1.94177e+03
1.39815e+03 1.94177e+03
1.26218e+03 1.93587e+03
1.25035e+03 1.93587e+03
1.23853e+03 1.93587e+03
1.22670e+03 1.93587e+03
1.21488e+03 1.93587e+03
1.15576e+03 1.93587e+03
1.14394e+03 1.93587e+03
1.13211e+03 1.93587e+03
1.12029e+03 1.93587e+03
1.10847e+03 1.93587e+03
1.13803e+03 1.92996e+03
1.14985e+03 1.92996e+03
1.16167e+03 1.92996e+03
1.17350e+03 1.92996e+03
1.18532e+03 1.92996e+03
1.30356e+03 1.92996e+03
1.31538e+03 1.92996e+03
1.32720e+03 1.92996e+03
1.33903e+03 1.92996e+03
1.35085e+03 1.92996e+03
1.35677e+03 1.92406e+03
1.34494e+03 1.92406e+03
1.33312e+03 1.92406e+03
1.32129e+03 1.92406e+03
1.30947e+03 1.92406e+03
1.21488e+03 1.92406e+03
1.20306e+03 1.92406e+03
1.19123e+03 1.92406e+03
1.17941e+03 1.92406e+03
1.19715e+03 1.91815e+03
1.20897e+03 1.91815e+03
1.27991e+03 1.91815e+03
1.29173e+03 1.91815e+03
1.30356e+03 1.91815e+03
1.38632e+03 1.91815e+03
1.39815e+03 1.91815e+03
1.40997e+03 1.91815e+03
1.22670e+03 1.91225e+03
1.21488e+03 1.91225e+03
1.20306e+03 1.91225e+03
1.19123e+03 1.91225e+03
1.07891e+03 1.90634e+03
1.09073e+03 1.90634e+03
1.10256e+03 1.90634e+03
1.11438e+03 1.90634e+03
1.12620e+03 1.90634e+03
1.13803e+03 1.90634e+03
1.14985e+03 1.90634e+03
1.25626e+03 1.90634e+03
1.26809e+03 1.90634e+03
1.27991e+03 1.90634e+03
1.29173e+03 1.90634e+03
1.30356e+03 1.90634e+03
1.33903e+03 1.90634e+03
1.35085e+03 1.90634e+03
1.36268e+03 1.90634e+03
1.34494e+03 1.90044e+03
1.33312e+03 1.90044e+03
1.32129e+03 1.90044e+03
1.30947e+03 1.90044e+03
1.27991e+03 1.89453e+03
1.26809e+03 1.89453e+03
1.25626e+03 1.89453e+03
1.24444e+03 1.89453e+03
1.14985e+03 1.89453e+03
1.13803e+03 1.89453e+03
1.12620e+03 1.89453e+03
1.11438e+03 1.89453e+03
1.10256e+03 1.89453e+03
1.09073e+03 1.89453e+03
1.28582e+03 1.88863e+03
1.29765e+03 1.88863e+03
1.30947e+03 1.88863e+03
1.32129e+03 1.88863e+03
1.40997e+03 1.88272e+03
1.39815e+03 1.88272e+03
1.38632e+03 1.88272e+03
1.30356e+03 1.88272e+03
1.29173e+03 1.88272e+03
1.27991e+03 1.88272e+03
1.12620e+03 1.88272e+03
1.11438e+03 1.88272e+03
1.10256e+03 1.88272e+03
1.09073e+03 1.88272e+03
1.33312e+03 1.87682e+03
1.34494e+03 1.87682e+03
1.35677e+03 1.87682e+03
1.36859e+03 1.87682e+03
1.38041e+03 1.87682e+03
1.37450e+03 1.87091e+03
1.36268e+03 1.87091e+03
1.35085e+03 1.87091e+03
1.33903e+03 1.87091e+03
1.32720e+03 1.87091e+03
1.24444e+03 1.87091e+03
1.23262e+03 1.87091e+03
1.22079e+03 1.87091e+03
1.20897e+03 1.87091e+03
1.19715e+03 1.87091e+03
1.18532e+03 1.87091e+03
1.17350e+03 1.87091e+03
1.16167e+03 1.87091e+03
1.14985e+03 1.87091e+03
1.13803e+03 1.87091e+03
1.21488e+03 1.86501e+03
1.22670e+03 1.86501e+03
1.23853e+03 1.86501e+03
1.25035e+03 1.86501e+03
1.26218e+03 1.86501e+03
1.27400e+03 1.86501e+03
1.28582e+03 1.86501e+03
1.29765e+03 1.86501e+03
1.30947e+03 1.86501e+03
1.66418e+03 1.74691e+03
6.70992e+02 1.74691e+03
6.76904e+02 1.74100e+03
6.88728e+02 1.74100e+03
7.00551e+02 1.74100e+03
7.12375e+02 1.74100e+03
7.24199e+02 1.74100e+03
7.36022e+02 1.74100e+03
1.67009e+03 1.74100e+03
1.68192e+03 1.74100e+03
1.69374e+03 1.74100e+03
1.70556e+03 1.74100e+03
1.71739e+03 1.74100e+03
1.72921e+03 1.74100e+03
1.86518e+03 1.72329e+03
1.85336e+03 1.72329e+03
8.71994e+02 1.72329e+03
8.60171e+02 1.72329e+03
7.77405e+02 1.52252e+03
7.89229e+02 1.52252e+03
8.01053e+02 1.52252e+03
8.12876e+02 1.52252e+03
8.24700e+02 1.52252e+03
1.77059e+03 1.52252e+03
1.78242e+03 1.52252e+03
1.79424e+03 1.52252e+03
1.80606e+03 1.52252e+03
1.81789e+03 1.52252e+03
1.24444e+03 1.51661e+03
1.23262e+03 1.51661e+03
1.22079e+03 1.51661e+03
1.20897e+03 1.51661e+03
1.19715e+03 1.51661e+03
1.18532e+03 1.51661e+03
1.17350e+03 1.51661e+03
1.16167e+03 1.51661e+03
1.14985e+03 1.51661e+03
1.13803e+03 1.51661e+03
1.12620e+03 1.51661e+03
1.11438e+03 1.51661e+03
1.10256e+03 1.51661e+03
1.09073e+03 1.51661e+03
1.07891e+03 1.51661e+03
1.06708e+03 1.51661e+03
1.05526e+03 1.51661e+03
1.04344e+03 1.51661e+03
1.03161e+03 1.51661e+03
1.01979e+03 1.51661e+03
1.00797e+03 1.51661e+03
9.96143e+02 1.51661e+03
9.84319e+02 1.51661e+03
9.72496e+02 1.51661e+03
9.60672e+02 1.51661e+03
9.48848e+02 1.51661e+03
9.37025e+02 1.51661e+03
9.25201e+02 1.51661e+03
9.13377e+02 1.51661e+03
9.01554e+02 1.51661e+03
8.89730e+02 1.51661e+03
8.77906e+02 1.51661e+03
8.66083e+02 1.51661e+03
8.54259e+02 1.51661e+03
8.42435e+02 1.51661e+03
8.30612e+02 1.51661e+03
8.18788e+02 1.51661e+03
8.06964e+02 1.51661e+03
7.95141e+02 1.51661e+03
7.83317e+02 1.51661e+03
7.71494e+02 1.51661e+03
7.59670e+02 1.51661e+03
7.47846e+02 1.51661e+03
7.36022e+02 1.51661e+03
7.24199e+02 1.51661e+03
7.12375e+02 1.51661e+03
7.00551e+02 1.51661e+03
6.88728e+02 1.51661e+03
6.76904e+02 1.51661e+03
6.65081e+02 1.51661e+03
6.53257e+02 1.51661e+03
6.41433e+02 1.51661e+03
6.29609e+02 1.51661e+03
6.17786e+02 1.51661e+03
6.05962e+02 1.51661e+03
5.94138e+02 1.51661e+03
5.82315e+02 1.51661e+03
5.70491e+02 1.51661e+03
5.58668e+02 1.51661e+03
5.46844e+02 1.51661e+03
5.35020e+02 1.51661e+03
5.23196e+02 1.51661e+03
5.11373e+02 1.51661e+03
4.99549e+02 1.51661e+03
4.87725e+02 1.51661e+03
4.75902e+02 1.51661e+03
4.64078e+02 1.51661e+03
4.52255e+02 1.51661e+03
4.40431e+02 1.51661e+03
4.28607e+02 1.51661e+03
4.16784e+02 1.51661e+03
4.04960e+02 1.51661e+03
3.93136e+02 1.51661e+03
3.81313e+02 1.51661e+03
3.69489e+02 1.51661e+03
3.57665e+02 1.51661e+03
3.45842e+02 1.51661e+03
3.75401e+02 1.48708e+03
3.87224e+02 1.48708e+03
3.99048e+02 1.48708e+03
4.10872e+02 1.48708e+03
4.22696e+02 1.48708e+03
4.34519e+02 1.48708e+03
4.46343e+02 1.48708e+03
4.58166e+02 1.48708e+03
4.69990e+02 1.48708e+03
4.81814e+02 1.48708e+03
4.93637e+02 1.48708e+03
5.05461e+02 1.48708e+03
5.17285e+02 1.48708e+03
5.29108e+02 1.48708e+03
5.40932e+02 1.48708e+03
5.52756e+02 1.48708e+03
5.64579e+02 1.48708e+03
5.76403e+02 1.48708e+03
5.88227e+02 1.48708e+03
6.00050e+02 1.48708e+03
6.11874e+02 1.48708e+03
6.23698e+02 1.48708e+03
6.35521e+02 1.48708e+03
6.47345e+02 1.48708e+03
6.59169e+02 1.48708e+03
6.70992e+02 1.48708e+03
6.82816e+02 1.48708e+03
6.94640e+02 1.48708e+03
7.06463e+02 1.48708e+03
7.18287e+02 1.48708e+03
7.30111e+02 1.48708e+03
7.41934e+02 1.48708e+03
7.53758e+02 1.48708e+03
7.65581e+02 1.48708e+03
7.77405e+02 1.48708e+03
7.89229e+02 1.48708e+03
8.01053e+02 1.48708e+03
8.12876e+02 1.48708e+03
8.24700e+02 1.48708e+03
8.36524e+02 1.48708e+03
8.48347e+02 1.48708e+03
8.60171e+02 1.48708e+03
8.71994e+02 1.48708e+03
8.83818e+02 1.48708e+03
8.95642e+02 1.48708e+03
9.07466e+02 1.48708e+03
9.19289e+02 1.48708e+03
9.31113e+02 1.48708e+03
9.42937e+02 1.48708e+03
9.54760e+02 1.48708e+03
9.66584e+02 1.48708e+03
9.78407e+02 1.48708e+03
9.90231e+02 1.48708e+03
1.00205e+03 1.48708e+03
1.01388e+03 1.48708e+03
1.02570e+03 1.48708e+03
1.03753e+03 1.48708e+03
1.04935e+03 1.48708e+03
1.06117e+03 1.48708e+03
1.07300e+03 1.48708e+03
1.08482e+03 1.48708e+03
1.09664e+03 1.48708e+03
1.10847e+03 1.48708e+03
1.12029e+03 1.48708e+03
1.13211e+03 1.48708e+03
1.14394e+03 1.48708e+03
1.15576e+03 1.48708e+03
1.16759e+03 1.48708e+03
1.17941e+03 1.48708e+03
1.19123e+03 1.48708e+03
1.20306e+03 1.48708e+03
1.21488e+03 1.48708e+03
2.06618e+03 1.47528e+03
2.05436e+03 1.47528e+03
2.04254e+03 1.47528e+03
2.03071e+03 1.47528e+03
2.01889e+03 1.47528e+03
2.00707e+03 1.47528e+03
1.99524e+03 1.47528e+03
1.98342e+03 1.47528e+03
1.97159e+03 1.47528e+03
1.95977e+03 1.47528e+03
1.94795e+03 1.47528e+03
1.93612e+03 1.47528e+03
1.92430e+03 1.47528e+03
1.91248e+03 1.47528e+03
1.90065e+03 1.47528e+03
1.88883e+03 1.47528e+03
1.87701e+03 1.47528e+03
1.86518e+03 1.47528e+03
1.85336e+03 1.47528e+03
1.84154e+03 1.47528e+03
1.82971e+03 1.47528e+03
1.81789e+03 1.47528e+03
1.80606e+03 1.47528e+03
1.79424e+03 1.47528e+03
1.78242e+03 1.47528e+03
1.77059e+03 1.47528e+03
1.75877e+03 1.47528e+03
1.74695e+03 1.47528e+03
1.73512e+03 1.47528e+03
1.72330e+03 1.47528e+03
1.71147e+03 1.47528e+03
1.69965e+03 1.47528e+03
1.68783e+03 1.47528e+03
1.67600e+03 1.47528e+03
1.66418e+03 1.47528e+03
1.65236e+03 1.47528e+03
1.64053e+03 1.47528e+03
1.62871e+03 1.47528e+03
1.61689e+03 1.47528e+03
1.60506e+03 1.47528e+03
1.59324e+03 1.47528e+03
1.58141e+03 1.47528e+03
1.56959e+03 1.47528e+03
1.55777e+03 1.47528e+03
1.54594e+03 1.47528e+03
1.53412e+03 1.47528e+03
1.52230e+03 1.47528e+03
1.51047e+03 1.47528e+03
1.49865e+03 1.47528e+03
1.48682e+03 1.47528e+03
1.47500e+03 1.47528e+03
1.46318e+03 1.47528e+03
1.45135e+03 1.47528e+03
1.43953e+03 1.47528e+03
1.42771e+03 1.47528e+03
1.41588e+03 1.47528e+03
1.40406e+03 1.47528e+03
1.39224e+03 1.47528e+03
1.38041e+03 1.47528e+03
1.36859e+03 1.47528e+03
1.35677e+03 1.47528e+03
1.34494e+03 1.47528e+03
1.33312e+03 1.47528e+03
1.32129e+03 1.47528e+03
1.30947e+03 1.47528e+03
1.29765e+03 1.47528e+03
1.28582e+03 1.47528e+03
1.27400e+03 1.47528e+03
1.26218e+03 1.47528e+03
1.25035e+03 1.47528e+03
1.23853e+03 1.47528e+03
1.22670e+03 1.47528e+03
1.21488e+03 1.47528e+03
1.25626e+03 1.44575e+03
1.26809e+03 1.44575e+03
1.27991e+03 1.44575e+03
1.29173e+03 1.44575e+03
1.30356e+03 1.44575e+03
1.31538e+03 1.44575e+03
1.32720e+03 1.44575e+03
1.33903e+03 1.44575e+03
1.35085e+03 1.44575e+03
1.36268e+03 1.44575e+03
1.37450e+03 1.44575e+03
1.38632e+03 1.44575e+03
1.39815e+03 1.44575e+03
1.40997e+03 1.44575e+03
1.42180e+03 1.44575e+03
1.43362e+03 1.44575e+03
1.44544e+03 1.44575e+03
1.45727e+03 1.44575e+03
1.46909e+03 1.44575e+03
1.48091e+03 1.44575e+03
1.49274e+03 1.44575e+03
1.50456e+03 1.44575e+03
1.51638e+03 1.44575e+03
1.52821e+03 1.44575e+03
1.54003e+03 1.44575e+03
1.55185e+03 1.44575e+03
1.56368e+03 1.44575e+03
1.57550e+03 1.44575e+03
1.58733e+03 1.44575e+03
1.59915e+03 1.44575e+03
1.61097e+03 1.44575e+03
1.62280e+03 1.44575e+03
1.63462e+03 1.44575e+03
1.64644e+03 1.44575e+03
1.65827e+03 1.44575e+03
1.67009e+03 1.44575e+03
1.68192e+03 1.44575e+03
1.69374e+03 1.44575e+03
1.70556e+03 1.44575e+03
1.71739e+03 1.44575e+03
1.72921e+03 1.44575e+03
1.74103e+03 1.44575e+03
1.75286e+03 1.44575e+03
1.76468e+03 1.44575e+03
1.77651e+03 1.44575e+03
1.78242e+03 1.41622e+03
1.77059e+03 1.41622e+03
1.75877e+03 1.41622e+03
1.74695e+03 1.41622e+03
1.73512e+03 1.41622e+03
1.72330e+03 1.41622e+03
1.71147e+03 1.41622e+03
1.69965e+03 1.41622e+03
1.68783e+03 1.41622e+03
1.67600e+03 1.41622e+03
1.66418e+03 1.41622e+03
1.65236e+03 1.41622e+03
1.36859e+03 1.41622e+03
1.35677e+03 1.41622e+03
1.34494e+03 1.41622e+03
1.33312e+03 1.41622e+03
1.32129e+03 1.41622e+03
1.30947e+03 1.41622e+03
1.29765e+03 1.41622e+03
1.37450e+03 1.41032e+03
1.38632e+03 1.41032e+03
1.39815e+03 1.41032e+03
1.40997e+03 1.41032e+03
1.42180e+03 1.41032e+03
1.43362e+03 1.41032e+03
1.44544e+03 1.41032e+03
1.45727e+03 1.41032e+03
1.46909e+03 1.41032e+03
1.48091e+03 1.41032e+03
1.49274e+03 1.41032e+03
1.50456e+03 1.41032e+03
1.51638e+03 1.41032e+03
1.52821e+03 1.41032e+03
1.54003e+03 1.41032e+03
1.55185e+03 1.41032e+03
1.56368e+03 1.41032e+03
1.57550e+03 1.41032e+03
1.58733e+03 1.41032e+03
1.59915e+03 1.41032e+03
1.61097e+03 1.41032e+03
1.62280e+03 1.41032e+03
1.63462e+03 1.41032e+03
1.64644e+03 1.41032e+03
1.65827e+03 1.41032e+03
1.67009e+03 1.41032e+03
1.68192e+03 1.41032e+03
1.69374e+03 1.41032e+03
1.70556e+03 1.41032e+03
1.71739e+03 1.41032e+03
1.72921e+03 1.41032e+03
1.74103e+03 1.41032e+03
1.75286e+03 1.41032e+03
1.76468e+03 1.41032e+03
1.77651e+03 1.41032e+03
1.78833e+03 1.41032e+03
1.80015e+03 1.41032e+03
1.81198e+03 1.41032e+03
1.82380e+03 1.41032e+03
1.83562e+03 1.41032e+03
1.84745e+03 1.41032e+03
1.78833e+03 1.39851e+03
1.77651e+03 1.39851e+03
1.76468e+03 1.39851e+03
1.75286e+03 1.39851e+03
1.74103e+03 1.39851e+03
1.72921e+03 1.39851e+03
1.71739e+03 1.39851e+03
1.70556e+03 1.39851e+03
1.69374e+03 1.39851e+03
1.68192e+03 1.39851e+03
1.67009e+03 1.39851e+03
1.65827e+03 1.39851e+03
1.64644e+03 1.39851e+03
1.78242e+03 1.39260e+03
1.79424e+03 1.39260e+03
1.80606e+03 1.39260e+03
1.81789e+03 1.39260e+03
1.81789e+03 1.27450e+03
1.80606e+03 1.27450e+03
1.79424e+03 1.27450e+03
1.78242e+03 1.27450e+03
1.77059e+03 1.27450e+03
1.75877e+03 1.27450e+03
1.74695e+03 1.27450e+03
1.73512e+03 1.27450e+03
1.72330e+03 1.27450e+03
1.71147e+03 1.27450e+03
1.69965e+03 1.27450e+03
1.68783e+03 1.27450e+03
1.67600e+03 1.27450e+03
1.66418e+03 1.27450e+03
1.65236e+03 1.27450e+03
1.64053e+03 1.27450e+03
1.62871e+03 1.27450e+03
1.61689e+03 1.27450e+03
1.60506e+03 1.27450e+03
1.59324e+03 1.27450e+03
1.58141e+03 1.27450e+03
1.56959e+03 1.27450e+03
1.55777e+03 1.27450e+03
1.54594e+03 1.27450e+03
1.53412e+03 1.27450e+03
1.52230e+03 1.27450e+03
1.51047e+03 1.27450e+03
1.49865e+03 1.27450e+03
1.48682e+03 1.27450e+03
1.47500e+03 1.27450e+03
1.46318e+03 1.27450e+03
1.45135e+03 1.27450e+03
1.43953e+03 1.27450e+03
1.42771e+03 1.27450e+03
1.41588e+03 1.27450e+03
1.40406e+03 1.27450e+03
1.39224e+03 1.27450e+03
1.38041e+03 1.27450e+03
1.36859e+03 1.27450e+03
1.35677e+03 1.27450e+03
1.34494e+03 1.27450e+03
1.33312e+03 1.27450e+03
1.32129e+03 1.27450e+03
1.30947e+03 1.27450e+03
1.29765e+03 1.27450e+03
1.28582e+03 1.27450e+03
1.27400e+03 1.27450e+03
1.26218e+03 1.27450e+03
1.25035e+03 1.27450e+03
1.23853e+03 1.27450e+03
1.12029e+03 1.25088e+03
1.13211e+03 1.25088e+03
1.14394e+03 1.25088e+03
1.15576e+03 1.25088e+03
1.16759e+03 1.25088e+03
1.17941e+03 1.25088e+03
1.19123e+03 1.25088e+03
1.20306e+03 1.25088e+03
1.21488e+03 1.25088e+03
1.22670e+03 1.25088e+03
1.23853e+03 1.25088e+03
1.25035e+03 1.25088e+03
1.26218e+03 1.25088e+03
1.27400e+03 1.25088e+03
1.28582e+03 1.25088e+03
1.29765e+03 1.25088e+03
1.30947e+03 1.25088e+03
1.32129e+03 1.25088e+03
1.33312e+03 1.25088e+03
1.34494e+03 1.25088e+03
1.35677e+03 1.25088e+03
1.36859e+03 1.25088e+03
1.38041e+03 1.25088e+03
1.39224e+03 1.25088e+03
1.40406e+03 1.25088e+03
1.41588e+03 1.25088e+03
1.42771e+03 1.25088e+03
1.43953e+03 1.25088e+03
1.45135e+03 1.25088e+03
1.46318e+03 1.25088e+03
1.47500e+03 1.25088e+03
1.48682e+03 1.25088e+03
1.49865e+03 1.25088e+03
1.51047e+03 1.25088e+03
1.52230e+03 1.25088e+03
1.53412e+03 1.25088e+03
1.54594e+03 1.25088e+03
1.55777e+03 1.25088e+03
1.56959e+03 1.25088e+03
1.58141e+03 1.25088e+03
1.59324e+03 1.25088e+03
1.60506e+03 1.25088e+03
1.61689e+03 1.25088e+03
1.62871e+03 1.25088e+03
1.64053e+03 1.25088e+03
1.65236e+03 1.25088e+03
1.66418e+03 1.25088e+03
1.67600e+03 1.25088e+03
1.68783e+03 1.25088e+03
1.69965e+03 1.25088e+03
1.71147e+03 1.25088e+03
1.72330e+03 1.25088e+03
1.73512e+03 1.25088e+03
1.80015e+03 1.24498e+03
1.78833e+03 1.24498e+03
1.77651e+03 1.24498e+03
1.76468e+03 1.24498e+03
1.75286e+03 1.24498e+03
1.74103e+03 1.24498e+03
1.72921e+03 1.24498e+03
1.71739e+03 1.24498e+03
1.70556e+03 1.24498e+03
