1655
3.59920e+03 2.21560e+03
3.67540e+03 2.21560e+03
3.72620e+03 2.21560e+03
2.87530e+03 2.22830e+03
2.84990e+03 2.22830e+03
2.82450e+03 2.22830e+03
2.77370e+03 2.22830e+03
2.67210e+03 2.22830e+03
2.63400e+03 2.22830e+03
2.60860e+03 2.22830e+03
2.58320e+03 2.22830e+03
2.55780e+03 2.22830e+03
2.53240e+03 2.22830e+03
2.50700e+03 2.22830e+03
3.67540e+03 2.24100e+03
3.72620e+03 2.24100e+03
3.59920e+03 2.25370e+03
3.49760e+03 2.25370e+03
2.87530e+03 2.25370e+03
2.84990e+03 2.25370e+03
2.82450e+03 2.25370e+03
2.77370e+03 2.25370e+03
2.67210e+03 2.25370e+03
2.63400e+03 2.25370e+03
2.53240e+03 2.25370e+03
2.46890e+03 2.26010e+03
3.38330e+03 2.26640e+03
3.45950e+03 2.26640e+03
3.67540e+03 2.26640e+03
3.72620e+03 2.26640e+03
3.34520e+03 2.27910e+03
3.29440e+03 2.27910e+03
3.24360e+03 2.27910e+03
3.16740e+03 2.27910e+03
3.10390e+03 2.27910e+03
3.05310e+03 2.27910e+03
3.00230e+03 2.27910e+03
2.92610e+03 2.27910e+03
2.78000e+03 2.27910e+03
2.75460e+03 2.27910e+03
2.72920e+03 2.27910e+03
2.63400e+03 2.27910e+03
2.53240e+03 2.27910e+03
2.49430e+03 2.28550e+03
3.67540e+03 2.29180e+03
3.72620e+03 2.29180e+03
2.63400e+03 2.30450e+03
2.53240e+03 2.30450e+03
2.46890e+03 2.31090e+03
3.67540e+03 2.31720e+03
3.72620e+03 2.31720e+03
3.34520e+03 2.32990e+03
3.29440e+03 2.32990e+03
3.24360e+03 2.32990e+03
3.16740e+03 2.32990e+03
3.10390e+03 2.32990e+03
3.05310e+03 2.32990e+03
3.00230e+03 2.32990e+03
2.92610e+03 2.32990e+03
2.87530e+03 2.32990e+03
2.84990e+03 2.32990e+03
2.82450e+03 2.32990e+03
2.63400e+03 2.32990e+03
2.53240e+03 2.32990e+03
3.38330e+03 2.34260e+03
3.45950e+03 2.34260e+03
3.49760e+03 2.34260e+03
3.59920e+03 2.34260e+03
3.67540e+03 2.34260e+03
3.72620e+03 2.34260e+03
2.63400e+03 2.35530e+03
2.53240e+03 2.35530e+03
2.46890e+03 2.36170e+03
3.67540e+03 2.36800e+03
3.72620e+03 2.36800e+03
3.59920e+03 2.38070e+03
3.49760e+03 2.38070e+03
2.87530e+03 2.38070e+03
2.84990e+03 2.38070e+03
2.82450e+03 2.38070e+03
2.78000e+03 2.38070e+03
2.75460e+03 2.38070e+03
2.72920e+03 2.38070e+03
2.63400e+03 2.38070e+03
2.53240e+03 2.38070e+03
2.49430e+03 2.38710e+03
3.38330e+03 2.39340e+03
3.45950e+03 2.39340e+03
3.67540e+03 2.39340e+03
3.72620e+03 2.39340e+03
3.34520e+03 2.40610e+03
3.29440e+03 2.40610e+03
3.24360e+03 2.40610e+03
3.16740e+03 2.40610e+03
3.10390e+03 2.40610e+03
3.05310e+03 2.40610e+03
3.00230e+03 2.40610e+03
2.92610e+03 2.40610e+03
2.63400e+03 2.40610e+03
2.53240e+03 2.40610e+03
2.46890e+03 2.41250e+03
2.72290e+03 2.41250e+03
2.79910e+03 2.41250e+03
3.67540e+03 2.41880e+03
3.72620e+03 2.41880e+03
2.63400e+03 2.43150e+03
2.53240e+03 2.43150e+03
3.67540e+03 2.44420e+03
3.72620e+03 2.44420e+03
3.34520e+03 2.45690e+03
3.29440e+03 2.45690e+03
3.24360e+03 2.45690e+03
3.16740e+03 2.45690e+03
3.10390e+03 2.45690e+03
3.05310e+03 2.45690e+03
3.00230e+03 2.45690e+03
2.92610e+03 2.45690e+03
2.87530e+03 2.45690e+03
2.84990e+03 2.45690e+03
2.82450e+03 2.45690e+03
2.63400e+03 2.45690e+03
2.53240e+03 2.45690e+03
2.46890e+03 2.46330e+03
2.72290e+03 2.46330e+03
2.79910e+03 2.46330e+03
3.38330e+03 2.46960e+03
3.45950e+03 2.46960e+03
3.49760e+03 2.46960e+03
3.59920e+03 2.46960e+03
3.67540e+03 2.46960e+03
3.72620e+03 2.46960e+03
2.87530e+03 2.48230e+03
2.84990e+03 2.48230e+03
2.82450e+03 2.48230e+03
2.63400e+03 2.48230e+03
2.53240e+03 2.48230e+03
2.49430e+03 2.48870e+03
3.67540e+03 2.49500e+03
3.72620e+03 2.49500e+03
2.77370e+03 2.50140e+03
2.67210e+03 2.50140e+03
2.53240e+03 2.50770e+03
2.63400e+03 2.50770e+03
3.49760e+03 2.50770e+03
3.59920e+03 2.50770e+03
2.46890e+03 2.51410e+03
3.38330e+03 2.52040e+03
3.45950e+03 2.52040e+03
3.67540e+03 2.52040e+03
3.72620e+03 2.52040e+03
2.77370e+03 2.52680e+03
2.67210e+03 2.52680e+03
2.92610e+03 2.53310e+03
3.00230e+03 2.53310e+03
3.05310e+03 2.53310e+03
3.10390e+03 2.53310e+03
3.16740e+03 2.53310e+03
3.24360e+03 2.53310e+03
3.29440e+03 2.53310e+03
3.34520e+03 2.53310e+03
3.67540e+03 2.54580e+03
3.72620e+03 2.54580e+03
2.87530e+03 2.55850e+03
2.84990e+03 2.55850e+03
2.82450e+03 2.55850e+03
2.43080e+03 2.57120e+03
2.45620e+03 2.57120e+03
2.48160e+03 2.57120e+03
2.50700e+03 2.57120e+03
2.53240e+03 2.57120e+03
2.55780e+03 2.57120e+03
2.58320e+03 2.57120e+03
2.60860e+03 2.57120e+03
2.63400e+03 2.57120e+03
2.65940e+03 2.57120e+03
2.68480e+03 2.57120e+03
2.71020e+03 2.57120e+03
2.73560e+03 2.57120e+03
2.76100e+03 2.57120e+03
2.78640e+03 2.57120e+03
3.67540e+03 2.57120e+03
3.72620e+03 2.57120e+03
3.34520e+03 2.58390e+03
3.29440e+03 2.58390e+03
3.24360e+03 2.58390e+03
3.16740e+03 2.58390e+03
3.10390e+03 2.58390e+03
3.05310e+03 2.58390e+03
3.00230e+03 2.58390e+03
2.92610e+03 2.58390e+03
3.38330e+03 2.59660e+03
3.45950e+03 2.59660e+03
3.49760e+03 2.59660e+03
3.59920e+03 2.59660e+03
3.67540e+03 2.59660e+03
3.72620e+03 2.59660e+03
2.87530e+03 2.60930e+03
2.84990e+03 2.60930e+03
2.82450e+03 2.60930e+03
2.77370e+03 2.60930e+03
2.67210e+03 2.60930e+03
2.63400e+03 2.60930e+03
2.53240e+03 2.60930e+03
2.46890e+03 2.61570e+03
3.67540e+03 2.62200e+03
3.72620e+03 2.62200e+03
3.59920e+03 2.63470e+03
3.49760e+03 2.63470e+03
2.77370e+03 2.63470e+03
2.67210e+03 2.63470e+03
2.63400e+03 2.63470e+03
2.53240e+03 2.63470e+03
2.49430e+03 2.64110e+03
3.38330e+03 2.64740e+03
3.45950e+03 2.64740e+03
3.67540e+03 2.64740e+03
3.72620e+03 2.64740e+03
3.34520e+03 2.66010e+03
3.29440e+03 2.66010e+03
3.24360e+03 2.66010e+03
3.16740e+03 2.66010e+03
3.10390e+03 2.66010e+03
3.05310e+03 2.66010e+03
3.00230e+03 2.66010e+03
2.92610e+03 2.66010e+03
2.77370e+03 2.66010e+03
2.67210e+03 2.66010e+03
2.46890e+03 2.66650e+03
3.67540e+03 2.67280e+03
3.72620e+03 2.67280e+03
2.63400e+03 2.67920e+03
2.60860e+03 2.67920e+03
2.58320e+03 2.67920e+03
2.50700e+03 2.68550e+03
2.53240e+03 2.68550e+03
2.55780e+03 2.68550e+03
2.67210e+03 2.68550e+03
2.77370e+03 2.68550e+03
2.82450e+03 2.68550e+03
2.84990e+03 2.68550e+03
2.87530e+03 2.68550e+03
3.67540e+03 2.69820e+03
3.72620e+03 2.69820e+03
3.34520e+03 2.71090e+03
3.29440e+03 2.71090e+03
3.24360e+03 2.71090e+03
3.16740e+03 2.71090e+03
3.10390e+03 2.71090e+03
3.05310e+03 2.71090e+03
3.00230e+03 2.71090e+03
2.92610e+03 2.71090e+03
2.87530e+03 2.71090e+03
2.84990e+03 2.71090e+03
2.82450e+03 2.71090e+03
2.77370e+03 2.71090e+03
2.67210e+03 2.71090e+03
2.63400e+03 2.71090e+03
2.53240e+03 2.71090e+03
2.46890e+03 2.71730e+03
3.38330e+03 2.72360e+03
3.45950e+03 2.72360e+03
3.49760e+03 2.72360e+03
3.59920e+03 2.72360e+03
3.67540e+03 2.72360e+03
3.72620e+03 2.72360e+03
2.78000e+03 2.73630e+03
2.75460e+03 2.73630e+03
2.72920e+03 2.73630e+03
2.63400e+03 2.73630e+03
2.53240e+03 2.73630e+03
2.49430e+03 2.74270e+03
3.67540e+03 2.74900e+03
3.72620e+03 2.74900e+03
3.59920e+03 2.76170e+03
3.49760e+03 2.76170e+03
2.63400e+03 2.76170e+03
2.53240e+03 2.76170e+03
2.46890e+03 2.76810e+03
3.38330e+03 2.77440e+03
3.45950e+03 2.77440e+03
3.67540e+03 2.77440e+03
3.72620e+03 2.77440e+03
3.34520e+03 2.78710e+03
3.29440e+03 2.78710e+03
3.24360e+03 2.78710e+03
3.16740e+03 2.78710e+03
3.10390e+03 2.78710e+03
3.05310e+03 2.78710e+03
3.00230e+03 2.78710e+03
2.92610e+03 2.78710e+03
2.87530e+03 2.78710e+03
2.84990e+03 2.78710e+03
2.82450e+03 2.78710e+03
2.63400e+03 2.78710e+03
2.53240e+03 2.78710e+03
3.67540e+03 2.79980e+03
3.72620e+03 2.79980e+03
2.63400e+03 2.81250e+03
2.53240e+03 2.81250e+03
2.46890e+03 2.81890e+03
3.67540e+03 2.82520e+03
3.72620e+03 2.82520e+03
3.34520e+03 2.83790e+03
3.29440e+03 2.83790e+03
3.24360e+03 2.83790e+03
3.16740e+03 2.83790e+03
3.10390e+03 2.83790e+03
3.05310e+03 2.83790e+03
3.00230e+03 2.83790e+03
2.92610e+03 2.83790e+03
2.87530e+03 2.83790e+03
2.84990e+03 2.83790e+03
2.82450e+03 2.83790e+03
2.78000e+03 2.83790e+03
2.75460e+03 2.83790e+03
2.72920e+03 2.83790e+03
2.63400e+03 2.83790e+03
2.53240e+03 2.83790e+03
2.49430e+03 2.84430e+03
3.38330e+03 2.85060e+03
3.45950e+03 2.85060e+03
3.49760e+03 2.85060e+03
3.59920e+03 2.85060e+03
3.67540e+03 2.85060e+03
3.72620e+03 2.85060e+03
2.63400e+03 2.86330e+03
2.53240e+03 2.86330e+03
2.46890e+03 2.86970e+03
2.72290e+03 2.86970e+03
2.79910e+03 2.86970e+03
3.67540e+03 2.87600e+03
3.72620e+03 2.87600e+03
3.59920e+03 2.88870e+03
3.49760e+03 2.88870e+03
2.63400e+03 2.88870e+03
2.53240e+03 2.88870e+03
3.38330e+03 2.90140e+03
3.45950e+03 2.90140e+03
3.67540e+03 2.90140e+03
3.72620e+03 2.90140e+03
3.34520e+03 2.91410e+03
3.29440e+03 2.91410e+03
3.24360e+03 2.91410e+03
3.16740e+03 2.91410e+03
3.10390e+03 2.91410e+03
3.05310e+03 2.91410e+03
3.00230e+03 2.91410e+03
2.92610e+03 2.91410e+03
2.87530e+03 2.91410e+03
2.84990e+03 2.91410e+03
2.82450e+03 2.91410e+03
2.63400e+03 2.91410e+03
2.53240e+03 2.91410e+03
2.46890e+03 2.92050e+03
2.72290e+03 2.92050e+03
2.79910e+03 2.92050e+03
3.67540e+03 2.92680e+03
3.72620e+03 2.92680e+03
2.87530e+03 2.93950e+03
2.84990e+03 2.93950e+03
2.82450e+03 2.93950e+03
2.63400e+03 2.93950e+03
2.53240e+03 2.93950e+03
2.49430e+03 2.94590e+03
3.67540e+03 2.95220e+03
3.72620e+03 2.95220e+03
2.77370e+03 2.95860e+03
2.67210e+03 2.95860e+03
2.53240e+03 2.96490e+03
2.63400e+03 2.96490e+03
2.92610e+03 2.96490e+03
3.00230e+03 2.96490e+03
3.05310e+03 2.96490e+03
3.10390e+03 2.96490e+03
3.16740e+03 2.96490e+03
3.24360e+03 2.96490e+03
3.29440e+03 2.96490e+03
3.34520e+03 2.96490e+03
2.46890e+03 2.97130e+03
3.38330e+03 2.97760e+03
3.45950e+03 2.97760e+03
3.49760e+03 2.97760e+03
3.59920e+03 2.97760e+03
3.67540e+03 2.97760e+03
3.72620e+03 2.97760e+03
2.77370e+03 2.98400e+03
2.67210e+03 2.98400e+03
3.67540e+03 3.00300e+03
3.72620e+03 3.00300e+03
3.59920e+03 3.01570e+03
3.49760e+03 3.01570e+03
2.87530e+03 3.01570e+03
2.84990e+03 3.01570e+03
2.82450e+03 3.01570e+03
2.43080e+03 3.02840e+03
2.45620e+03 3.02840e+03
2.48160e+03 3.02840e+03
2.50700e+03 3.02840e+03
2.53240e+03 3.02840e+03
2.55780e+03 3.02840e+03
2.58320e+03 3.02840e+03
2.60860e+03 3.02840e+03
2.63400e+03 3.02840e+03
2.65940e+03 3.02840e+03
2.68480e+03 3.02840e+03
2.71020e+03 3.02840e+03
2.73560e+03 3.02840e+03
2.76100e+03 3.02840e+03
2.78640e+03 3.02840e+03
3.38330e+03 3.02840e+03
3.45950e+03 3.02840e+03
3.34520e+03 3.04110e+03
3.29440e+03 3.04110e+03
3.24360e+03 3.04110e+03
3.16740e+03 3.04110e+03
3.10390e+03 3.04110e+03
3.05310e+03 3.04110e+03
3.00230e+03 3.04110e+03
2.92610e+03 3.04110e+03
3.53570e+03 3.06650e+03
3.56110e+03 3.06650e+03
3.58650e+03 3.06650e+03
3.58650e+03 2.01240e+03
3.53570e+03 2.01240e+03
3.48490e+03 2.01240e+03
3.40870e+03 2.01240e+03
3.34520e+03 2.01240e+03
3.29440e+03 2.01240e+03
3.24360e+03 2.01240e+03
3.16740e+03 2.01240e+03
3.10390e+03 2.01240e+03
3.05310e+03 2.01240e+03
3.00230e+03 2.01240e+03
2.92610e+03 2.01240e+03
2.92610e+03 1.93620e+03
3.00230e+03 1.93620e+03
3.05310e+03 1.93620e+03
3.10390e+03 1.93620e+03
3.16740e+03 1.93620e+03
3.24360e+03 1.93620e+03
3.29440e+03 1.93620e+03
3.34520e+03 1.93620e+03
3.40870e+03 1.93620e+03
3.48490e+03 1.93620e+03
3.53570e+03 1.93620e+03
3.58650e+03 1.93620e+03
3.44680e+03 1.79650e+03
3.42140e+03 1.79650e+03
3.39600e+03 1.79650e+03
2.78640e+03 1.74570e+03
2.76100e+03 1.74570e+03
2.73560e+03 1.74570e+03
2.71020e+03 1.74570e+03
2.68480e+03 1.74570e+03
2.65940e+03 1.74570e+03
2.63400e+03 1.74570e+03
2.60860e+03 1.74570e+03
2.58320e+03 1.74570e+03
2.55780e+03 1.74570e+03
2.53240e+03 1.74570e+03
2.50700e+03 1.74570e+03
2.48160e+03 1.74570e+03
2.45620e+03 1.74570e+03
2.43080e+03 1.74570e+03
2.82450e+03 1.73300e+03
2.84990e+03 1.73300e+03
2.87530e+03 1.73300e+03
2.77370e+03 1.70130e+03
2.67210e+03 1.70130e+03
2.46890e+03 1.68860e+03
2.53240e+03 1.68220e+03
2.63400e+03 1.68220e+03
3.24990e+03 1.68220e+03
3.35150e+03 1.68220e+03
2.77370e+03 1.67590e+03
2.67210e+03 1.67590e+03
2.49430e+03 1.66320e+03
2.53240e+03 1.65680e+03
2.63400e+03 1.65680e+03
2.82450e+03 1.65680e+03
2.84990e+03 1.65680e+03
2.87530e+03 1.65680e+03
3.24990e+03 1.65680e+03
3.35150e+03 1.65680e+03
2.79910e+03 1.63780e+03
2.72290e+03 1.63780e+03
2.46890e+03 1.63780e+03
2.53240e+03 1.63140e+03
2.63400e+03 1.63140e+03
2.82450e+03 1.63140e+03
2.84990e+03 1.63140e+03
2.87530e+03 1.63140e+03
3.24990e+03 1.63140e+03
3.35150e+03 1.63140e+03
3.35150e+03 1.60600e+03
3.24990e+03 1.60600e+03
2.63400e+03 1.60600e+03
2.53240e+03 1.60600e+03
2.46890e+03 1.58700e+03
2.72290e+03 1.58700e+03
2.79910e+03 1.58700e+03
2.53240e+03 1.58060e+03
2.63400e+03 1.58060e+03
3.24990e+03 1.58060e+03
3.35150e+03 1.58060e+03
2.49430e+03 1.56160e+03
2.53240e+03 1.55520e+03
2.63400e+03 1.55520e+03
2.72920e+03 1.55520e+03
2.75460e+03 1.55520e+03
2.78000e+03 1.55520e+03
2.82450e+03 1.55520e+03
2.84990e+03 1.55520e+03
2.87530e+03 1.55520e+03
2.46890e+03 1.53620e+03
2.53240e+03 1.52980e+03
2.63400e+03 1.52980e+03
2.53240e+03 1.50440e+03
2.63400e+03 1.50440e+03
2.82450e+03 1.50440e+03
2.84990e+03 1.50440e+03
2.87530e+03 1.50440e+03
2.46890e+03 1.48540e+03
2.53240e+03 1.47900e+03
2.63400e+03 1.47900e+03
2.96420e+03 1.47900e+03
2.49430e+03 1.46000e+03
2.53240e+03 1.45360e+03
2.63400e+03 1.45360e+03
2.72920e+03 1.45360e+03
2.75460e+03 1.45360e+03
2.78000e+03 1.45360e+03
2.46890e+03 1.43460e+03
2.53240e+03 1.42820e+03
2.63400e+03 1.42820e+03
2.67210e+03 1.42820e+03
2.77370e+03 1.42820e+03
2.82450e+03 1.42820e+03
2.84990e+03 1.42820e+03
2.87530e+03 1.42820e+03
2.87530e+03 1.40280e+03
2.84990e+03 1.40280e+03
2.82450e+03 1.40280e+03
2.77370e+03 1.40280e+03
2.67210e+03 1.40280e+03
2.63400e+03 1.40280e+03
2.60860e+03 1.40280e+03
2.58320e+03 1.40280e+03
2.55780e+03 1.40280e+03
2.53240e+03 1.40280e+03
2.50700e+03 1.40280e+03
2.46890e+03 1.38380e+03
2.67210e+03 1.37740e+03
2.77370e+03 1.37740e+03
2.96420e+03 1.37740e+03
2.49430e+03 1.35840e+03
2.53240e+03 1.35200e+03
2.63400e+03 1.35200e+03
2.67210e+03 1.35200e+03
2.77370e+03 1.35200e+03
2.46890e+03 1.33300e+03
2.53240e+03 1.32660e+03
2.63400e+03 1.32660e+03
2.67210e+03 1.32660e+03
2.77370e+03 1.32660e+03
2.82450e+03 1.32660e+03
2.84990e+03 1.32660e+03
2.87530e+03 1.32660e+03
2.78640e+03 1.28850e+03
2.76100e+03 1.28850e+03
2.73560e+03 1.28850e+03
2.71020e+03 1.28850e+03
2.68480e+03 1.28850e+03
2.65940e+03 1.28850e+03
2.63400e+03 1.28850e+03
2.60860e+03 1.28850e+03
2.58320e+03 1.28850e+03
2.55780e+03 1.28850e+03
2.53240e+03 1.28850e+03
2.50700e+03 1.28850e+03
2.48160e+03 1.28850e+03
2.45620e+03 1.28850e+03
2.43080e+03 1.28850e+03
2.82450e+03 1.27580e+03
2.84990e+03 1.27580e+03
2.87530e+03 1.27580e+03
2.77370e+03 1.24410e+03
2.67210e+03 1.24410e+03
2.46890e+03 1.23140e+03
2.53240e+03 1.22500e+03
2.63400e+03 1.22500e+03
2.67210e+03 1.21870e+03
2.77370e+03 1.21870e+03
2.49430e+03 1.20600e+03
2.53240e+03 1.19960e+03
2.63400e+03 1.19960e+03
2.82450e+03 1.19960e+03
2.84990e+03 1.19960e+03
2.87530e+03 1.19960e+03
2.79910e+03 1.18060e+03
2.72290e+03 1.18060e+03
2.46890e+03 1.18060e+03
2.53240e+03 1.17420e+03
2.63400e+03 1.17420e+03
2.82450e+03 1.17420e+03
2.84990e+03 1.17420e+03
2.87530e+03 1.17420e+03
2.63400e+03 1.14880e+03
2.53240e+03 1.14880e+03
2.46890e+03 1.12980e+03
2.72290e+03 1.12980e+03
2.79910e+03 1.12980e+03
2.63400e+03 1.12340e+03
2.53240e+03 1.12340e+03
2.49430e+03 1.10440e+03
2.53240e+03 1.09800e+03
2.63400e+03 1.09800e+03
2.72920e+03 1.09800e+03
2.75460e+03 1.09800e+03
2.78000e+03 1.09800e+03
2.82450e+03 1.09800e+03
2.84990e+03 1.09800e+03
2.87530e+03 1.09800e+03
2.46890e+03 1.07900e+03
2.53240e+03 1.07260e+03
2.63400e+03 1.07260e+03
2.91970e+03 1.06630e+03
3.02130e+03 1.06630e+03
3.09120e+03 1.06630e+03
3.19280e+03 1.06630e+03
3.24360e+03 1.06630e+03
3.34520e+03 1.06630e+03
2.87530e+03 1.04720e+03
2.84990e+03 1.04720e+03
2.82450e+03 1.04720e+03
2.63400e+03 1.04720e+03
2.53240e+03 1.04720e+03
2.91970e+03 1.04090e+03
3.02130e+03 1.04090e+03
3.09120e+03 1.04090e+03
3.19280e+03 1.04090e+03
3.24360e+03 1.04090e+03
3.34520e+03 1.04090e+03
2.46890e+03 1.02820e+03
2.53240e+03 1.02180e+03
2.63400e+03 1.02180e+03
2.91970e+03 1.01550e+03
3.02130e+03 1.01550e+03
3.09120e+03 1.01550e+03
3.19280e+03 1.01550e+03
3.24360e+03 1.01550e+03
3.34520e+03 1.01550e+03
2.49430e+03 1.00280e+03
2.53240e+03 9.96400e+02
2.63400e+03 9.96400e+02
2.72920e+03 9.96400e+02
2.75460e+03 9.96400e+02
2.78000e+03 9.96400e+02
2.91970e+03 9.90100e+02
3.02130e+03 9.90100e+02
2.46890e+03 9.77400e+02
2.53240e+03 9.71000e+02
2.63400e+03 9.71000e+02
2.67210e+03 9.71000e+02
2.77370e+03 9.71000e+02
2.82450e+03 9.71000e+02
2.84990e+03 9.71000e+02
2.87530e+03 9.71000e+02
2.87530e+03 9.45600e+02
2.84990e+03 9.45600e+02
2.82450e+03 9.45600e+02
2.77370e+03 9.45600e+02
2.67210e+03 9.45600e+02
2.63400e+03 9.45600e+02
2.60860e+03 9.45600e+02
2.58320e+03 9.45600e+02
2.55780e+03 9.45600e+02
2.53240e+03 9.45600e+02
2.50700e+03 9.45600e+02
2.46890e+03 9.26600e+02
2.67210e+03 9.20200e+02
2.77370e+03 9.20200e+02
2.49430e+03 9.01200e+02
2.53240e+03 8.94800e+02
2.63400e+03 8.94800e+02
2.67210e+03 8.94800e+02
2.77370e+03 8.94800e+02
2.46890e+03 8.75800e+02
2.53240e+03 8.69400e+02
2.63400e+03 8.69400e+02
2.67210e+03 8.69400e+02
2.77370e+03 8.69400e+02
2.82450e+03 8.69400e+02
2.84990e+03 8.69400e+02
2.87530e+03 8.69400e+02
3.09120e+03 9.58300e+02
3.11660e+03 9.58300e+02
3.14200e+03 9.58300e+02
3.16740e+03 9.58300e+02
3.19280e+03 9.58300e+02
3.21820e+03 9.58300e+02
3.24360e+03 9.58300e+02
3.26900e+03 9.58300e+02
3.29440e+03 9.58300e+02
3.31980e+03 9.58300e+02
3.31980e+03 8.82100e+02
3.29440e+03 8.82100e+02
3.26900e+03 8.82100e+02
3.24360e+03 8.82100e+02
3.21820e+03 8.82100e+02
3.19280e+03 8.82100e+02
3.16740e+03 8.82100e+02
3.14200e+03 8.82100e+02
3.11660e+03 8.82100e+02
3.09120e+03 8.82100e+02
3.11660e+03 8.44000e+02
3.21820e+03 8.44000e+02
3.53570e+03 8.31300e+02
3.56110e+03 8.31300e+02
3.58650e+03 8.31300e+02
3.65000e+03 8.82100e+02
3.67540e+03 8.82100e+02
3.72620e+03 8.82100e+02
3.72620e+03 9.07500e+02
3.67540e+03 9.07500e+02
3.65000e+03 9.07500e+02
3.65000e+03 9.32900e+02
3.67540e+03 9.32900e+02
3.72620e+03 9.32900e+02
3.72620e+03 9.58300e+02
3.67540e+03 9.58300e+02
3.65000e+03 9.58300e+02
3.65000e+03 9.83700e+02
3.67540e+03 9.83700e+02
3.72620e+03 9.83700e+02
3.72620e+03 1.00910e+03
3.67540e+03 1.00910e+03
3.65000e+03 1.00910e+03
3.65000e+03 1.03450e+03
3.67540e+03 1.03450e+03
3.72620e+03 1.03450e+03
3.72620e+03 1.05990e+03
3.67540e+03 1.05990e+03
3.65000e+03 1.05990e+03
3.65000e+03 1.08530e+03
3.67540e+03 1.08530e+03
3.72620e+03 1.08530e+03
3.72620e+03 1.11070e+03
3.67540e+03 1.11070e+03
3.65000e+03 1.11070e+03
3.65000e+03 1.13610e+03
3.67540e+03 1.13610e+03
3.72620e+03 1.13610e+03
3.72620e+03 1.16150e+03
3.67540e+03 1.16150e+03
3.65000e+03 1.16150e+03
3.65000e+03 1.18690e+03
3.67540e+03 1.18690e+03
3.72620e+03 1.18690e+03
3.58650e+03 1.19960e+03
3.56110e+03 1.19960e+03
3.65000e+03 1.21230e+03
3.67540e+03 1.21230e+03
3.72620e+03 1.21230e+03
3.72620e+03 1.23770e+03
3.67540e+03 1.23770e+03
3.65000e+03 1.23770e+03
3.65000e+03 1.26310e+03
3.67540e+03 1.26310e+03
3.72620e+03 1.26310e+03
3.72620e+03 1.28850e+03
3.67540e+03 1.28850e+03
3.65000e+03 1.28850e+03
3.58650e+03 1.30120e+03
3.56110e+03 1.30120e+03
3.65000e+03 1.31390e+03
3.67540e+03 1.31390e+03
3.72620e+03 1.31390e+03
3.72620e+03 1.33930e+03
3.67540e+03 1.33930e+03
3.65000e+03 1.33930e+03
3.65000e+03 1.36470e+03
3.67540e+03 1.36470e+03
3.72620e+03 1.36470e+03
3.72620e+03 1.39010e+03
3.67540e+03 1.39010e+03
3.65000e+03 1.39010e+03
3.65000e+03 1.41550e+03
3.67540e+03 1.41550e+03
3.72620e+03 1.41550e+03
3.72620e+03 1.44090e+03
3.67540e+03 1.44090e+03
3.65000e+03 1.44090e+03
3.65000e+03 1.46630e+03
3.67540e+03 1.46630e+03
3.72620e+03 1.46630e+03
3.72620e+03 1.49170e+03
3.67540e+03 1.49170e+03
3.65000e+03 1.49170e+03
3.65000e+03 1.51710e+03
3.67540e+03 1.51710e+03
3.72620e+03 1.51710e+03
3.72620e+03 1.54250e+03
3.67540e+03 1.54250e+03
3.65000e+03 1.54250e+03
3.57380e+03 1.54890e+03
3.54840e+03 1.54890e+03
3.65000e+03 1.56790e+03
3.67540e+03 1.56790e+03
3.72620e+03 1.56790e+03
3.72620e+03 1.59330e+03
3.67540e+03 1.59330e+03
3.65000e+03 1.59330e+03
3.65000e+03 1.61870e+03
3.67540e+03 1.61870e+03
3.72620e+03 1.61870e+03
3.72620e+03 1.64410e+03
3.67540e+03 1.64410e+03
3.65000e+03 1.64410e+03
3.72620e+03 1.66950e+03
3.67540e+03 1.66950e+03
3.65000e+03 1.66950e+03
3.59920e+03 1.66950e+03
3.49760e+03 1.66950e+03
3.49760e+03 1.69490e+03
3.59920e+03 1.69490e+03
3.59920e+03 1.72030e+03
3.49760e+03 1.72030e+03
0.00000e+00 0.00000e+00
1.22430e+03 9.45600e+02
1.32590e+03 9.45600e+02
1.32590e+03 9.71000e+02
1.22430e+03 9.71000e+02
1.22430e+03 9.96400e+02
1.32590e+03 9.96400e+02
1.32590e+03 1.02180e+03
1.22430e+03 1.02180e+03
1.18620e+03 1.03450e+03
1.08460e+03 1.03450e+03
1.05280e+03 1.03450e+03
1.02740e+03 1.03450e+03
1.22430e+03 1.04720e+03
1.32590e+03 1.04720e+03
1.18620e+03 1.05990e+03
1.08460e+03 1.05990e+03
1.05280e+03 1.05990e+03
1.02740e+03 1.05990e+03
1.22430e+03 1.07260e+03
1.32590e+03 1.07260e+03
1.18620e+03 1.08530e+03
1.08460e+03 1.08530e+03
1.05280e+03 1.08530e+03
1.02740e+03 1.08530e+03
1.22430e+03 1.09800e+03
1.32590e+03 1.09800e+03
1.18620e+03 1.11070e+03
1.08460e+03 1.11070e+03
1.05280e+03 1.11070e+03
1.02740e+03 1.11070e+03
1.22430e+03 1.12340e+03
1.32590e+03 1.12340e+03
1.18620e+03 1.13610e+03
1.08460e+03 1.13610e+03
1.05280e+03 1.13610e+03
1.02740e+03 1.13610e+03
1.22430e+03 1.14880e+03
1.32590e+03 1.14880e+03
1.18620e+03 1.16150e+03
1.08460e+03 1.16150e+03
1.05280e+03 1.16150e+03
1.02740e+03 1.16150e+03
1.22430e+03 1.17420e+03
1.32590e+03 1.17420e+03
1.18620e+03 1.18690e+03
1.08460e+03 1.18690e+03
1.05280e+03 1.18690e+03
1.02740e+03 1.18690e+03
1.22430e+03 1.19960e+03
1.32590e+03 1.19960e+03
1.18620e+03 1.21230e+03
1.08460e+03 1.21230e+03
1.05280e+03 1.21230e+03
1.02740e+03 1.21230e+03
1.22430e+03 1.22500e+03
1.32590e+03 1.22500e+03
1.18620e+03 1.23770e+03
1.08460e+03 1.23770e+03
1.05280e+03 1.23770e+03
1.02740e+03 1.23770e+03
1.22430e+03 1.25040e+03
1.32590e+03 1.25040e+03
1.18620e+03 1.26310e+03
1.08460e+03 1.26310e+03
1.05280e+03 1.26310e+03
1.02740e+03 1.26310e+03
1.22430e+03 1.27580e+03
1.32590e+03 1.27580e+03
1.18620e+03 1.28850e+03
1.08460e+03 1.28850e+03
1.05280e+03 1.28850e+03
1.02740e+03 1.28850e+03
1.02740e+03 1.31390e+03
1.05280e+03 1.31390e+03
1.08460e+03 1.31390e+03
1.18620e+03 1.31390e+03
1.28780e+03 1.33930e+03
1.26240e+03 1.33930e+03
1.18620e+03 1.33930e+03
1.08460e+03 1.33930e+03
1.05280e+03 1.33930e+03
1.02740e+03 1.33930e+03
1.02740e+03 1.36470e+03
1.05280e+03 1.36470e+03
1.08460e+03 1.36470e+03
1.18620e+03 1.36470e+03
1.18620e+03 1.39010e+03
1.08460e+03 1.39010e+03
1.05280e+03 1.39010e+03
1.02740e+03 1.39010e+03
1.22430e+03 1.40280e+03
1.32590e+03 1.40280e+03
1.18620e+03 1.41550e+03
1.08460e+03 1.41550e+03
1.05280e+03 1.41550e+03
1.02740e+03 1.41550e+03
1.22430e+03 1.42820e+03
1.32590e+03 1.42820e+03
1.32590e+03 1.45360e+03
1.22430e+03 1.45360e+03
1.22430e+03 1.47900e+03
1.32590e+03 1.47900e+03
1.18620e+03 1.49170e+03
1.08460e+03 1.49170e+03
1.05280e+03 1.49170e+03
1.02740e+03 1.50440e+03
1.22430e+03 1.50440e+03
1.32590e+03 1.50440e+03
1.05280e+03 1.51710e+03
1.22430e+03 1.52980e+03
1.32590e+03 1.52980e+03
1.32590e+03 1.55520e+03
1.22430e+03 1.55520e+03
1.22430e+03 1.58060e+03
1.32590e+03 1.58060e+03
1.32590e+03 1.60600e+03
1.22430e+03 1.60600e+03
1.22430e+03 1.63140e+03
1.32590e+03 1.63140e+03
1.32590e+03 1.65680e+03
1.22430e+03 1.65680e+03
1.22430e+03 1.68220e+03
1.32590e+03 1.68220e+03
1.32590e+03 1.70760e+03
1.22430e+03 1.70760e+03
1.22430e+03 1.73300e+03
1.32590e+03 1.73300e+03
1.09730e+03 1.94890e+03
1.07190e+03 1.94890e+03
1.22430e+03 2.15210e+03
1.32590e+03 2.15210e+03
1.32590e+03 2.17750e+03
1.22430e+03 2.17750e+03
1.22430e+03 2.20290e+03
1.32590e+03 2.20290e+03
1.32590e+03 2.22830e+03
1.22430e+03 2.22830e+03
1.22430e+03 2.25370e+03
1.32590e+03 2.25370e+03
1.32590e+03 2.27910e+03
1.22430e+03 2.27910e+03
1.22430e+03 2.30450e+03
1.32590e+03 2.30450e+03
1.32590e+03 2.32990e+03
1.22430e+03 2.32990e+03
1.22430e+03 2.35530e+03
1.32590e+03 2.35530e+03
1.32590e+03 2.38070e+03
1.22430e+03 2.38070e+03
1.22430e+03 2.40610e+03
1.32590e+03 2.40610e+03
1.32590e+03 2.43150e+03
1.22430e+03 2.43150e+03
1.22430e+03 2.45690e+03
1.32590e+03 2.45690e+03
1.32590e+03 2.48230e+03
1.22430e+03 2.48230e+03
1.26240e+03 2.54580e+03
1.28780e+03 2.54580e+03
1.32590e+03 2.60930e+03
1.22430e+03 2.60930e+03
1.22430e+03 2.63470e+03
1.32590e+03 2.63470e+03
1.18620e+03 2.64740e+03
1.08460e+03 2.64740e+03
1.05280e+03 2.64740e+03
1.02740e+03 2.66010e+03
1.22430e+03 2.66010e+03
1.32590e+03 2.66010e+03
1.05280e+03 2.67280e+03
1.22430e+03 2.68550e+03
1.32590e+03 2.68550e+03
1.32590e+03 2.71090e+03
1.22430e+03 2.71090e+03
1.22430e+03 2.73630e+03
1.32590e+03 2.73630e+03
1.32590e+03 2.76170e+03
1.22430e+03 2.76170e+03
1.22430e+03 2.78710e+03
1.32590e+03 2.78710e+03
1.32590e+03 2.81250e+03
1.22430e+03 2.81250e+03
1.32590e+03 2.83790e+03
1.22430e+03 2.83790e+03
1.18620e+03 2.83790e+03
1.08460e+03 2.83790e+03
1.22430e+03 2.86330e+03
1.32590e+03 2.86330e+03
1.32590e+03 2.88870e+03
1.22430e+03 2.88870e+03
1.22430e+03 2.91410e+03
1.32590e+03 2.91410e+03
1.32590e+03 2.93950e+03
1.22430e+03 2.93950e+03
1.57990e+03 3.02840e+03
1.60530e+03 3.02840e+03
1.63070e+03 3.02840e+03
1.65610e+03 3.02840e+03
1.68150e+03 3.02840e+03
1.70690e+03 3.02840e+03
1.73230e+03 3.02840e+03
1.75770e+03 3.02840e+03
1.78310e+03 3.02840e+03
1.80850e+03 3.02840e+03
1.83390e+03 3.02840e+03
1.85930e+03 3.02840e+03
1.88470e+03 3.02840e+03
1.91010e+03 3.02840e+03
1.93550e+03 3.02840e+03
1.97360e+03 3.01570e+03
1.99900e+03 3.01570e+03
2.02440e+03 3.01570e+03
1.92280e+03 2.98400e+03
1.82120e+03 2.98400e+03
1.61800e+03 2.97130e+03
1.68150e+03 2.96490e+03
1.78310e+03 2.96490e+03
1.82120e+03 2.95860e+03
1.92280e+03 2.95860e+03
1.64340e+03 2.94590e+03
1.68150e+03 2.93950e+03
1.78310e+03 2.93950e+03
1.97360e+03 2.93950e+03
1.99900e+03 2.93950e+03
2.02440e+03 2.93950e+03
2.07520e+03 2.93950e+03
2.17680e+03 2.93950e+03
1.94820e+03 2.92050e+03
1.87200e+03 2.92050e+03
1.61800e+03 2.92050e+03
1.68150e+03 2.91410e+03
1.78310e+03 2.91410e+03
1.97360e+03 2.91410e+03
1.99900e+03 2.91410e+03
2.02440e+03 2.91410e+03
2.07520e+03 2.91410e+03
2.17680e+03 2.91410e+03
2.17680e+03 2.88870e+03
2.07520e+03 2.88870e+03
1.78310e+03 2.88870e+03
1.68150e+03 2.88870e+03
1.61800e+03 2.86970e+03
1.87200e+03 2.86970e+03
1.94820e+03 2.86970e+03
2.17680e+03 2.86330e+03
2.07520e+03 2.86330e+03
1.78310e+03 2.86330e+03
1.68150e+03 2.86330e+03
1.64340e+03 2.84430e+03
1.68150e+03 2.83790e+03
1.78310e+03 2.83790e+03
1.87830e+03 2.83790e+03
1.90370e+03 2.83790e+03
1.92910e+03 2.83790e+03
1.97360e+03 2.83790e+03
1.99900e+03 2.83790e+03
2.02440e+03 2.83790e+03
2.07520e+03 2.83790e+03
2.17680e+03 2.83790e+03
1.61800e+03 2.81890e+03
1.68150e+03 2.81250e+03
1.78310e+03 2.81250e+03
2.07520e+03 2.81250e+03
2.17680e+03 2.81250e+03
2.17680e+03 2.78710e+03
2.07520e+03 2.78710e+03
2.02440e+03 2.78710e+03
1.99900e+03 2.78710e+03
1.97360e+03 2.78710e+03
1.78310e+03 2.78710e+03
1.68150e+03 2.78710e+03
1.61800e+03 2.76810e+03
1.68150e+03 2.76170e+03
1.78310e+03 2.76170e+03
2.07520e+03 2.76170e+03
2.17680e+03 2.76170e+03
1.64340e+03 2.74270e+03
1.68150e+03 2.73630e+03
1.78310e+03 2.73630e+03
1.87830e+03 2.73630e+03
1.90370e+03 2.73630e+03
1.92910e+03 2.73630e+03
2.07520e+03 2.73630e+03
2.17680e+03 2.73630e+03
1.61800e+03 2.71730e+03
1.68150e+03 2.71090e+03
1.78310e+03 2.71090e+03
1.82120e+03 2.71090e+03
1.92280e+03 2.71090e+03
1.97360e+03 2.71090e+03
1.99900e+03 2.71090e+03
2.02440e+03 2.71090e+03
2.07520e+03 2.71090e+03
2.17680e+03 2.71090e+03
2.17680e+03 2.68550e+03
2.07520e+03 2.68550e+03
2.02440e+03 2.68550e+03
1.99900e+03 2.68550e+03
1.97360e+03 2.68550e+03
1.92280e+03 2.68550e+03
1.82120e+03 2.68550e+03
1.78310e+03 2.68550e+03
1.75770e+03 2.68550e+03
1.73230e+03 2.68550e+03
1.70690e+03 2.68550e+03
1.68150e+03 2.68550e+03
1.65610e+03 2.68550e+03
1.61800e+03 2.66650e+03
1.82120e+03 2.66010e+03
1.92280e+03 2.66010e+03
2.07520e+03 2.66010e+03
2.17680e+03 2.66010e+03
1.64340e+03 2.64110e+03
1.68150e+03 2.63470e+03
1.78310e+03 2.63470e+03
1.82120e+03 2.63470e+03
1.92280e+03 2.63470e+03
2.07520e+03 2.63470e+03
2.17680e+03 2.63470e+03
1.61800e+03 2.61570e+03
1.68150e+03 2.60930e+03
1.78310e+03 2.60930e+03
1.82120e+03 2.60930e+03
1.92280e+03 2.60930e+03
1.97360e+03 2.60930e+03
1.99900e+03 2.60930e+03
2.02440e+03 2.60930e+03
2.07520e+03 2.60930e+03
2.17680e+03 2.60930e+03
1.93550e+03 2.57120e+03
1.91010e+03 2.57120e+03
1.88470e+03 2.57120e+03
1.85930e+03 2.57120e+03
1.83390e+03 2.57120e+03
1.80850e+03 2.57120e+03
1.78310e+03 2.57120e+03
1.75770e+03 2.57120e+03
1.73230e+03 2.57120e+03
1.70690e+03 2.57120e+03
1.68150e+03 2.57120e+03
1.65610e+03 2.57120e+03
1.63070e+03 2.57120e+03
1.60530e+03 2.57120e+03
1.57990e+03 2.57120e+03
1.97360e+03 2.55850e+03
1.99900e+03 2.55850e+03
2.02440e+03 2.55850e+03
2.11330e+03 2.54580e+03
2.13870e+03 2.54580e+03
1.92280e+03 2.52680e+03
1.82120e+03 2.52680e+03
1.61800e+03 2.51410e+03
1.68150e+03 2.50770e+03
1.78310e+03 2.50770e+03
1.82120e+03 2.50140e+03
1.92280e+03 2.50140e+03
1.64340e+03 2.48870e+03
1.68150e+03 2.48230e+03
1.78310e+03 2.48230e+03
1.97360e+03 2.48230e+03
1.99900e+03 2.48230e+03
2.02440e+03 2.48230e+03
2.07520e+03 2.48230e+03
2.17680e+03 2.48230e+03
1.94820e+03 2.46330e+03
1.87200e+03 2.46330e+03
1.61800e+03 2.46330e+03
1.68150e+03 2.45690e+03
1.78310e+03 2.45690e+03
1.97360e+03 2.45690e+03
1.99900e+03 2.45690e+03
2.02440e+03 2.45690e+03
2.07520e+03 2.45690e+03
2.17680e+03 2.45690e+03
2.17680e+03 2.43150e+03
2.07520e+03 2.43150e+03
1.78310e+03 2.43150e+03
1.68150e+03 2.43150e+03
1.61800e+03 2.41250e+03
1.87200e+03 2.41250e+03
1.94820e+03 2.41250e+03
2.17680e+03 2.40610e+03
2.07520e+03 2.40610e+03
1.78310e+03 2.40610e+03
1.68150e+03 2.40610e+03
1.64340e+03 2.38710e+03
1.68150e+03 2.38070e+03
1.78310e+03 2.38070e+03
1.87830e+03 2.38070e+03
1.90370e+03 2.38070e+03
1.92910e+03 2.38070e+03
1.97360e+03 2.38070e+03
1.99900e+03 2.38070e+03
2.02440e+03 2.38070e+03
2.07520e+03 2.38070e+03
2.17680e+03 2.38070e+03
1.61800e+03 2.36170e+03
1.68150e+03 2.35530e+03
1.78310e+03 2.35530e+03
2.07520e+03 2.35530e+03
2.17680e+03 2.35530e+03
2.17680e+03 2.32990e+03
2.07520e+03 2.32990e+03
2.02440e+03 2.32990e+03
1.99900e+03 2.32990e+03
1.97360e+03 2.32990e+03
1.78310e+03 2.32990e+03
1.68150e+03 2.32990e+03
1.61800e+03 2.31090e+03
1.68150e+03 2.30450e+03
1.78310e+03 2.30450e+03
2.07520e+03 2.30450e+03
2.17680e+03 2.30450e+03
1.64340e+03 2.28550e+03
1.68150e+03 2.27910e+03
1.78310e+03 2.27910e+03
1.87830e+03 2.27910e+03
1.90370e+03 2.27910e+03
1.92910e+03 2.27910e+03
2.07520e+03 2.27910e+03
2.17680e+03 2.27910e+03
1.61800e+03 2.26010e+03
1.68150e+03 2.25370e+03
1.78310e+03 2.25370e+03
1.82120e+03 2.25370e+03
1.92280e+03 2.25370e+03
1.97360e+03 2.25370e+03
1.99900e+03 2.25370e+03
2.02440e+03 2.25370e+03
2.07520e+03 2.25370e+03
2.17680e+03 2.25370e+03
2.17680e+03 2.22830e+03
2.07520e+03 2.22830e+03
2.02440e+03 2.22830e+03
1.99900e+03 2.22830e+03
1.97360e+03 2.22830e+03
1.92280e+03 2.22830e+03
1.82120e+03 2.22830e+03
1.78310e+03 2.22830e+03
1.75770e+03 2.22830e+03
1.73230e+03 2.22830e+03
1.70690e+03 2.22830e+03
1.68150e+03 2.22830e+03
1.65610e+03 2.22830e+03
1.61800e+03 2.20930e+03
1.82120e+03 2.20290e+03
1.92280e+03 2.20290e+03
2.07520e+03 2.20290e+03
2.17680e+03 2.20290e+03
1.64340e+03 2.18390e+03
1.68150e+03 2.17750e+03
1.78310e+03 2.17750e+03
1.82120e+03 2.17750e+03
1.92280e+03 2.17750e+03
2.07520e+03 2.17750e+03
2.17680e+03 2.17750e+03
1.61800e+03 2.15850e+03
1.68150e+03 2.15210e+03
1.78310e+03 2.15210e+03
1.82120e+03 2.15210e+03
1.92280e+03 2.15210e+03
1.97360e+03 2.15210e+03
1.99900e+03 2.15210e+03
2.02440e+03 2.15210e+03
2.07520e+03 2.15210e+03
2.17680e+03 2.15210e+03
2.11330e+03 1.94890e+03
2.13870e+03 1.94890e+03
1.93550e+03 1.74570e+03
1.91010e+03 1.74570e+03
1.88470e+03 1.74570e+03
1.85930e+03 1.74570e+03
1.83390e+03 1.74570e+03
1.80850e+03 1.74570e+03
1.78310e+03 1.74570e+03
1.75770e+03 1.74570e+03
1.73230e+03 1.74570e+03
1.70690e+03 1.74570e+03
1.68150e+03 1.74570e+03
1.65610e+03 1.74570e+03
1.63070e+03 1.74570e+03
1.60530e+03 1.74570e+03
1.57990e+03 1.74570e+03
1.97360e+03 1.73300e+03
1.99900e+03 1.73300e+03
2.02440e+03 1.73300e+03
2.07520e+03 1.73300e+03
2.17680e+03 1.73300e+03
2.17680e+03 1.70760e+03
2.07520e+03 1.70760e+03
1.92280e+03 1.70130e+03
1.82120e+03 1.70130e+03
1.61800e+03 1.68860e+03
1.68150e+03 1.68220e+03
1.78310e+03 1.68220e+03
2.07520e+03 1.68220e+03
2.17680e+03 1.68220e+03
1.92280e+03 1.67590e+03
1.82120e+03 1.67590e+03
1.64340e+03 1.66320e+03
1.68150e+03 1.65680e+03
1.78310e+03 1.65680e+03
1.97360e+03 1.65680e+03
1.99900e+03 1.65680e+03
2.02440e+03 1.65680e+03
2.07520e+03 1.65680e+03
2.17680e+03 1.65680e+03
1.94820e+03 1.63780e+03
1.87200e+03 1.63780e+03
1.61800e+03 1.63780e+03
1.68150e+03 1.63140e+03
1.78310e+03 1.63140e+03
1.97360e+03 1.63140e+03
1.99900e+03 1.63140e+03
2.02440e+03 1.63140e+03
2.07520e+03 1.63140e+03
2.17680e+03 1.63140e+03
2.17680e+03 1.60600e+03
2.07520e+03 1.60600e+03
1.78310e+03 1.60600e+03
1.68150e+03 1.60600e+03
1.61800e+03 1.58700e+03
1.87200e+03 1.58700e+03
1.94820e+03 1.58700e+03
2.17680e+03 1.58060e+03
2.07520e+03 1.58060e+03
1.78310e+03 1.58060e+03
1.68150e+03 1.58060e+03
1.64340e+03 1.56160e+03
1.68150e+03 1.55520e+03
1.78310e+03 1.55520e+03
1.87200e+03 1.55520e+03
1.90370e+03 1.55520e+03
1.92910e+03 1.55520e+03
1.97360e+03 1.55520e+03
1.99900e+03 1.55520e+03
2.02440e+03 1.55520e+03
2.07520e+03 1.55520e+03
2.17680e+03 1.55520e+03
1.61800e+03 1.53620e+03
1.68150e+03 1.52980e+03
1.78310e+03 1.52980e+03
2.07520e+03 1.52980e+03
2.17680e+03 1.52980e+03
2.17680e+03 1.50440e+03
2.07520e+03 1.50440e+03
2.02440e+03 1.50440e+03
1.99900e+03 1.50440e+03
1.97360e+03 1.50440e+03
1.78310e+03 1.50440e+03
1.68150e+03 1.50440e+03
1.61800e+03 1.48540e+03
1.68150e+03 1.47900e+03
1.78310e+03 1.47900e+03
2.07520e+03 1.47900e+03
2.17680e+03 1.47900e+03
1.64340e+03 1.46000e+03
1.68150e+03 1.45360e+03
1.78310e+03 1.45360e+03
1.87200e+03 1.45360e+03
1.90370e+03 1.45360e+03
1.92910e+03 1.45360e+03
2.07520e+03 1.45360e+03
2.17680e+03 1.45360e+03
1.61800e+03 1.43460e+03
1.68150e+03 1.42820e+03
1.78310e+03 1.42820e+03
1.82120e+03 1.42820e+03
1.92280e+03 1.42820e+03
1.97360e+03 1.42820e+03
1.99900e+03 1.42820e+03
2.02440e+03 1.42820e+03
2.07520e+03 1.42820e+03
2.17680e+03 1.42820e+03
2.17680e+03 1.40280e+03
2.07520e+03 1.40280e+03
2.02440e+03 1.40280e+03
1.99900e+03 1.40280e+03
1.97360e+03 1.40280e+03
1.92280e+03 1.40280e+03
1.82120e+03 1.40280e+03
1.78310e+03 1.40280e+03
1.75770e+03 1.40280e+03
1.73230e+03 1.40280e+03
1.70690e+03 1.40280e+03
1.68150e+03 1.40280e+03
1.65610e+03 1.40280e+03
1.61800e+03 1.38380e+03
1.82120e+03 1.37740e+03
1.92280e+03 1.37740e+03
1.64340e+03 1.35840e+03
1.68150e+03 1.35200e+03
1.78310e+03 1.35200e+03
1.82120e+03 1.35200e+03
1.92280e+03 1.35200e+03
2.11330e+03 1.35200e+03
2.13870e+03 1.35200e+03
1.61800e+03 1.33300e+03
1.68150e+03 1.32660e+03
1.78310e+03 1.32660e+03
1.82120e+03 1.32660e+03
1.92280e+03 1.32660e+03
1.97360e+03 1.32660e+03
1.99900e+03 1.32660e+03
2.02440e+03 1.32660e+03
1.93550e+03 1.28850e+03
1.91010e+03 1.28850e+03
1.88470e+03 1.28850e+03
1.85930e+03 1.28850e+03
1.83390e+03 1.28850e+03
1.80850e+03 1.28850e+03
1.78310e+03 1.28850e+03
1.75770e+03 1.28850e+03
1.73230e+03 1.28850e+03
1.70690e+03 1.28850e+03
1.68150e+03 1.28850e+03
1.65610e+03 1.28850e+03
1.63070e+03 1.28850e+03
1.60530e+03 1.28850e+03
1.57990e+03 1.28850e+03
1.97360e+03 1.27580e+03
1.99900e+03 1.27580e+03
2.02440e+03 1.27580e+03
2.07520e+03 1.27580e+03
2.17680e+03 1.27580e+03
2.17680e+03 1.25040e+03
2.07520e+03 1.25040e+03
1.92280e+03 1.24410e+03
1.82120e+03 1.24410e+03
1.61800e+03 1.23140e+03
1.68150e+03 1.22500e+03
1.78310e+03 1.22500e+03
2.07520e+03 1.22500e+03
2.17680e+03 1.22500e+03
1.92280e+03 1.21870e+03
1.82120e+03 1.21870e+03
1.64340e+03 1.20600e+03
1.68150e+03 1.19960e+03
1.78310e+03 1.19960e+03
1.97360e+03 1.19960e+03
1.99900e+03 1.19960e+03
2.02440e+03 1.19960e+03
2.07520e+03 1.19960e+03
2.17680e+03 1.19960e+03
1.94820e+03 1.18060e+03
1.87200e+03 1.18060e+03
1.61800e+03 1.18060e+03
1.68150e+03 1.17420e+03
1.78310e+03 1.17420e+03
1.97360e+03 1.17420e+03
1.99900e+03 1.17420e+03
2.02440e+03 1.17420e+03
2.07520e+03 1.17420e+03
2.17680e+03 1.17420e+03
2.17680e+03 1.14880e+03
2.07520e+03 1.14880e+03
1.78310e+03 1.14880e+03
1.68150e+03 1.14880e+03
1.61800e+03 1.12980e+03
1.87200e+03 1.12980e+03
1.94820e+03 1.12980e+03
2.17680e+03 1.12340e+03
2.07520e+03 1.12340e+03
1.78310e+03 1.12340e+03
1.68150e+03 1.12340e+03
1.64340e+03 1.10440e+03
1.68150e+03 1.09800e+03
1.78310e+03 1.09800e+03
1.87830e+03 1.09800e+03
1.90370e+03 1.09800e+03
1.92910e+03 1.09800e+03
1.97360e+03 1.09800e+03
1.99900e+03 1.09800e+03
2.02440e+03 1.09800e+03
2.07520e+03 1.09800e+03
2.17680e+03 1.09800e+03
1.61800e+03 1.07900e+03
1.68150e+03 1.07260e+03
1.78310e+03 1.07260e+03
2.07520e+03 1.07260e+03
2.17680e+03 1.07260e+03
2.17680e+03 1.04720e+03
2.07520e+03 1.04720e+03
2.02440e+03 1.04720e+03
1.99900e+03 1.04720e+03
1.97360e+03 1.04720e+03
1.78310e+03 1.04720e+03
1.68150e+03 1.04720e+03
1.61800e+03 1.02820e+03
1.68150e+03 1.02180e+03
1.78310e+03 1.02180e+03
2.07520e+03 1.02180e+03
2.17680e+03 1.02180e+03
1.64340e+03 1.00280e+03
1.68150e+03 9.96400e+02
1.78310e+03 9.96400e+02
1.87830e+03 9.96400e+02
1.90370e+03 9.96400e+02
1.92910e+03 9.96400e+02
2.07520e+03 9.96400e+02
2.17680e+03 9.96400e+02
1.61800e+03 9.77400e+02
1.68150e+03 9.71000e+02
1.78310e+03 9.71000e+02
1.82120e+03 9.71000e+02
1.92280e+03 9.71000e+02
1.97360e+03 9.71000e+02
1.99900e+03 9.71000e+02
2.02440e+03 9.71000e+02
2.07520e+03 9.71000e+02
2.17680e+03 9.71000e+02
2.17680e+03 9.45600e+02
2.07520e+03 9.45600e+02
2.02440e+03 9.45600e+02
1.99900e+03 9.45600e+02
1.97360e+03 9.45600e+02
1.92280e+03 9.45600e+02
1.82120e+03 9.45600e+02
1.78310e+03 9.45600e+02
1.75770e+03 9.45600e+02
1.73230e+03 9.45600e+02
1.70690e+03 9.45600e+02
1.68150e+03 9.45600e+02
1.65610e+03 9.45600e+02
1.61800e+03 9.26600e+02
1.82120e+03 9.20200e+02
1.92280e+03 9.20200e+02
1.64340e+03 9.01200e+02
1.68150e+03 8.94800e+02
1.78310e+03 8.94800e+02
1.82120e+03 8.94800e+02
1.92280e+03 8.94800e+02
1.61800e+03 8.75800e+02
1.68150e+03 8.69400e+02
1.78310e+03 8.69400e+02
1.82120e+03 8.69400e+02
1.92280e+03 8.69400e+02
1.97360e+03 8.69400e+02
1.99900e+03 8.69400e+02
2.02440e+03 8.69400e+02
2.44980e+03 2.03780e+03
2.47520e+03 2.03780e+03
2.50060e+03 2.03780e+03
2.52600e+03 2.03780e+03
2.55140e+03 2.03780e+03
2.57680e+03 2.03780e+03
2.60220e+03 2.03780e+03
2.62760e+03 2.03780e+03
2.67210e+03 2.03780e+03
2.69750e+03 2.03780e+03
2.72290e+03 2.03780e+03
2.74830e+03 2.03780e+03
2.77370e+03 2.03780e+03
2.79910e+03 2.03780e+03
2.82450e+03 2.03780e+03
2.84990e+03 2.03780e+03
2.92610e+03 2.07590e+03
3.00230e+03 2.07590e+03
3.05310e+03 2.07590e+03
3.10390e+03 2.07590e+03
3.16740e+03 2.07590e+03
3.24360e+03 2.07590e+03
3.29440e+03 2.07590e+03
3.34520e+03 2.07590e+03
3.38330e+03 2.08860e+03
3.45950e+03 2.08860e+03
3.49760e+03 2.08860e+03
3.59920e+03 2.08860e+03
3.65000e+03 2.08860e+03
3.67540e+03 2.08860e+03
3.70080e+03 2.08860e+03
2.84990e+03 2.11400e+03
2.82450e+03 2.11400e+03
2.79910e+03 2.11400e+03
2.77370e+03 2.11400e+03
2.74830e+03 2.11400e+03
2.72290e+03 2.11400e+03
2.69750e+03 2.11400e+03
2.67210e+03 2.11400e+03
2.62760e+03 2.11400e+03
2.60220e+03 2.11400e+03
2.57680e+03 2.11400e+03
2.55140e+03 2.11400e+03
2.52600e+03 2.11400e+03
2.50060e+03 2.11400e+03
2.47520e+03 2.11400e+03
2.44980e+03 2.11400e+03
3.49760e+03 2.12670e+03
3.59920e+03 2.12670e+03
3.45950e+03 2.13940e+03
3.38330e+03 2.13940e+03
3.34520e+03 2.15210e+03
3.29440e+03 2.15210e+03
3.24360e+03 2.15210e+03
3.16740e+03 2.15210e+03
3.10390e+03 2.15210e+03
3.05310e+03 2.15210e+03
3.00230e+03 2.15210e+03
2.92610e+03 2.15210e+03
2.87530e+03 2.15210e+03
2.84990e+03 2.15210e+03
2.82450e+03 2.15210e+03
2.77370e+03 2.15210e+03
2.67210e+03 2.15210e+03
2.63400e+03 2.15210e+03
2.53240e+03 2.15210e+03
2.46890e+03 2.15850e+03
2.53240e+03 2.17750e+03
2.63400e+03 2.17750e+03
2.67210e+03 2.17750e+03
2.77370e+03 2.17750e+03
2.49430e+03 2.18390e+03
2.67210e+03 2.20290e+03
2.77370e+03 2.20290e+03
2.92610e+03 2.20290e+03
3.00230e+03 2.20290e+03
3.05310e+03 2.20290e+03
3.10390e+03 2.20290e+03
3.16740e+03 2.20290e+03
3.24360e+03 2.20290e+03
3.29440e+03 2.20290e+03
3.34520e+03 2.20290e+03
2.46890e+03 2.20930e+03
3.38330e+03 2.21560e+03
3.45950e+03 2.21560e+03
3.49760e+03 2.21560e+03
