1748
1.39200e+04 5.98400e+03
1.56960e+04 5.30200e+03
1.76800e+04 7.10600e+03
1.77600e+04 1.02080e+04
1.78400e+04 1.24080e+04
1.52000e+03 1.03180e+04
1.61600e+03 6.02800e+03
1.71200e+03 5.01600e+03
1.12160e+04 6.57800e+03
1.12320e+04 9.15200e+03
1.12480e+04 1.18800e+04
8.17600e+03 6.00600e+03
9.95200e+03 7.39200e+03
1.17280e+04 5.69800e+03
1.81280e+04 6.99600e+03
1.81440e+04 9.98800e+03
1.81600e+04 1.22980e+04
1.20160e+04 4.88400e+03
1.39355e+04 5.76400e+03
1.58560e+04 5.01600e+03
1.58560e+04 5.58800e+03
8.01600e+03 4.97200e+03
9.93600e+03 5.32400e+03
1.18560e+04 4.66400e+03
6.83200e+03 4.51000e+03
6.99150e+03 5.01600e+03
7.15200e+03 4.70800e+03
7.21600e+03 4.79600e+03
7.15200e+03 4.88400e+03
7.28000e+03 4.70800e+03
7.29600e+03 4.79600e+03
7.31200e+03 4.70800e+03
7.44000e+03 4.79600e+03
7.56800e+03 4.70800e+03
8.09600e+03 4.79600e+03
8.62400e+03 4.70800e+03
8.76800e+03 4.79600e+03
8.91200e+03 4.70800e+03
9.07200e+03 4.79600e+03
9.23200e+03 4.70800e+03
9.37600e+03 4.79600e+03
9.52000e+03 4.70800e+03
1.00480e+04 4.79600e+03
1.05760e+04 4.70800e+03
1.07200e+04 4.79600e+03
1.08640e+04 4.70800e+03
1.80960e+04 1.31560e+04
1.81440e+04 1.17040e+04
1.81920e+04 7.85400e+03
6.86400e+03 4.62000e+03
7.27950e+03 5.23600e+03
7.69600e+03 4.81800e+03
8.09600e+03 5.01600e+03
7.69600e+03 5.10400e+03
8.49600e+03 4.81800e+03
8.68800e+03 5.01600e+03
8.88000e+03 4.81800e+03
8.96000e+03 5.01600e+03
9.04000e+03 4.81800e+03
9.07200e+03 5.01600e+03
9.10400e+03 4.81800e+03
9.18400e+03 5.01600e+03
9.26400e+03 4.81800e+03
9.45600e+03 5.01600e+03
9.64800e+03 4.81800e+03
1.00480e+04 5.01600e+03
1.04480e+04 4.81800e+03
1.04480e+04 5.54400e+03
1.06400e+04 6.07200e+03
1.08320e+04 5.34600e+03
1.09120e+04 6.07200e+03
1.09920e+04 4.70800e+03
1.09920e+04 5.43400e+03
1.10560e+04 4.79600e+03
1.11200e+04 4.70800e+03
4.11200e+03 6.88600e+03
4.17600e+03 9.76800e+03
4.24000e+03 1.21880e+04
3.92000e+03 6.35800e+03
4.04800e+03 8.71200e+03
4.17600e+03 1.16600e+04
4.40000e+03 1.27160e+04
4.44800e+03 1.08240e+04
4.49600e+03 7.41400e+03
3.76000e+03 7.15000e+03
3.85600e+03 1.02960e+04
3.95200e+03 1.24520e+04
1.80640e+04 1.16380e+04
1.85600e+04 8.66800e+03
1.90560e+04 6.33600e+03
9.20000e+03 1.01860e+04
9.24800e+03 5.76400e+03
9.29600e+03 5.19200e+03
3.72800e+03 6.40200e+03
3.80800e+03 8.80000e+03
3.88800e+03 1.17040e+04
4.88000e+03 1.30460e+04
5.00800e+03 1.14840e+04
5.13600e+03 7.74400e+03
8.49600e+03 1.40580e+04
1.02560e+04 1.35080e+04
1.20160e+04 1.39260e+04
1.68800e+04 1.10220e+04
1.68960e+04 7.70000e+03
1.69120e+04 6.16000e+03
1.57600e+04 1.21660e+04
1.57920e+04 9.98800e+03
1.58240e+04 7.30400e+03
3.44000e+03 1.15500e+04
3.63200e+03 8.49200e+03
3.82400e+03 6.24800e+03
1.69440e+04 1.11760e+04
1.70560e+04 8.00800e+03
1.71680e+04 6.00600e+03
1.72320e+04 1.15060e+04
1.72640e+04 8.66800e+03
1.72960e+04 6.33600e+03
2.70400e+03 6.62200e+03
3.69600e+03 9.24000e+03
4.68800e+03 1.19240e+04
1.72960e+04 1.16600e+04
1.73600e+04 8.97600e+03
1.74240e+04 6.49000e+03
6.22400e+03 5.58800e+03
8.32000e+03 7.17200e+03
1.04160e+04 1.08900e+04
5.96800e+03 6.62200e+03
8.20800e+03 9.24000e+03
1.04480e+04 1.19240e+04
1.74240e+04 1.22760e+04
1.74400e+04 1.02080e+04
1.74560e+04 7.10600e+03
6.76800e+03 5.91800e+03
8.16000e+03 7.83200e+03
9.55200e+03 1.12200e+04
1.73280e+04 1.31780e+04
1.73440e+04 1.20120e+04
1.73600e+04 8.00800e+03
6.35200e+03 6.35800e+03
8.76800e+03 8.71200e+03
1.11840e+04 1.16600e+04
1.89600e+04 4.09200e+03
1.89760e+04 4.18000e+03
1.89920e+04 4.09200e+03
4.24000e+03 4.31200e+03
4.30350e+03 4.62000e+03
4.36800e+03 4.13600e+03
4.36800e+03 4.44400e+03
4.17600e+03 4.20200e+03
4.24000e+03 4.40000e+03
4.30400e+03 4.20200e+03
6.24000e+02 4.20200e+03
7.36000e+02 4.40000e+03
8.48000e+02 4.20200e+03
3.95200e+03 4.09200e+03
3.98400e+03 4.18000e+03
4.01600e+03 4.09200e+03
4.14400e+03 4.18000e+03
4.27200e+03 4.09200e+03
6.38400e+03 1.45200e+04
6.57600e+03 1.44320e+04
6.76800e+03 1.45200e+04
1.72000e+04 4.09200e+03
1.74080e+04 4.18000e+03
1.76160e+04 4.09200e+03
1.07200e+03 1.02080e+04
1.18400e+03 5.80800e+03
1.29600e+03 4.90600e+03
7.20000e+02 1.02300e+04
8.80500e+02 5.50000e+03
7.20000e+02 5.67600e+03
1.04000e+03 4.75200e+03
1.32800e+03 4.90600e+03
1.37600e+03 5.80800e+03
1.42400e+03 1.02080e+04
5.04000e+03 1.44100e+04
5.58400e+03 1.42120e+04
6.12800e+03 1.44100e+04
6.16000e+03 1.42120e+04
6.19200e+03 1.44100e+04
6.41600e+03 1.20340e+04
6.60800e+03 9.46000e+03
6.80000e+03 6.73200e+03
1.58400e+03 5.12600e+03
1.68000e+03 6.24800e+03
1.77600e+03 1.04280e+04
1.86400e+04 1.22980e+04
1.88320e+04 9.98800e+03
1.90240e+04 6.99600e+03
1.24320e+04 4.51000e+03
1.30880e+04 5.01600e+03
1.37440e+04 4.81800e+03
1.13600e+03 4.31200e+03
1.84000e+03 4.62000e+03
2.54400e+03 4.31200e+03
1.01280e+04 5.78600e+03
1.07840e+04 6.95200e+03
1.14400e+04 5.47800e+03
1.54400e+04 1.43880e+04
1.79360e+04 3.96000e+03
6.32000e+03 1.46520e+04
6.48000e+03 3.96000e+03
1.23200e+03 1.46520e+04
1.52000e+03 3.96000e+03
4.27200e+03 1.46520e+04
4.52800e+03 3.96000e+03
5.64800e+03 1.46520e+04
6.28800e+03 3.96000e+03
6.35200e+03 1.46520e+04
7.12000e+03 4.57600e+03
1.82240e+04 3.96000e+03
1.90660e+04 4.42200e+03
1.41280e+04 4.57600e+03
1.52800e+04 1.43880e+04
3.50400e+03 1.46520e+04
5.80800e+03 3.96000e+03
7.84000e+02 3.96000e+03
1.10400e+03 1.46520e+04
9.10400e+03 1.46520e+04
1.18240e+04 3.96000e+03
1.07680e+04 1.46520e+04
1.17600e+04 3.96000e+03
1.00640e+04 1.46520e+04
1.10880e+04 4.57600e+03
9.07200e+03 1.46520e+04
1.21120e+04 3.96000e+03
8.68800e+03 1.46520e+04
1.20480e+04 3.96000e+03
8.65600e+03 1.46520e+04
1.24000e+04 3.96000e+03
8.52800e+03 1.46520e+04
1.23360e+04 3.96000e+03
8.46400e+03 1.46520e+04
8.56000e+03 4.57600e+03
7.21600e+03 1.46520e+04
7.76000e+03 4.57600e+03
1.25600e+04 1.43880e+04
1.41600e+04 4.57600e+03
1.36800e+04 1.43880e+04
1.83520e+04 3.96000e+03
1.77120e+04 1.46520e+04
1.81600e+04 3.96000e+03
1.27840e+04 1.43880e+04
1.48960e+04 4.57600e+03
1.37120e+04 4.57600e+03
1.37120e+04 1.43880e+04
4.20800e+03 3.96000e+03
8.40000e+03 1.46520e+04
1.04800e+04 4.57600e+03
1.23040e+04 1.43880e+04
1.25920e+04 1.43880e+04
1.26560e+04 4.57600e+03
1.48640e+04 1.43880e+04
1.50240e+04 4.57600e+03
4.43200e+03 3.96000e+03
7.79200e+03 1.46520e+04
1.64960e+04 4.57600e+03
1.84160e+04 1.46520e+04
1.20000e+03 1.46520e+04
1.26400e+03 3.96000e+03
1.64000e+04 4.57600e+03
1.79040e+04 1.46520e+04
3.98400e+03 3.96000e+03
8.27200e+03 1.46520e+04
1.63360e+04 1.43880e+04
1.69760e+04 3.96000e+03
1.00800e+03 3.96000e+03
1.04000e+03 1.46520e+04
5.80800e+03 1.46520e+04
5.93600e+03 3.96000e+03
4.43200e+03 1.46520e+04
4.65600e+03 3.96000e+03
1.68480e+04 1.43880e+04
1.83840e+04 3.96000e+03
8.24000e+03 1.46520e+04
8.43200e+03 4.57600e+03
1.58400e+03 1.46520e+04
1.68000e+03 3.96000e+03
2.57600e+03 3.96000e+03
2.67200e+03 1.46520e+04
1.69440e+04 3.96000e+03
1.70080e+04 1.43880e+04
8.80000e+02 1.46520e+04
1.39200e+03 3.96000e+03
5.52000e+03 1.46520e+04
5.68000e+03 3.96000e+03
3.88800e+03 3.96000e+03
4.14400e+03 1.46520e+04
1.65920e+04 1.43880e+04
1.80960e+04 3.96000e+03
8.01600e+03 1.46520e+04
8.14400e+03 4.57600e+03
1.67840e+04 1.43880e+04
1.78080e+04 3.96000e+03
7.84000e+02 1.46520e+04
1.10400e+03 3.96000e+03
7.72800e+03 1.46520e+04
7.92000e+03 4.57600e+03
5.23200e+03 1.46520e+04
5.52000e+03 3.96000e+03
3.85600e+03 3.96000e+03
3.85600e+03 1.46520e+04
4.72000e+03 1.46520e+04
4.97600e+03 3.96000e+03
1.76160e+04 1.46520e+04
1.86720e+04 3.96000e+03
7.37600e+03 1.46520e+04
7.50400e+03 4.57600e+03
1.80800e+03 1.46520e+04
1.96800e+03 3.96000e+03
1.25280e+04 3.96000e+03
1.28480e+04 1.43880e+04
1.63680e+04 4.57600e+03
1.78080e+04 1.46520e+04
1.68000e+03 1.46520e+04
1.80800e+03 3.96000e+03
5.93600e+03 1.46520e+04
6.16000e+03 3.96000e+03
1.76800e+04 1.46520e+04
1.85120e+04 3.96000e+03
1.03200e+04 4.57600e+03
1.16000e+04 1.46520e+04
1.88000e+04 3.96000e+03
1.90660e+04 6.18200e+03
4.84800e+03 1.46520e+04
6.22400e+03 1.46520e+04
6.38400e+03 3.96000e+03
1.93600e+03 1.46520e+04
2.09600e+03 3.96000e+03
8.16000e+02 1.46520e+04
1.23200e+03 3.96000e+03
1.84480e+04 3.96000e+03
1.90660e+04 4.77400e+03
6.67200e+03 3.96000e+03
6.80000e+03 1.46520e+04
1.19840e+04 3.96000e+03
1.22720e+04 1.43880e+04
1.07360e+04 1.46520e+04
1.24640e+04 3.96000e+03
8.78400e+03 1.46520e+04
8.97600e+03 4.57600e+03
3.28000e+03 3.96000e+03
7.56800e+03 1.46520e+04
1.05440e+04 1.46520e+04
1.06400e+04 4.57600e+03
7.82400e+03 4.57600e+03
7.92000e+03 1.46520e+04
1.06080e+04 1.46520e+04
1.19840e+04 1.43880e+04
1.22720e+04 3.96000e+03
9.36000e+03 1.46520e+04
1.14400e+04 1.46520e+04
1.31360e+04 4.57600e+03
5.77600e+03 3.96000e+03
6.00000e+03 3.96000e+03
1.03520e+04 1.46520e+04
1.05440e+04 4.57600e+03
1.15680e+04 1.46520e+04
1.16640e+04 3.96000e+03
6.56000e+02 3.96000e+03
6.56000e+02 1.46520e+04
1.63040e+04 1.43880e+04
1.76480e+04 3.96000e+03
6.60800e+03 1.46520e+04
6.64000e+03 3.96000e+03
6.03200e+03 3.96000e+03
6.06400e+03 3.96000e+03
1.16320e+04 3.96000e+03
1.22080e+04 1.43880e+04
1.98000e+02 4.42200e+03
3.04000e+02 3.96000e+03
1.08640e+04 1.46520e+04
1.36800e+04 4.57600e+03
9.52000e+03 1.46520e+04
1.22400e+04 1.43880e+04
1.38080e+04 4.57600e+03
7.53600e+03 1.46520e+04
7.95200e+03 4.57600e+03
3.12000e+03 3.96000e+03
3.28000e+03 1.46520e+04
1.13760e+04 3.96000e+03
1.13760e+04 1.46520e+04
3.15200e+03 1.46520e+04
3.24800e+03 3.96000e+03
1.39200e+03 1.46520e+04
1.55200e+03 3.96000e+03
4.64000e+02 3.96000e+03
6.88000e+02 1.46520e+04
7.60000e+03 1.46520e+04
7.66400e+03 4.57600e+03
5.36000e+03 3.96000e+03
5.68000e+03 1.46520e+04
1.00320e+04 1.46520e+04
1.01920e+04 4.57600e+03
3.05600e+03 3.96000e+03
5.48800e+03 1.46520e+04
9.93600e+03 1.46520e+04
1.00960e+04 4.57600e+03
5.60000e+02 3.96000e+03
7.52000e+02 3.96000e+03
5.20000e+03 1.46520e+04
4.94400e+03 1.46520e+04
5.39200e+03 3.96000e+03
6.25600e+03 3.96000e+03
6.99200e+03 1.46520e+04
7.40800e+03 1.46520e+04
9.23200e+03 1.46520e+04
9.32800e+03 4.57600e+03
4.88000e+03 3.96000e+03
6.89600e+03 1.46520e+04
7.08800e+03 4.57600e+03
3.76000e+03 1.46520e+04
4.04800e+03 3.96000e+03
8.30400e+03 1.46520e+04
8.40000e+03 4.57600e+03
9.77600e+03 1.46520e+04
1.27840e+04 4.57600e+03
7.05600e+03 4.57600e+03
7.05600e+03 1.46520e+04
1.43200e+04 4.57600e+03
1.45120e+04 1.43880e+04
1.47040e+04 1.43880e+04
1.47360e+04 4.57600e+03
2.92800e+03 3.96000e+03
3.66400e+03 1.46520e+04
4.59200e+03 3.96000e+03
1.30720e+04 4.57600e+03
1.30720e+04 1.43880e+04
1.04800e+04 1.46520e+04
1.26240e+04 4.57600e+03
6.89600e+03 4.57600e+03
7.12000e+03 1.46520e+04
3.40800e+03 3.96000e+03
3.72800e+03 1.46520e+04
7.24800e+03 1.46520e+04
7.40800e+03 4.57600e+03
3.56800e+03 3.96000e+03
3.92000e+03 1.46520e+04
2.89600e+03 3.96000e+03
3.53600e+03 1.46520e+04
4.75200e+03 3.96000e+03
1.27200e+04 1.43880e+04
1.27520e+04 4.57600e+03
2.80000e+03 1.46520e+04
2.83200e+03 3.96000e+03
8.11200e+03 1.46520e+04
8.20800e+03 4.57600e+03
1.32800e+03 1.46520e+04
1.45600e+03 3.96000e+03
1.21760e+04 3.96000e+03
1.24960e+04 1.43880e+04
9.13600e+03 1.46520e+04
1.15360e+04 3.96000e+03
1.13120e+04 1.46520e+04
1.14720e+04 3.96000e+03
9.29600e+03 1.46520e+04
1.08960e+04 4.57600e+03
5.07200e+03 3.96000e+03
6.51200e+03 1.46520e+04
9.90400e+03 1.46520e+04
1.07680e+04 4.57600e+03
5.04000e+03 3.96000e+03
6.92800e+03 1.46520e+04
1.12800e+04 1.46520e+04
1.13440e+04 3.96000e+03
5.45600e+03 3.96000e+03
7.44000e+03 1.46520e+04
1.25920e+04 3.96000e+03
1.26240e+04 1.43880e+04
1.23680e+04 1.43880e+04
1.70400e+04 3.96000e+03
1.16320e+04 1.43880e+04
1.16960e+04 3.96000e+03
1.44800e+04 1.43880e+04
1.45120e+04 4.57600e+03
1.75200e+04 3.96000e+03
1.76480e+04 1.46520e+04
5.92000e+02 3.96000e+03
6.24000e+02 1.46520e+04
1.14080e+04 3.96000e+03
1.24000e+04 1.43880e+04
1.41920e+04 4.57600e+03
1.16000e+04 3.96000e+03
1.20800e+04 1.43880e+04
1.75520e+04 3.96000e+03
1.77760e+04 1.46520e+04
1.24640e+04 1.43880e+04
1.24960e+04 3.96000e+03
1.77440e+04 1.46520e+04
1.78720e+04 3.96000e+03
1.66240e+04 1.43880e+04
1.66560e+04 4.57600e+03
1.32320e+04 1.43880e+04
1.34560e+04 4.57600e+03
1.01920e+04 1.46520e+04
1.03520e+04 4.57600e+03
1.87360e+04 3.96000e+03
1.90660e+04 5.47800e+03
9.12000e+02 1.46520e+04
1.07200e+03 3.96000e+03
1.43200e+04 1.43880e+04
1.44480e+04 4.57600e+03
7.69600e+03 1.46520e+04
7.72800e+03 4.57600e+03
1.86400e+04 3.96000e+03
1.90660e+04 5.12600e+03
1.47680e+04 1.43880e+04
1.48000e+04 4.57600e+03
9.87200e+03 4.57600e+03
1.01280e+04 1.46520e+04
1.64960e+04 1.43880e+04
1.65280e+04 4.57600e+03
1.53760e+04 1.43880e+04
1.54080e+04 4.57600e+03
5.71200e+03 3.96000e+03
5.84000e+03 3.96000e+03
6.09600e+03 3.96000e+03
6.67200e+03 1.46520e+04
6.70400e+03 3.96000e+03
6.86400e+03 1.46520e+04
7.15200e+03 1.46520e+04
7.24800e+03 4.57600e+03
7.31200e+03 1.46520e+04
1.59520e+04 1.43880e+04
1.56640e+04 1.43880e+04
1.61440e+04 4.57600e+03
1.75840e+04 1.46520e+04
1.80640e+04 3.96000e+03
1.46080e+04 4.57600e+03
1.64320e+04 1.43880e+04
4.56000e+03 3.96000e+03
4.78400e+03 3.96000e+03
8.14400e+03 1.46520e+04
9.61600e+03 1.46520e+04
9.68000e+03 4.57600e+03
1.21120e+04 1.43880e+04
1.22400e+04 3.96000e+03
8.36800e+03 1.46520e+04
8.46400e+03 4.57600e+03
1.88960e+04 3.96000e+03
1.90660e+04 6.53400e+03
1.19520e+04 1.43880e+04
1.22080e+04 3.96000e+03
1.03200e+04 1.46520e+04
1.04160e+04 4.57600e+03
4.33600e+03 3.96000e+03
1.12800e+04 3.96000e+03
1.18240e+04 1.43880e+04
1.26560e+04 1.43880e+04
1.30400e+04 4.57600e+03
1.18880e+04 3.96000e+03
1.31680e+04 1.43880e+04
3.34400e+03 1.46520e+04
3.53600e+03 3.96000e+03
6.12800e+03 3.96000e+03
6.57600e+03 3.96000e+03
6.73600e+03 1.46520e+04
1.17920e+04 1.43880e+04
1.19520e+04 3.96000e+03
7.21600e+03 4.57600e+03
8.72000e+03 1.46520e+04
4.81600e+03 3.96000e+03
6.06400e+03 1.46520e+04
8.94400e+03 1.46520e+04
9.45600e+03 4.57600e+03
9.96800e+03 1.46520e+04
1.00640e+04 4.57600e+03
3.63200e+03 3.96000e+03
5.96800e+03 1.46520e+04
1.55360e+04 1.43880e+04
1.56000e+04 4.57600e+03
1.17280e+04 1.43880e+04
1.19200e+04 3.96000e+03
6.44800e+03 1.46520e+04
6.92800e+03 4.57600e+03
4.30400e+03 1.46520e+04
4.72000e+03 3.96000e+03
9.44000e+02 1.46520e+04
2.16000e+03 1.46520e+04
2.25600e+03 3.96000e+03
7.82400e+03 1.46520e+04
1.59840e+04 1.43880e+04
5.48800e+03 3.96000e+03
1.11520e+04 1.46520e+04
1.34240e+04 4.57600e+03
1.42240e+04 4.57600e+03
1.48320e+04 4.57600e+03
1.49920e+04 4.57600e+03
1.53760e+04 4.57600e+03
1.56320e+04 1.43880e+04
1.61760e+04 4.57600e+03
1.65600e+04 4.57600e+03
1.67200e+04 4.57600e+03
1.68480e+04 4.57600e+03
1.28800e+04 4.57600e+03
1.30080e+04 4.57600e+03
1.32960e+04 4.57600e+03
1.43520e+04 4.57600e+03
1.46400e+04 4.57600e+03
1.47680e+04 4.57600e+03
1.49600e+04 4.57600e+03
1.52480e+04 4.57600e+03
1.61760e+04 1.43880e+04
1.63040e+04 4.57600e+03
1.65920e+04 4.57600e+03
4.46400e+03 3.96000e+03
4.59200e+03 1.46520e+04
1.10240e+04 1.46520e+04
1.71040e+04 3.96000e+03
2.38400e+03 1.46520e+04
2.51200e+03 3.96000e+03
1.64800e+03 1.46520e+04
2.96000e+03 1.46520e+04
3.08800e+03 3.96000e+03
1.29600e+03 1.46520e+04
2.54400e+03 1.46520e+04
2.67200e+03 3.96000e+03
9.64800e+03 1.46520e+04
9.74400e+03 4.57600e+03
9.48800e+03 1.46520e+04
9.58400e+03 4.57600e+03
8.81600e+03 1.46520e+04
8.84800e+03 4.57600e+03
5.13600e+03 1.46520e+04
5.32800e+03 3.96000e+03
3.08800e+03 1.46520e+04
4.08000e+03 3.96000e+03
3.24800e+03 1.46520e+04
3.34400e+03 3.96000e+03
1.09600e+04 1.46520e+04
1.10240e+04 4.57600e+03
2.99200e+03 1.46520e+04
3.18400e+03 3.96000e+03
1.08960e+04 1.46520e+04
1.11840e+04 4.57600e+03
1.08320e+04 1.46520e+04
1.09280e+04 4.57600e+03
2.00000e+03 1.46520e+04
3.37600e+03 1.46520e+04
3.50400e+03 3.96000e+03
2.22400e+03 1.46520e+04
2.35200e+03 3.96000e+03
6.54400e+03 3.96000e+03
8.88000e+03 1.46520e+04
1.32960e+04 1.43880e+04
1.33280e+04 4.57600e+03
1.71360e+04 1.43880e+04
1.86500e+04 1.41680e+04
4.20800e+03 1.46520e+04
5.20000e+03 3.96000e+03
1.17600e+04 1.43880e+04
1.72640e+04 3.96000e+03
1.83200e+04 1.46520e+04
1.58240e+04 1.43880e+04
1.70720e+04 3.96000e+03
9.71200e+03 1.46520e+04
9.84000e+03 4.57600e+03
1.70720e+04 1.43880e+04
1.73280e+04 3.96000e+03
1.64640e+04 1.43880e+04
1.89280e+04 3.96000e+03
2.73600e+03 3.96000e+03
7.85600e+03 1.46520e+04
1.31360e+04 1.43880e+04
1.32320e+04 4.57600e+03
1.67200e+04 1.43880e+04
1.67520e+04 4.57600e+03
1.59200e+04 1.43880e+04
1.60160e+04 4.57600e+03
1.55040e+04 1.43880e+04
1.55360e+04 4.57600e+03
2.08000e+02 3.96000e+03
5.28000e+02 1.46520e+04
1.60160e+04 1.43880e+04
1.60480e+04 4.57600e+03
1.60480e+04 1.43880e+04
1.60800e+04 4.57600e+03
1.40320e+04 1.43880e+04
1.40640e+04 4.57600e+03
1.35840e+04 4.57600e+03
1.35840e+04 1.43880e+04
1.46080e+04 1.43880e+04
1.46720e+04 4.57600e+03
1.33920e+04 4.57600e+03
1.33920e+04 1.43880e+04
1.66880e+04 1.43880e+04
1.77760e+04 3.96000e+03
1.62080e+04 4.57600e+03
1.62080e+04 1.43880e+04
5.10400e+03 1.46520e+04
5.23200e+03 3.96000e+03
6.99200e+03 4.57600e+03
4.40000e+03 3.96000e+03
1.43520e+04 1.43880e+04
5.39200e+03 1.46520e+04
5.58400e+03 3.96000e+03
5.77600e+03 1.46520e+04
5.90400e+03 3.96000e+03
9.44000e+02 3.96000e+03
1.48800e+03 1.46520e+04
3.66400e+03 3.96000e+03
4.01600e+03 1.46520e+04
7.98400e+03 1.46520e+04
1.07360e+04 4.57600e+03
5.61600e+03 3.96000e+03
6.16000e+03 1.46520e+04
1.72320e+04 3.96000e+03
1.79680e+04 1.46520e+04
1.61600e+03 3.96000e+03
2.12800e+03 1.46520e+04
1.87200e+03 3.96000e+03
2.48000e+03 1.46520e+04
1.23040e+04 3.96000e+03
1.39040e+04 4.57600e+03
9.96800e+03 4.57600e+03
1.15680e+04 3.96000e+03
1.20000e+03 3.96000e+03
2.96000e+03 3.96000e+03
1.90400e+03 3.96000e+03
2.83200e+03 1.46520e+04
1.42400e+03 3.96000e+03
3.37600e+03 3.96000e+03
2.16000e+03 3.96000e+03
3.18400e+03 1.46520e+04
9.12000e+02 3.96000e+03
2.19200e+03 3.96000e+03
3.02400e+03 3.96000e+03
1.98000e+02 4.77400e+03
3.36000e+02 3.96000e+03
1.48800e+03 3.96000e+03
3.79200e+03 3.96000e+03
8.80000e+02 3.96000e+03
2.22400e+03 3.96000e+03
2.60800e+03 3.96000e+03
3.44000e+03 3.96000e+03
1.83520e+04 1.46520e+04
1.87040e+04 3.96000e+03
1.90400e+03 1.46520e+04
2.06400e+03 3.96000e+03
1.87680e+04 3.96000e+03
1.90660e+04 5.83000e+03
1.82560e+04 1.46520e+04
1.84800e+04 3.96000e+03
1.84000e+03 1.46520e+04
2.00000e+03 3.96000e+03
1.82240e+04 1.46520e+04
1.84160e+04 3.96000e+03
1.61600e+03 1.46520e+04
1.77600e+03 3.96000e+03
1.78400e+04 3.96000e+03
1.79360e+04 1.46520e+04
1.79040e+04 3.96000e+03
1.80000e+04 1.46520e+04
1.21440e+04 3.96000e+03
1.56960e+04 4.57600e+03
1.76800e+04 3.96000e+03
1.78400e+04 1.46520e+04
1.52000e+03 1.46520e+04
1.71200e+03 3.96000e+03
1.12160e+04 3.96000e+03
1.12480e+04 1.46520e+04
8.17600e+03 4.57600e+03
1.17280e+04 3.96000e+03
1.81280e+04 3.96000e+03
1.81600e+04 1.46520e+04
1.20160e+04 3.96000e+03
1.58560e+04 4.57600e+03
8.01600e+03 4.57600e+03
1.18560e+04 3.96000e+03
6.83200e+03 3.96000e+03
7.15200e+03 4.57600e+03
7.28000e+03 4.57600e+03
7.31200e+03 4.57600e+03
7.56800e+03 4.57600e+03
8.62400e+03 4.57600e+03
8.91200e+03 4.57600e+03
9.23200e+03 4.57600e+03
9.52000e+03 4.57600e+03
1.05760e+04 4.57600e+03
1.08640e+04 4.57600e+03
1.80960e+04 1.46520e+04
1.81920e+04 3.96000e+03
6.86400e+03 3.96000e+03
7.69600e+03 4.57600e+03
8.49600e+03 4.57600e+03
8.88000e+03 4.57600e+03
9.04000e+03 4.57600e+03
9.10400e+03 4.57600e+03
9.26400e+03 4.57600e+03
9.64800e+03 4.57600e+03
1.04480e+04 4.57600e+03
1.08320e+04 4.57600e+03
1.09920e+04 4.57600e+03
1.11200e+04 4.57600e+03
4.11200e+03 3.96000e+03
4.24000e+03 1.46520e+04
3.92000e+03 3.96000e+03
4.17600e+03 1.46520e+04
4.40000e+03 1.46520e+04
4.49600e+03 3.96000e+03
3.76000e+03 3.96000e+03
3.95200e+03 1.46520e+04
1.80640e+04 1.46520e+04
1.90560e+04 3.96000e+03
9.20000e+03 1.46520e+04
9.29600e+03 4.57600e+03
3.72800e+03 3.96000e+03
3.88800e+03 1.46520e+04
4.88000e+03 1.46520e+04
5.13600e+03 3.96000e+03
8.49600e+03 1.46520e+04
1.20160e+04 1.43880e+04
1.68800e+04 1.43880e+04
1.69120e+04 4.57600e+03
1.57600e+04 1.43880e+04
1.58240e+04 4.57600e+03
3.44000e+03 1.46520e+04
3.82400e+03 3.96000e+03
1.69440e+04 1.43880e+04
1.71680e+04 3.96000e+03
1.72320e+04 1.43880e+04
1.72960e+04 3.96000e+03
2.70400e+03 3.96000e+03
4.68800e+03 1.46520e+04
1.72960e+04 1.43880e+04
1.74240e+04 3.96000e+03
6.22400e+03 3.96000e+03
1.04160e+04 1.46520e+04
5.96800e+03 3.96000e+03
1.04480e+04 1.46520e+04
1.74240e+04 1.43880e+04
1.74560e+04 3.96000e+03
6.76800e+03 3.96000e+03
9.55200e+03 1.46520e+04
1.73280e+04 1.43880e+04
1.73600e+04 3.96000e+03
6.35200e+03 3.96000e+03
1.11840e+04 1.46520e+04
1.89600e+04 3.96000e+03
1.89920e+04 3.96000e+03
4.24000e+03 3.96000e+03
4.36800e+03 3.96000e+03
4.17600e+03 3.96000e+03
4.30400e+03 3.96000e+03
6.24000e+02 3.96000e+03
8.48000e+02 3.96000e+03
3.95200e+03 3.96000e+03
4.01600e+03 3.96000e+03
4.27200e+03 3.96000e+03
6.38400e+03 1.46520e+04
6.76800e+03 1.46520e+04
1.72000e+04 3.96000e+03
1.76160e+04 3.96000e+03
1.07200e+03 1.46520e+04
1.29600e+03 3.96000e+03
7.20000e+02 1.46520e+04
1.04000e+03 3.96000e+03
1.32800e+03 3.96000e+03
1.42400e+03 1.46520e+04
5.04000e+03 1.46520e+04
6.12800e+03 1.46520e+04
6.19200e+03 1.46520e+04
6.41600e+03 1.46520e+04
6.80000e+03 3.96000e+03
1.58400e+03 3.96000e+03
1.77600e+03 1.46520e+04
1.86400e+04 1.46520e+04
1.90240e+04 3.96000e+03
1.24320e+04 3.96000e+03
1.37440e+04 4.57600e+03
1.13600e+03 3.96000e+03
2.54400e+03 3.96000e+03
1.01280e+04 4.57600e+03
1.14400e+04 3.96000e+03
1.54400e+04 1.12860e+04
1.66880e+04 8.22800e+03
1.79360e+04 6.11600e+03
6.32000e+03 1.21440e+04
6.40000e+03 9.68000e+03
6.48000e+03 6.84200e+03
1.23200e+03 1.00980e+04
1.37600e+03 5.58800e+03
1.52000e+03 4.79600e+03
4.27200e+03 1.24520e+04
4.40000e+03 1.02960e+04
4.52800e+03 7.15000e+03
5.08800e+03 1.02960e+04
5.64800e+03 8.62400e+03
5.96800e+03 6.95200e+03
5.64800e+03 1.24520e+04
6.28800e+03 5.47800e+03
6.28800e+03 7.98600e+03
6.32000e+03 9.02000e+03
6.35200e+03 1.18140e+04
6.73600e+03 9.02000e+03
7.12000e+03 6.82000e+03
1.82240e+04 4.21300e+03
1.86425e+04 4.42200e+03
1.41280e+04 7.08400e+03
1.47040e+04 9.54800e+03
1.52800e+04 1.19460e+04
3.50400e+03 1.18140e+04
4.65600e+03 9.02000e+03
5.80800e+03 6.51200e+03
7.84000e+02 5.39000e+03
8.80000e+02 6.77600e+03
9.76000e+02 7.15000e+03
1.04000e+03 7.52400e+03
1.10400e+03 1.10660e+04
9.10400e+03 1.20780e+04
1.04640e+04 9.54800e+03
1.18240e+04 6.77600e+03
1.07680e+04 1.17700e+04
1.12640e+04 8.93200e+03
1.17600e+04 6.46800e+03
1.00640e+04 1.30460e+04
1.05760e+04 1.14840e+04
1.10880e+04 8.05200e+03
9.07200e+03 1.15500e+04
1.05920e+04 8.49200e+03
1.21120e+04 6.24800e+03
8.68800e+03 1.27820e+04
1.03680e+04 1.09560e+04
1.20480e+04 7.48000e+03
8.65600e+03 1.26720e+04
1.05280e+04 1.07360e+04
1.24000e+04 7.37000e+03
8.52800e+03 1.22980e+04
1.04320e+04 9.98800e+03
1.23360e+04 6.99600e+03
8.46400e+03 1.24080e+04
8.51200e+03 1.02080e+04
8.56000e+03 7.41400e+03
7.21600e+03 1.17700e+04
7.48800e+03 8.93200e+03
7.76000e+03 6.77600e+03
1.25600e+04 1.20560e+04
1.33600e+04 9.76800e+03
1.41600e+04 7.19400e+03
1.36800e+04 1.09120e+04
1.60160e+04 7.48000e+03
1.83520e+04 5.74200e+03
1.77120e+04 1.15280e+04
1.79360e+04 8.44800e+03
1.81600e+04 6.22600e+03
1.27840e+04 1.21660e+04
1.38400e+04 9.98800e+03
1.48960e+04 7.30400e+03
1.37120e+04 9.48200e+03
4.20800e+03 7.63400e+03
6.30400e+03 1.12640e+04
8.40000e+03 1.29360e+04
1.04800e+04 4.86200e+03
1.13920e+04 5.10400e+03
1.23040e+04 9.72400e+03
1.25920e+04 1.21660e+04
1.26240e+04 9.98800e+03
1.26560e+04 7.30400e+03
1.48640e+04 1.22760e+04
1.49440e+04 1.02080e+04
1.50240e+04 7.41400e+03
4.43200e+03 5.80800e+03
6.11200e+03 7.61200e+03
7.79200e+03 1.11100e+04
1.64960e+04 7.67800e+03
1.74560e+04 1.07360e+04
1.84160e+04 1.26720e+04
1.20000e+03 1.03180e+04
1.23200e+03 6.02800e+03
1.26400e+03 5.01600e+03
1.64000e+04 7.56800e+03
1.71520e+04 1.05160e+04
1.79040e+04 1.25620e+04
3.98400e+03 7.52400e+03
6.12800e+03 1.10440e+04
8.27200e+03 1.28260e+04
1.63360e+04 1.19460e+04
1.66560e+04 9.54800e+03
1.69760e+04 6.77600e+03
1.00800e+03 4.90600e+03
1.02400e+03 5.80800e+03
1.04000e+03 1.02080e+04
5.80800e+03 1.19680e+04
5.87200e+03 9.32800e+03
5.93600e+03 6.66600e+03
4.43200e+03 1.15500e+04
4.54400e+03 8.49200e+03
4.65600e+03 6.24800e+03
1.68480e+04 1.29140e+04
1.76160e+04 1.14840e+04
1.83840e+04 7.74400e+03
8.24000e+03 1.20340e+04
8.33600e+03 9.46000e+03
8.43200e+03 7.04000e+03
1.58400e+03 1.05820e+04
1.63200e+03 6.55600e+03
1.68000e+03 5.28000e+03
2.57600e+03 4.90600e+03
2.62400e+03 5.80800e+03
2.67200e+03 1.02080e+04
1.69440e+04 5.85200e+03
1.69760e+04 7.70000e+03
1.70080e+04 1.10220e+04
8.80000e+02 9.83400e+03
1.13600e+03 5.06000e+03
1.39200e+03 4.53200e+03
5.52000e+03 1.32000e+04
5.60000e+03 1.17920e+04
5.68000e+03 7.89800e+03
3.88800e+03 6.24800e+03
4.01600e+03 8.49200e+03
4.14400e+03 1.15500e+04
1.65920e+04 1.26500e+04
1.73440e+04 1.09560e+04
1.80960e+04 7.48000e+03
8.01600e+03 1.20340e+04
8.08000e+03 9.46000e+03
8.14400e+03 7.04000e+03
1.67840e+04 9.68000e+03
1.72960e+04 5.01600e+03
1.78080e+04 4.51000e+03
7.84000e+02 1.08460e+04
9.44000e+02 7.08400e+03
1.10400e+03 5.54400e+03
7.72800e+03 1.22980e+04
7.82400e+03 9.98800e+03
7.92000e+03 7.30400e+03
5.23200e+03 1.30460e+04
5.37600e+03 1.14840e+04
5.52000e+03 7.74400e+03
3.85600e+03 9.30600e+03
4.72000e+03 1.19240e+04
4.84800e+03 9.24000e+03
4.97600e+03 6.62200e+03
1.76160e+04 1.11540e+04
1.81440e+04 7.70000e+03
1.86720e+04 5.85200e+03
7.37600e+03 1.20340e+04
7.44000e+03 9.46000e+03
7.50400e+03 7.04000e+03
1.80800e+03 1.24520e+04
1.88800e+03 1.02960e+04
1.96800e+03 7.15000e+03
1.25280e+04 6.44600e+03
1.26880e+04 8.88800e+03
1.28480e+04 1.16160e+04
1.46080e+04 8.88800e+03
1.63680e+04 6.75400e+03
1.63680e+04 9.43800e+03
1.70880e+04 9.98800e+03
1.78080e+04 1.22980e+04
1.68000e+03 1.07360e+04
1.74400e+03 6.86400e+03
1.80800e+03 5.43400e+03
5.93600e+03 1.24080e+04
6.04800e+03 1.02080e+04
6.16000e+03 7.10600e+03
1.76800e+04 1.28920e+04
1.80960e+04 1.11760e+04
1.85120e+04 7.59000e+03
1.03200e+04 5.23600e+03
1.09600e+04 5.85200e+03
1.16000e+04 1.02300e+04
1.88000e+04 5.09300e+03
1.89305e+04 6.18200e+03
4.84800e+03 1.45200e+04
5.53600e+03 1.44320e+04
6.22400e+03 1.19460e+04
6.30400e+03 9.46000e+03
6.22400e+03 1.45200e+04
6.38400e+03 6.73200e+03
1.93600e+03 1.01640e+04
2.01600e+03 5.72000e+03
2.09600e+03 4.86200e+03
8.16000e+02 9.94400e+03
1.02400e+03 5.28000e+03
1.23200e+03 4.64200e+03
1.84480e+04 4.38900e+03
1.87545e+04 4.77400e+03
6.67200e+03 6.88600e+03
6.73600e+03 9.76800e+03
6.80000e+03 1.11540e+04
9.39200e+03 1.25400e+04
6.80000e+03 1.37500e+04
6.80000e+03 1.26940e+04
1.19840e+04 8.27200e+03
1.21280e+04 1.25400e+04
1.22720e+04 1.34420e+04
1.07360e+04 1.24080e+04
1.16000e+04 1.02080e+04
1.24640e+04 7.10600e+03
8.78400e+03 1.20340e+04
8.88000e+03 9.46000e+03
8.97600e+03 7.04000e+03
3.28000e+03 6.02800e+03
5.42400e+03 8.05200e+03
7.56800e+03 1.13300e+04
1.05440e+04 1.31560e+04
1.05920e+04 1.17040e+04
1.06400e+04 8.16200e+03
7.82400e+03 7.45800e+03
7.87200e+03 1.02960e+04
7.92000e+03 1.24520e+04
1.06080e+04 1.41680e+04
1.12960e+04 1.37280e+04
1.19840e+04 1.32880e+04
1.20160e+04 1.28480e+04
1.19840e+04 1.40360e+04
1.20480e+04 1.21660e+04
1.21600e+04 1.14840e+04
1.22720e+04 7.74400e+03
9.36000e+03 1.45200e+04
1.04000e+04 1.44320e+04
1.14400e+04 1.10220e+04
1.22880e+04 7.61200e+03
1.14400e+04 1.45200e+04
1.31360e+04 6.11600e+03
5.77600e+03 4.20200e+03
5.88800e+03 4.40000e+03
6.00000e+03 4.20200e+03
6.00000e+03 8.05200e+03
8.17600e+03 1.17040e+04
1.03520e+04 1.14400e+04
1.04480e+04 1.11760e+04
1.03520e+04 1.31560e+04
1.05440e+04 7.89800e+03
1.15680e+04 1.16600e+04
1.16160e+04 8.71200e+03
1.16640e+04 6.35800e+03
6.56000e+02 9.30600e+03
1.63040e+04 1.13960e+04
1.69760e+04 8.44800e+03
1.76480e+04 6.22600e+03
6.60800e+03 1.21440e+04
6.62400e+03 9.68000e+03
6.64000e+03 6.84200e+03
6.03200e+03 4.20200e+03
6.04800e+03 4.40000e+03
6.06400e+03 4.20200e+03
1.16320e+04 6.66600e+03
1.19200e+04 9.32800e+03
1.22080e+04 1.18360e+04
2.53500e+02 4.42200e+03
3.04000e+02 4.21300e+03
1.08640e+04 1.08900e+04
1.22720e+04 7.17200e+03
1.36800e+04 5.89600e+03
9.52000e+03 1.38380e+04
1.08800e+04 1.30680e+04
1.22400e+04 1.24960e+04
1.30240e+04 1.19240e+04
1.22400e+04 1.37060e+04
1.38080e+04 8.27200e+03
7.53600e+03 1.20340e+04
7.74400e+03 9.46000e+03
7.95200e+03 7.04000e+03
3.12000e+03 6.24800e+03
3.20000e+03 8.49200e+03
3.28000e+03 1.15500e+04
1.13760e+04 9.30600e+03
3.15200e+03 1.16600e+04
3.20000e+03 8.71200e+03
3.24800e+03 6.35800e+03
1.39200e+03 1.04720e+04
1.47200e+03 6.33600e+03
1.55200e+03 5.17000e+03
4.64000e+02 9.10800e+03
5.76000e+02 1.42120e+04
6.88000e+02 1.44100e+04
7.60000e+03 1.21440e+04
7.63200e+03 9.68000e+03
7.66400e+03 7.15000e+03
5.36000e+03 8.05200e+03
5.52000e+03 1.21000e+04
5.68000e+03 1.33540e+04
1.00320e+04 1.05600e+04
1.01120e+04 6.51200e+03
1.01920e+04 5.56600e+03
3.05600e+03 5.52200e+03
4.27200e+03 7.04000e+03
5.48800e+03 1.08240e+04
9.93600e+03 1.28920e+04
1.00160e+04 1.11760e+04
1.00960e+04 7.89800e+03
5.60000e+02 4.09200e+03
6.56000e+02 4.18000e+03
7.52000e+02 4.09200e+03
7.52000e+02 8.09600e+03
2.97600e+03 1.20120e+04
5.20000e+03 1.33100e+04
4.94400e+03 1.16600e+04
5.16800e+03 8.71200e+03
5.39200e+03 5.69800e+03
5.39200e+03 8.05200e+03
5.82400e+03 7.39200e+03
6.25600e+03 5.69800e+03
6.25600e+03 8.80000e+03
6.62400e+03 1.02080e+04
6.99200e+03 1.23200e+04
6.99200e+03 1.45200e+04
7.20000e+03 1.44320e+04
7.40800e+03 1.45200e+04
9.23200e+03 1.13300e+04
9.28000e+03 8.05200e+03
9.32800e+03 6.33600e+03
4.88000e+03 7.37000e+03
5.88800e+03 1.07360e+04
6.89600e+03 1.02520e+04
6.99200e+03 9.76800e+03
6.89600e+03 1.26720e+04
7.08800e+03 7.19400e+03
3.76000e+03 1.26720e+04
3.90400e+03 1.07360e+04
4.04800e+03 7.37000e+03
8.30400e+03 1.21440e+04
8.35200e+03 9.68000e+03
8.40000e+03 7.15000e+03
9.77600e+03 1.14400e+04
1.12800e+04 8.27200e+03
1.27840e+04 6.44600e+03
7.05600e+03 9.61400e+03
1.43200e+04 7.19400e+03
1.44160e+04 9.76800e+03
1.45120e+04 1.20560e+04
1.47040e+04 1.22760e+04
1.47200e+04 1.02080e+04
1.47360e+04 7.41400e+03
2.92800e+03 5.91800e+03
3.29600e+03 7.83200e+03
3.66400e+03 1.12200e+04
4.12800e+03 7.83200e+03
4.59200e+03 5.91800e+03
1.30720e+04 9.48200e+03
1.04800e+04 1.05600e+04
1.15520e+04 6.51200e+03
1.26240e+04 5.56600e+03
6.89600e+03 7.04000e+03
7.00800e+03 9.46000e+03
7.12000e+03 1.20340e+04
3.40800e+03 7.15000e+03
3.56800e+03 1.02960e+04
3.72800e+03 1.24520e+04
7.24800e+03 1.21880e+04
7.32800e+03 9.76800e+03
7.40800e+03 7.19400e+03
3.56800e+03 6.88600e+03
3.74400e+03 9.76800e+03
3.92000e+03 1.21880e+04
2.89600e+03 7.04000e+03
3.21600e+03 1.00760e+04
3.53600e+03 1.23420e+04
4.14400e+03 1.00760e+04
4.75200e+03 7.04000e+03
1.27200e+04 1.21660e+04
1.27360e+04 9.98800e+03
1.27520e+04 7.30400e+03
2.80000e+03 1.20340e+04
2.81600e+03 9.46000e+03
2.83200e+03 6.73200e+03
8.11200e+03 1.21440e+04
8.16000e+03 9.68000e+03
8.20800e+03 7.15000e+03
1.32800e+03 1.03620e+04
1.39200e+03 6.11600e+03
1.45600e+03 5.06000e+03
1.21760e+04 7.52400e+03
1.23360e+04 1.10440e+04
1.24960e+04 1.26940e+04
9.13600e+03 1.21880e+04
1.03360e+04 9.76800e+03
1.15360e+04 6.88600e+03
1.13120e+04 1.18800e+04
1.13920e+04 9.15200e+03
1.14720e+04 6.57800e+03
9.29600e+03 1.11100e+04
1.00960e+04 7.61200e+03
1.08960e+04 6.11600e+03
5.07200e+03 5.91800e+03
5.79200e+03 7.83200e+03
6.51200e+03 1.12200e+04
9.90400e+03 1.12200e+04
1.03360e+04 7.83200e+03
1.07680e+04 6.22600e+03
5.04000e+03 6.24800e+03
5.98400e+03 8.49200e+03
6.92800e+03 1.15500e+04
1.12800e+04 1.32000e+04
1.13120e+04 1.17920e+04
1.13440e+04 7.89800e+03
5.45600e+03 6.99600e+03
6.44800e+03 9.98800e+03
7.44000e+03 1.22980e+04
1.25920e+04 6.24800e+03
1.26080e+04 8.49200e+03
1.26240e+04 1.14180e+04
1.23680e+04 1.18360e+04
1.47040e+04 9.32800e+03
1.70400e+04 6.66600e+03
1.16320e+04 1.20560e+04
1.16640e+04 9.76800e+03
1.16960e+04 6.88600e+03
1.44800e+04 1.17260e+04
1.44960e+04 9.10800e+03
1.45120e+04 6.86400e+03
1.75200e+04 6.38000e+03
1.75840e+04 8.75600e+03
1.76480e+04 1.16820e+04
5.92000e+02 4.35600e+03
6.08000e+02 4.70800e+03
6.24000e+02 9.65800e+03
1.14080e+04 7.85400e+03
1.19040e+04 1.17040e+04
1.24000e+04 1.30240e+04
1.32960e+04 1.17040e+04
1.41920e+04 8.16200e+03
1.16000e+04 4.77400e+03
1.18400e+04 5.54400e+03
1.20800e+04 9.94400e+03
1.75520e+04 6.49000e+03
1.76640e+04 8.97600e+03
1.77760e+04 1.17920e+04
1.24640e+04 1.25400e+04
1.24800e+04 1.07360e+04
1.24960e+04 7.37000e+03
1.77440e+04 1.16380e+04
1.78080e+04 8.66800e+03
1.78720e+04 6.33600e+03
1.66240e+04 1.10220e+04
1.66400e+04 7.70000e+03
1.66560e+04 6.16000e+03
1.32320e+04 1.19460e+04
1.33440e+04 9.54800e+03
1.34560e+04 7.08400e+03
1.01920e+04 1.24080e+04
1.02720e+04 1.02080e+04
1.03520e+04 7.41400e+03
1.87360e+04 4.74100e+03
1.88985e+04 5.47800e+03
9.12000e+02 9.65800e+03
9.92000e+02 4.70800e+03
1.07200e+03 4.35600e+03
1.43200e+04 1.22760e+04
1.43840e+04 1.02080e+04
1.44480e+04 7.41400e+03
7.69600e+03 1.21440e+04
7.71200e+03 9.68000e+03
7.72800e+03 7.15000e+03
1.86400e+04 4.56500e+03
1.88505e+04 5.12600e+03
1.47680e+04 1.22760e+04
1.47840e+04 1.02080e+04
1.48000e+04 7.41400e+03
9.87200e+03 6.33600e+03
1.00000e+04 8.05200e+03
1.01280e+04 1.13300e+04
1.64960e+04 1.26940e+04
1.65120e+04 1.10440e+04
1.65280e+04 7.83200e+03
1.53760e+04 1.19460e+04
1.53920e+04 9.54800e+03
1.54080e+04 7.08400e+03
5.71200e+03 4.09200e+03
5.77600e+03 4.18000e+03
5.84000e+03 4.09200e+03
5.96800e+03 4.18000e+03
6.09600e+03 4.09200e+03
6.09600e+03 8.05200e+03
6.38400e+03 1.19240e+04
6.67200e+03 1.32660e+04
6.68800e+03 1.19240e+04
6.70400e+03 7.96400e+03
6.78400e+03 1.19240e+04
6.86400e+03 1.32660e+04
7.15200e+03 1.20340e+04
7.20000e+03 9.46000e+03
7.24800e+03 7.04000e+03
7.31200e+03 1.43880e+04
1.16320e+04 1.41680e+04
1.59520e+04 1.42560e+04
1.56640e+04 1.19460e+04
1.59040e+04 9.54800e+03
1.61440e+04 7.08400e+03
1.75840e+04 1.12640e+04
1.78240e+04 7.92000e+03
1.80640e+04 5.96200e+03
1.46080e+04 7.19400e+03
1.55200e+04 9.76800e+03
1.64320e+04 1.20560e+04
4.56000e+03 4.09200e+03
4.67200e+03 4.18000e+03
4.78400e+03 4.09200e+03
4.78400e+03 8.25000e+03
6.46400e+03 1.23200e+04
8.14400e+03 1.34640e+04
9.61600e+03 1.24080e+04
9.64800e+03 1.02080e+04
9.68000e+03 7.41400e+03
1.21120e+04 1.20560e+04
1.21760e+04 9.76800e+03
1.22400e+04 6.88600e+03
8.36800e+03 1.22540e+04
8.41600e+03 9.90000e+03
8.46400e+03 7.26000e+03
1.88960e+04 5.26900e+03
1.89785e+04 6.53400e+03
1.19520e+04 1.16820e+04
1.20800e+04 9.02000e+03
1.22080e+04 6.51200e+03
1.03200e+04 1.05600e+04
1.03680e+04 6.51200e+03
1.04160e+04 5.56600e+03
4.33600e+03 4.77400e+03
7.80800e+03 5.54400e+03
1.12800e+04 4.77400e+03
1.12800e+04 8.51400e+03
1.15520e+04 1.14840e+04
1.18240e+04 1.29140e+04
1.26560e+04 1.23200e+04
1.28480e+04 1.02960e+04
1.30400e+04 7.45800e+03
1.18880e+04 6.77600e+03
1.25280e+04 9.54800e+03
1.31680e+04 1.19460e+04
3.34400e+03 1.21880e+04
3.44000e+03 9.76800e+03
3.53600e+03 6.88600e+03
6.12800e+03 4.09200e+03
6.35200e+03 4.18000e+03
6.57600e+03 4.09200e+03
6.57600e+03 6.00600e+03
6.65600e+03 7.83200e+03
6.73600e+03 1.12200e+04
1.17920e+04 1.15280e+04
1.18720e+04 8.71200e+03
1.19520e+04 6.35800e+03
7.21600e+03 6.55600e+03
7.96800e+03 8.49200e+03
8.72000e+03 1.15500e+04
4.81600e+03 6.88600e+03
5.44000e+03 9.76800e+03
6.06400e+03 1.21880e+04
8.94400e+03 1.24080e+04
9.20000e+03 1.02080e+04
9.45600e+03 7.41400e+03
9.96800e+03 1.24080e+04
1.00160e+04 1.02080e+04
1.00640e+04 7.41400e+03
3.63200e+03 6.77600e+03
4.80000e+03 9.54800e+03
5.96800e+03 1.20780e+04
1.55360e+04 1.21660e+04
1.55680e+04 9.98800e+03
1.56000e+04 7.30400e+03
1.17280e+04 1.20560e+04
1.18240e+04 9.76800e+03
1.19200e+04 6.88600e+03
6.44800e+03 1.10000e+04
6.68800e+03 7.39200e+03
6.92800e+03 6.00600e+03
4.30400e+03 1.16600e+04
4.51200e+03 8.71200e+03
4.72000e+03 6.35800e+03
9.44000e+02 1.45200e+04
1.55200e+03 1.44320e+04
2.16000e+03 1.25180e+04
2.20800e+03 1.06040e+04
2.16000e+03 1.45200e+04
2.25600e+03 7.30400e+03
7.82400e+03 1.42780e+04
1.19040e+04 1.39480e+04
1.59840e+04 1.41460e+04
5.48800e+03 5.36800e+03
8.32000e+03 6.73200e+03
1.11520e+04 1.06700e+04
1.34240e+04 5.03800e+03
1.38240e+04 5.45600e+03
1.42240e+04 4.70800e+03
1.42240e+04 5.12600e+03
1.45280e+04 4.79600e+03
1.48320e+04 4.70800e+03
1.49120e+04 4.79600e+03
1.49920e+04 4.70800e+03
1.51840e+04 4.79600e+03
1.53760e+04 4.70800e+03
1.53760e+04 5.50000e+03
1.55040e+04 6.20400e+03
1.56320e+04 1.02740e+04
1.59035e+04 6.20400e+03
1.61760e+04 4.70800e+03
1.63680e+04 4.79600e+03
1.61760e+04 5.47800e+03
1.65600e+04 4.70800e+03
1.66400e+04 4.79600e+03
1.67200e+04 4.70800e+03
1.67840e+04 4.79600e+03
1.68480e+04 4.70800e+03
1.28800e+04 4.92800e+03
1.29440e+04 5.23600e+03
1.30080e+04 4.92800e+03
1.31520e+04 5.23600e+03
1.32960e+04 4.92800e+03
1.38235e+04 5.23600e+03
1.43520e+04 4.81800e+03
1.44960e+04 5.01600e+03
1.43520e+04 5.10400e+03
1.46400e+04 4.81800e+03
1.47040e+04 5.01600e+03
1.47680e+04 4.81800e+03
1.48640e+04 5.01600e+03
1.49600e+04 4.81800e+03
1.51040e+04 5.01600e+03
1.52480e+04 4.81800e+03
1.52480e+04 5.76400e+03
1.57120e+04 6.51200e+03
1.61760e+04 1.04280e+04
1.62395e+04 6.51200e+03
1.63040e+04 4.81800e+03
1.64480e+04 5.01600e+03
1.63040e+04 5.74200e+03
1.65920e+04 4.81800e+03
4.46400e+03 6.88600e+03
4.52800e+03 9.76800e+03
4.59200e+03 1.21880e+04
1.10240e+04 1.29360e+04
1.40640e+04 1.12640e+04
1.71040e+04 7.63400e+03
2.38400e+03 1.00540e+04
2.44800e+03 5.50000e+03
2.51200e+03 4.75200e+03
1.64800e+03 1.41900e+04
2.30400e+03 1.37720e+04
2.96000e+03 1.16160e+04
3.02400e+03 9.46000e+03
2.96000e+03 1.41900e+04
3.08800e+03 6.73200e+03
1.29600e+03 1.43000e+04
1.92000e+03 1.39920e+04
2.54400e+03 9.74600e+03
2.60800e+03 5.50000e+03
2.54400e+03 1.43000e+04
2.67200e+03 4.75200e+03
9.64800e+03 1.12200e+04
9.69600e+03 7.83200e+03
9.74400e+03 6.22600e+03
9.48800e+03 1.24080e+04
9.53600e+03 1.02080e+04
9.58400e+03 7.41400e+03
8.81600e+03 1.21440e+04
8.83200e+03 9.68000e+03
8.84800e+03 7.15000e+03
5.13600e+03 1.35740e+04
5.23200e+03 1.25400e+04
5.32800e+03 8.27200e+03
3.08800e+03 1.25620e+04
3.58400e+03 1.05160e+04
4.08000e+03 7.26000e+03
3.24800e+03 1.20340e+04
3.29600e+03 9.46000e+03
3.34400e+03 6.73200e+03
1.09600e+04 1.18800e+04
1.09920e+04 9.15200e+03
1.10240e+04 6.88600e+03
2.99200e+03 1.21440e+04
3.08800e+03 9.68000e+03
3.18400e+03 6.84200e+03
1.08960e+04 1.12640e+04
1.10400e+04 7.92000e+03
1.11840e+04 6.27000e+03
1.08320e+04 1.18800e+04
1.08800e+04 9.15200e+03
1.09280e+04 6.88600e+03
2.00000e+03 1.44100e+04
2.68800e+03 1.42120e+04
3.37600e+03 1.14620e+04
3.44000e+03 8.71200e+03
3.37600e+03 1.44100e+04
3.50400e+03 6.35800e+03
2.22400e+03 1.00540e+04
2.28800e+03 5.50000e+03
2.35200e+03 4.75200e+03
6.54400e+03 7.74400e+03
7.71200e+03 1.14840e+04
8.88000e+03 1.30460e+04
1.32960e+04 1.22760e+04
1.33120e+04 1.02080e+04
1.33280e+04 7.41400e+03
1.71360e+04 1.42560e+04
1.78905e+04 1.41680e+04
4.20800e+03 1.31560e+04
4.70400e+03 1.17040e+04
5.20000e+03 7.85400e+03
1.17600e+04 1.38160e+04
1.45120e+04 1.32880e+04
1.72640e+04 8.64600e+03
1.72640e+04 1.35960e+04
1.77925e+04 1.39480e+04
1.83200e+04 1.42780e+04
1.58240e+04 1.23200e+04
1.64480e+04 1.02960e+04
1.70720e+04 7.15000e+03
9.71200e+03 1.24080e+04
9.77600e+03 1.02080e+04
9.84000e+03 7.41400e+03
1.70720e+04 1.30240e+04
1.72000e+04 1.17040e+04
1.73280e+04 7.85400e+03
1.64640e+04 1.20560e+04
1.76960e+04 9.76800e+03
1.89280e+04 6.88600e+03
2.73600e+03 6.13800e+03
5.29600e+03 8.27200e+03
7.85600e+03 1.14400e+04
1.31360e+04 1.11320e+04
1.31840e+04 7.92000e+03
1.32320e+04 6.27000e+03
1.67200e+04 1.10220e+04
1.67360e+04 7.70000e+03
1.67520e+04 6.16000e+03
1.59200e+04 1.21660e+04
1.59680e+04 9.98800e+03
1.60160e+04 7.30400e+03
1.55040e+04 1.19460e+04
1.55200e+04 9.54800e+03
1.55360e+04 7.08400e+03
2.05500e+02 1.39920e+04
2.08000e+02 8.99800e+03
3.68000e+02 1.39920e+04
5.28000e+02 1.43000e+04
1.60160e+04 1.24300e+04
1.60320e+04 1.05160e+04
1.60480e+04 7.56800e+03
1.60480e+04 1.25840e+04
1.60640e+04 1.08240e+04
1.60800e+04 7.72200e+03
1.40320e+04 1.19460e+04
1.40480e+04 9.54800e+03
1.40640e+04 7.08400e+03
1.35840e+04 9.48200e+03
1.46080e+04 1.22760e+04
1.46400e+04 1.02080e+04
1.46720e+04 7.41400e+03
1.33920e+04 9.48200e+03
1.66880e+04 9.79000e+03
1.72320e+04 5.23600e+03
1.77760e+04 4.62000e+03
1.62080e+04 9.48200e+03
5.10400e+03 1.19240e+04
5.16800e+03 9.24000e+03
5.23200e+03 4.22400e+03
5.23200e+03 7.01800e+03
6.11200e+03 4.79600e+03
5.23200e+03 4.64200e+03
6.99200e+03 4.70800e+03
4.40000e+03 7.26000e+03
9.37600e+03 1.05160e+04
1.43520e+04 1.24300e+04
5.39200e+03 1.19240e+04
5.48800e+03 9.24000e+03
5.58400e+03 6.62200e+03
5.77600e+03 1.16600e+04
5.84000e+03 8.71200e+03
5.90400e+03 6.35800e+03
9.44000e+02 5.65400e+03
1.21600e+03 7.30400e+03
1.48800e+03 1.09560e+04
3.66400e+03 5.63200e+03
3.84000e+03 7.26000e+03
4.01600e+03 1.09340e+04
7.98400e+03 1.17700e+04
9.36000e+03 8.93200e+03
1.07360e+04 6.77600e+03
5.61600e+03 7.74400e+03
5.88800e+03 1.14840e+04
6.16000e+03 1.30460e+04
1.72320e+04 4.20200e+03
1.76000e+04 4.40000e+03
1.79680e+04 9.50400e+03
1.61600e+03 4.75200e+03
1.87200e+03 5.50000e+03
2.12800e+03 1.00540e+04
1.87200e+03 5.08200e+03
2.17600e+03 6.16000e+03
2.48000e+03 1.03840e+04
1.23040e+04 4.22400e+03
1.23040e+04 4.62000e+03
1.31045e+04 4.79600e+03
1.39040e+04 4.70800e+03
9.96800e+03 5.45600e+03
1.07680e+04 6.29200e+03
1.15680e+04 5.14800e+03
1.20000e+03 4.42200e+03
2.08000e+03 4.84000e+03
2.96000e+03 4.42200e+03
1.90400e+03 6.88600e+03
2.36800e+03 9.76800e+03
2.83200e+03 1.21880e+04
1.42400e+03 4.53200e+03
2.40000e+03 5.06000e+03
3.37600e+03 4.53200e+03
2.16000e+03 7.15000e+03
2.67200e+03 1.02960e+04
3.18400e+03 1.24520e+04
9.12000e+02 4.20200e+03
1.55200e+03 4.40000e+03
2.19200e+03 4.20200e+03
2.60800e+03 4.40000e+03
3.02400e+03 4.20200e+03
2.69000e+02 4.77400e+03
3.36000e+02 4.21300e+03
3.36000e+02 4.59800e+03
1.48800e+03 4.64200e+03
2.63950e+03 5.28000e+03
3.79200e+03 4.46600e+03
3.79200e+03 5.10400e+03
8.80000e+02 4.09200e+03
1.55200e+03 4.18000e+03
2.22400e+03 4.09200e+03
2.41600e+03 4.18000e+03
2.60800e+03 4.09200e+03
3.02400e+03 4.18000e+03
3.44000e+03 4.09200e+03
1.83520e+04 1.25180e+04
1.85280e+04 1.04280e+04
1.87040e+04 7.21600e+03
1.90400e+03 1.23420e+04
1.98400e+03 1.00760e+04
2.06400e+03 7.04000e+03
1.87680e+04 4.91700e+03
1.89145e+04 5.83000e+03
1.82560e+04 1.24080e+04
1.83680e+04 1.02080e+04
1.84800e+04 7.10600e+03
1.84000e+03 1.02740e+04
1.92000e+03 5.94000e+03
2.00000e+03 4.97200e+03
1.82240e+04 1.22980e+04
1.83200e+04 9.98800e+03
1.84160e+04 6.99600e+03
1.61600e+03 1.02080e+04
1.69600e+03 5.80800e+03
1.77600e+03 4.90600e+03
1.78400e+04 6.44600e+03
1.78880e+04 8.88800e+03
1.79360e+04 1.17480e+04
1.79040e+04 6.33600e+03
1.79520e+04 8.66800e+03
1.80000e+04 1.16380e+04
1.21440e+04 4.99400e+03
