1084
7.84000e+02 4.53200e+03
8.64000e+02 5.06000e+03
9.44000e+02 4.20200e+03
9.44000e+02 4.73000e+03
1.05600e+03 4.40000e+03
1.16800e+03 4.20200e+03
1.69120e+04 1.18800e+04
1.71200e+04 1.17920e+04
1.73280e+04 1.18800e+04
7.47200e+03 1.09560e+04
7.84000e+03 9.94400e+03
8.20800e+03 1.09560e+04
1.10400e+03 1.18800e+04
1.18400e+03 1.17920e+04
1.26400e+03 7.89800e+03
1.07200e+03 1.17480e+04
1.15250e+03 1.11760e+04
1.07200e+03 1.13520e+04
1.23200e+03 7.59000e+03
8.48000e+02 1.18800e+04
9.44000e+02 1.17920e+04
1.04000e+03 7.89800e+03
2.72000e+02 1.11760e+04
3.84000e+02 1.03840e+04
4.96000e+02 7.19400e+03
3.04000e+02 1.12860e+04
4.64000e+02 1.06040e+04
6.24000e+02 7.30400e+03
8.56000e+03 1.14400e+04
9.26400e+03 1.09120e+04
9.96800e+03 1.14400e+04
5.71200e+03 9.98800e+03
6.43200e+03 8.00800e+03
7.15200e+03 9.98800e+03
3.66400e+03 6.53400e+03
3.95200e+03 9.06400e+03
4.24000e+03 1.05160e+04
3.47200e+03 4.20200e+03
4.22400e+03 4.40000e+03
4.97600e+03 4.20200e+03
5.00800e+03 4.86200e+03
5.76000e+03 5.72000e+03
6.51200e+03 4.86200e+03
7.47200e+03 4.20200e+03
8.25600e+03 4.40000e+03
9.04000e+03 4.20200e+03
7.05600e+03 4.64200e+03
7.92000e+03 5.28000e+03
8.78400e+03 4.64200e+03
2.51200e+03 5.72000e+03
2.92800e+03 7.43600e+03
3.34400e+03 9.70200e+03
1.02240e+04 1.16600e+04
1.11520e+04 1.13520e+04
1.20800e+04 1.16600e+04
5.07200e+03 6.11600e+03
6.00000e+03 8.22800e+03
6.92800e+03 6.11600e+03
1.04800e+04 1.14400e+04
1.14560e+04 1.09120e+04
1.24320e+04 1.14400e+04
5.29600e+03 4.20200e+03
6.32000e+03 4.40000e+03
7.34400e+03 4.20200e+03
2.32000e+03 4.31200e+03
3.36000e+03 4.62000e+03
4.40000e+03 4.31200e+03
6.64000e+03 4.09200e+03
7.69600e+03 4.18000e+03
8.75200e+03 4.09200e+03
1.05120e+04 1.13300e+04
1.16480e+04 1.06920e+04
1.27840e+04 1.13300e+04
6.22400e+03 4.31200e+03
7.36000e+03 4.62000e+03
8.49600e+03 4.31200e+03
1.07680e+04 9.32800e+03
1.19520e+04 6.68800e+03
1.31360e+04 9.32800e+03
1.53440e+04 5.89600e+03
1.61440e+04 7.78800e+03
1.69440e+04 9.87800e+03
5.36000e+03 6.38000e+03
6.56000e+03 8.75600e+03
7.76000e+03 6.38000e+03
1.52000e+03 6.16000e+03
2.27200e+03 8.31600e+03
3.02400e+03 1.01420e+04
1.32800e+03 6.27000e+03
2.11200e+03 8.53600e+03
2.89600e+03 1.02520e+04
2.89600e+03 4.09200e+03
4.14400e+03 4.18000e+03
5.39200e+03 4.09200e+03
1.08000e+04 1.17700e+04
1.21440e+04 1.15720e+04
1.34880e+04 1.17700e+04
1.10560e+04 9.65800e+03
1.24480e+04 7.34800e+03
1.38400e+04 9.65800e+03
1.85760e+04 4.22400e+03
1.85760e+04 4.62000e+03
1.86405e+04 4.79600e+03
1.87040e+04 8.38200e+03
1.82240e+04 7.78800e+03
1.82560e+04 1.15720e+04
1.82880e+04 1.17700e+04
3.08800e+03 6.16000e+03
4.06400e+03 8.31600e+03
5.04000e+03 1.01420e+04
4.49600e+03 1.00320e+04
4.51200e+03 8.09600e+03
4.52800e+03 6.05000e+03
1.10880e+04 1.09560e+04
1.26400e+04 9.94400e+03
1.41920e+04 1.09560e+04
4.08000e+03 3.96000e+03
5.29600e+03 1.20120e+04
9.39200e+03 1.20120e+04
9.68000e+03 4.22400e+03
9.93600e+03 1.20120e+04
1.05440e+04 4.22400e+03
1.55040e+04 3.96000e+03
1.56000e+04 1.20120e+04
1.88640e+04 1.20120e+04
1.89280e+04 3.96000e+03
1.24960e+04 1.20120e+04
1.25600e+04 4.22400e+03
8.88000e+03 1.20120e+04
1.10880e+04 4.22400e+03
1.19520e+04 4.22400e+03
1.19840e+04 1.20120e+04
1.23680e+04 1.20120e+04
1.24960e+04 4.22400e+03
1.32640e+04 1.20120e+04
1.33600e+04 4.22400e+03
5.60000e+02 3.96000e+03
5.60000e+02 1.20120e+04
7.20000e+02 3.96000e+03
5.93600e+03 3.96000e+03
5.93600e+03 1.20120e+04
1.37760e+04 1.20120e+04
1.39040e+04 4.22400e+03
1.44800e+04 1.20120e+04
1.47680e+04 4.22400e+03
7.85600e+03 1.20120e+04
7.95200e+03 3.96000e+03
1.20000e+03 3.96000e+03
2.22400e+03 1.20120e+04
1.48800e+03 3.96000e+03
3.05600e+03 1.20120e+04
6.24000e+02 1.20120e+04
8.16000e+02 3.96000e+03
2.62000e+02 1.13520e+04
4.32000e+02 1.20120e+04
2.19200e+03 3.96000e+03
2.76800e+03 3.96000e+03
3.34400e+03 3.96000e+03
3.92000e+03 3.96000e+03
5.36000e+03 1.20120e+04
5.48800e+03 3.96000e+03
5.58400e+03 1.20120e+04
1.71200e+03 3.96000e+03
2.28800e+03 3.96000e+03
2.86400e+03 3.96000e+03
3.40800e+03 1.20120e+04
3.44000e+03 3.96000e+03
7.98400e+03 3.96000e+03
7.98400e+03 1.20120e+04
1.41600e+04 1.20120e+04
1.41920e+04 4.22400e+03
1.43840e+04 1.20120e+04
1.44800e+04 4.22400e+03
1.30720e+04 4.22400e+03
1.30720e+04 1.20120e+04
1.42400e+03 3.96000e+03
2.76800e+03 1.20120e+04
3.12000e+03 1.20120e+04
7.69600e+03 1.20120e+04
7.82400e+03 3.96000e+03
1.45600e+03 3.96000e+03
3.08800e+03 1.20120e+04
1.27520e+04 1.20120e+04
1.27840e+04 4.22400e+03
2.86400e+03 1.20120e+04
4.24000e+03 3.96000e+03
8.01600e+03 3.96000e+03
8.08000e+03 1.20120e+04
8.30400e+03 3.96000e+03
8.36800e+03 3.96000e+03
8.59200e+03 3.96000e+03
8.65600e+03 3.96000e+03
8.88000e+03 3.96000e+03
8.94400e+03 3.96000e+03
5.92000e+02 1.20120e+04
8.80000e+02 3.96000e+03
1.16640e+04 4.22400e+03
1.20480e+04 1.20120e+04
1.29760e+04 1.20120e+04
1.33920e+04 4.22400e+03
1.42880e+04 1.20120e+04
1.43200e+04 4.22400e+03
1.83840e+04 1.20120e+04
1.88740e+04 1.15500e+04
1.62080e+04 1.20120e+04
1.65600e+04 3.96000e+03
1.13760e+04 4.22400e+03
1.33920e+04 1.20120e+04
9.96800e+03 4.22400e+03
1.00960e+04 1.20120e+04
1.02560e+04 4.22400e+03
1.13760e+04 1.20120e+04
1.58240e+04 3.96000e+03
1.60160e+04 1.20120e+04
1.00800e+03 3.96000e+03
1.10400e+03 3.96000e+03
1.23200e+03 1.20120e+04
1.52800e+04 3.96000e+03
1.59200e+04 1.20120e+04
1.73600e+04 1.20120e+04
1.77760e+04 1.20120e+04
1.81920e+04 1.20120e+04
1.86080e+04 1.20120e+04
6.48000e+03 1.20120e+04
6.57600e+03 3.96000e+03
6.16000e+03 3.96000e+03
6.38400e+03 1.20120e+04
5.52000e+03 1.20120e+04
5.58400e+03 3.96000e+03
1.96800e+03 3.96000e+03
2.00000e+03 1.20120e+04
6.19200e+03 3.96000e+03
1.64960e+04 1.20120e+04
8.94400e+03 1.20120e+04
8.97600e+03 3.96000e+03
4.43200e+03 3.96000e+03
1.52160e+04 1.20120e+04
4.49600e+03 3.96000e+03
1.56320e+04 1.20120e+04
7.21600e+03 1.20120e+04
7.50400e+03 3.96000e+03
4.72000e+03 3.96000e+03
1.60480e+04 1.20120e+04
4.78400e+03 3.96000e+03
1.64640e+04 1.20120e+04
1.29600e+03 1.20120e+04
1.39200e+03 3.96000e+03
1.56960e+04 3.96000e+03
1.57280e+04 1.20120e+04
1.69760e+04 1.20120e+04
1.17920e+04 1.20120e+04
1.18240e+04 4.22400e+03
1.12160e+04 4.22400e+03
1.12160e+04 1.20120e+04
3.36000e+02 1.20120e+04
3.68000e+02 3.96000e+03
1.46080e+04 1.20120e+04
1.46400e+04 4.22400e+03
1.39680e+04 1.20120e+04
1.40320e+04 4.22400e+03
1.04160e+04 4.22400e+03
1.04480e+04 1.20120e+04
9.80800e+03 4.22400e+03
9.87200e+03 1.20120e+04
1.52480e+04 3.96000e+03
1.53120e+04 1.20120e+04
1.32000e+04 1.20120e+04
1.32320e+04 4.22400e+03
1.25600e+04 1.20120e+04
1.26240e+04 4.22400e+03
3.92000e+03 1.20120e+04
3.98400e+03 3.96000e+03
4.01600e+03 3.96000e+03
4.04800e+03 1.20120e+04
4.04800e+03 3.96000e+03
4.36800e+03 1.20120e+04
3.82400e+03 1.20120e+04
3.95200e+03 3.96000e+03
4.11200e+03 3.96000e+03
4.72000e+03 1.20120e+04
4.14400e+03 3.96000e+03
4.78400e+03 1.20120e+04
4.17600e+03 3.96000e+03
4.94400e+03 1.20120e+04
4.20800e+03 3.96000e+03
5.00800e+03 1.20120e+04
5.28000e+02 3.96000e+03
2.64000e+03 3.96000e+03
1.21120e+04 4.22400e+03
1.73920e+04 3.96000e+03
1.75200e+04 1.20120e+04
1.08000e+04 4.22400e+03
1.09280e+04 1.20120e+04
1.07040e+04 4.22400e+03
1.07360e+04 1.20120e+04
1.66880e+04 3.96000e+03
1.71680e+04 1.20120e+04
1.35200e+04 4.22400e+03
1.80320e+04 1.20120e+04
1.80960e+04 3.96000e+03
1.09280e+04 4.22400e+03
1.64320e+04 1.20120e+04
1.70400e+04 3.96000e+03
9.42400e+03 4.22400e+03
9.52000e+03 1.20120e+04
1.02560e+04 1.20120e+04
1.06720e+04 4.22400e+03
1.37440e+04 4.22400e+03
1.84480e+04 3.96000e+03
1.85760e+04 1.20120e+04
6.56000e+02 3.96000e+03
9.76000e+02 3.96000e+03
1.00800e+03 1.20120e+04
1.13600e+03 3.96000e+03
1.21760e+04 1.20120e+04
1.22400e+04 4.22400e+03
1.88000e+04 3.96000e+03
1.88000e+04 1.20120e+04
1.48000e+04 1.20120e+04
1.49280e+04 4.22400e+03
9.52000e+03 4.22400e+03
9.71200e+03 1.20120e+04
1.63360e+04 3.96000e+03
1.63680e+04 1.20120e+04
1.08320e+04 4.22400e+03
1.15360e+04 1.20120e+04
1.22080e+04 4.22400e+03
1.22720e+04 1.20120e+04
1.23360e+04 4.22400e+03
1.77440e+04 3.96000e+03
1.80960e+04 1.20120e+04
1.26880e+04 1.20120e+04
1.36480e+04 4.22400e+03
1.28800e+04 1.20120e+04
1.36160e+04 4.22400e+03
1.46720e+04 1.20120e+04
1.50240e+04 4.22400e+03
5.80800e+03 3.96000e+03
5.80800e+03 1.20120e+04
5.87200e+03 3.96000e+03
3.47200e+03 1.20120e+04
3.85600e+03 3.96000e+03
3.36000e+02 3.96000e+03
9.12000e+02 3.96000e+03
1.13440e+04 1.20120e+04
1.45440e+04 1.20120e+04
1.78720e+04 3.96000e+03
1.79360e+04 1.20120e+04
3.68000e+02 1.20120e+04
4.64000e+02 3.96000e+03
1.75200e+04 3.96000e+03
1.76160e+04 1.20120e+04
4.68800e+03 3.96000e+03
7.12000e+03 1.20120e+04
1.74400e+03 3.96000e+03
5.10400e+03 3.96000e+03
3.79200e+03 1.20120e+04
7.31200e+03 1.20120e+04
1.71680e+04 3.96000e+03
1.72320e+04 1.20120e+04
3.50400e+03 3.96000e+03
6.16000e+03 1.20120e+04
1.93600e+03 3.96000e+03
4.59200e+03 1.20120e+04
6.06400e+03 1.20120e+04
9.64800e+03 1.20120e+04
1.68160e+04 3.96000e+03
1.68800e+04 1.20120e+04
1.57920e+04 3.96000e+03
1.67200e+04 1.20120e+04
2.35200e+03 3.96000e+03
5.26400e+03 1.20120e+04
1.64640e+04 3.96000e+03
1.70080e+04 1.20120e+04
1.61120e+04 3.96000e+03
1.62720e+04 1.20120e+04
9.16800e+03 3.96000e+03
9.16800e+03 1.20120e+04
1.33600e+04 1.20120e+04
1.61120e+04 1.20120e+04
2.92800e+03 3.96000e+03
6.96000e+03 1.20120e+04
1.77600e+03 3.96000e+03
6.51200e+03 1.20120e+04
4.14400e+03 1.20120e+04
9.80800e+03 1.20120e+04
4.81600e+03 3.96000e+03
9.61600e+03 1.20120e+04
3.82400e+03 3.96000e+03
8.65600e+03 1.20120e+04
9.26400e+03 3.96000e+03
1.52160e+04 4.22400e+03
9.10400e+03 3.96000e+03
9.20000e+03 3.96000e+03
1.51200e+04 4.22400e+03
9.07200e+03 3.96000e+03
9.32800e+03 1.20120e+04
2.67200e+03 3.96000e+03
7.76000e+03 1.20120e+04
6.00000e+03 3.96000e+03
1.16320e+04 1.20120e+04
6.03200e+03 3.96000e+03
1.18560e+04 1.20120e+04
4.88000e+03 3.96000e+03
1.07040e+04 1.20120e+04
5.45600e+03 3.96000e+03
1.12800e+04 1.20120e+04
5.16800e+03 3.96000e+03
1.09920e+04 1.20120e+04
4.59200e+03 3.96000e+03
1.04160e+04 1.20120e+04
4.91200e+03 3.96000e+03
1.08640e+04 1.20120e+04
4.33600e+03 3.96000e+03
1.02880e+04 1.20120e+04
4.62400e+03 3.96000e+03
1.05760e+04 1.20120e+04
5.20000e+03 3.96000e+03
1.11520e+04 1.20120e+04
3.24800e+03 3.96000e+03
9.45600e+03 1.20120e+04
7.92000e+03 3.96000e+03
1.49280e+04 1.20120e+04
2.09600e+03 3.96000e+03
9.00800e+03 1.20120e+04
8.17600e+03 3.96000e+03
1.53440e+04 1.20120e+04
9.23200e+03 3.96000e+03
9.32800e+03 4.22400e+03
1.66560e+04 1.20120e+04
9.13600e+03 3.96000e+03
1.65600e+04 1.20120e+04
1.66240e+04 1.20120e+04
8.20800e+03 3.96000e+03
1.57600e+04 1.20120e+04
8.46400e+03 3.96000e+03
1.61760e+04 1.20120e+04
3.63200e+03 1.20120e+04
3.69600e+03 3.96000e+03
4.27200e+03 1.20120e+04
4.36800e+03 3.96000e+03
2.48000e+03 1.20120e+04
2.54400e+03 3.96000e+03
5.13600e+03 1.20120e+04
5.26400e+03 3.96000e+03
6.60800e+03 3.96000e+03
6.67200e+03 1.20120e+04
3.12000e+03 3.96000e+03
3.24800e+03 1.20120e+04
7.37600e+03 1.20120e+04
7.40800e+03 3.96000e+03
6.12800e+03 3.96000e+03
6.25600e+03 1.20120e+04
6.99200e+03 3.96000e+03
7.05600e+03 1.20120e+04
1.58880e+04 3.96000e+03
1.59520e+04 3.96000e+03
5.90400e+03 3.96000e+03
5.96800e+03 3.96000e+03
6.88000e+02 3.96000e+03
8.48000e+02 3.96000e+03
2.40000e+02 1.20120e+04
4.64000e+02 1.20120e+04
4.96000e+02 1.20120e+04
7.52000e+02 1.20120e+04
1.29600e+03 3.96000e+03
1.61600e+03 3.96000e+03
7.84000e+02 3.96000e+03
9.44000e+02 3.96000e+03
1.16800e+03 3.96000e+03
1.69120e+04 1.20120e+04
1.73280e+04 1.20120e+04
7.47200e+03 1.20120e+04
8.20800e+03 1.20120e+04
1.10400e+03 1.20120e+04
1.26400e+03 3.96000e+03
1.07200e+03 1.20120e+04
1.23200e+03 3.96000e+03
8.48000e+02 1.20120e+04
1.04000e+03 3.96000e+03
2.72000e+02 1.20120e+04
4.96000e+02 3.96000e+03
3.04000e+02 1.20120e+04
6.24000e+02 3.96000e+03
8.56000e+03 1.20120e+04
9.96800e+03 1.20120e+04
5.71200e+03 1.20120e+04
7.15200e+03 1.20120e+04
3.66400e+03 3.96000e+03
4.24000e+03 1.20120e+04
3.47200e+03 3.96000e+03
4.97600e+03 3.96000e+03
5.00800e+03 3.96000e+03
6.51200e+03 3.96000e+03
7.47200e+03 3.96000e+03
9.04000e+03 3.96000e+03
7.05600e+03 3.96000e+03
8.78400e+03 3.96000e+03
2.51200e+03 3.96000e+03
3.34400e+03 1.20120e+04
1.02240e+04 1.20120e+04
1.20800e+04 1.20120e+04
5.07200e+03 3.96000e+03
6.92800e+03 3.96000e+03
1.04800e+04 1.20120e+04
1.24320e+04 1.20120e+04
5.29600e+03 3.96000e+03
7.34400e+03 3.96000e+03
2.32000e+03 3.96000e+03
4.40000e+03 3.96000e+03
6.64000e+03 3.96000e+03
8.75200e+03 3.96000e+03
1.05120e+04 1.20120e+04
1.27840e+04 1.20120e+04
6.22400e+03 3.96000e+03
8.49600e+03 3.96000e+03
1.07680e+04 1.20120e+04
1.31360e+04 1.20120e+04
1.53440e+04 3.96000e+03
1.69440e+04 1.20120e+04
5.36000e+03 3.96000e+03
7.76000e+03 3.96000e+03
1.52000e+03 3.96000e+03
3.02400e+03 1.20120e+04
1.32800e+03 3.96000e+03
2.89600e+03 1.20120e+04
2.89600e+03 3.96000e+03
5.39200e+03 3.96000e+03
1.08000e+04 1.20120e+04
1.34880e+04 1.20120e+04
1.10560e+04 1.20120e+04
1.38400e+04 1.20120e+04
1.85760e+04 3.96000e+03
1.87040e+04 1.20120e+04
1.82240e+04 3.96000e+03
1.82880e+04 1.20120e+04
3.08800e+03 3.96000e+03
5.04000e+03 1.20120e+04
4.49600e+03 1.20120e+04
4.52800e+03 3.96000e+03
1.10880e+04 1.20120e+04
1.41920e+04 1.20120e+04
4.08000e+03 5.23600e+03
4.68800e+03 6.46800e+03
5.29600e+03 9.21800e+03
9.39200e+03 1.09560e+04
9.53600e+03 9.94400e+03
9.68000e+03 7.10600e+03
9.93600e+03 9.10800e+03
1.02400e+04 6.24800e+03
1.05440e+04 5.25800e+03
1.55040e+04 6.05000e+03
1.55520e+04 8.09600e+03
1.56000e+04 1.00320e+04
1.88640e+04 1.16490e+04
1.88955e+04 1.13300e+04
1.89280e+04 7.49100e+03
1.89280e+04 1.11540e+04
1.24960e+04 9.54800e+03
1.25280e+04 7.12800e+03
1.25600e+04 5.69800e+03
8.88000e+03 8.88800e+03
9.98400e+03 5.80800e+03
1.10880e+04 5.03800e+03
1.19520e+04 5.36800e+03
1.19680e+04 6.46800e+03
1.19840e+04 9.21800e+03
1.23680e+04 9.21800e+03
1.24320e+04 6.46800e+03
1.24960e+04 5.36800e+03
1.32640e+04 9.32800e+03
1.33120e+04 6.68800e+03
1.33600e+04 5.47800e+03
5.60000e+02 4.53200e+03
5.60000e+02 8.51400e+03
6.40000e+02 5.06000e+03
7.20000e+02 4.53200e+03
5.93600e+03 7.98600e+03
1.37760e+04 9.54800e+03
1.38400e+04 7.12800e+03
1.39040e+04 5.69800e+03
1.44800e+04 1.09560e+04
1.46240e+04 9.94400e+03
1.47680e+04 7.10600e+03
7.85600e+03 1.01420e+04
7.90400e+03 8.31600e+03
7.95200e+03 6.16000e+03
1.20000e+03 5.94000e+03
1.71200e+03 7.87600e+03
2.22400e+03 9.92200e+03
1.48800e+03 5.83000e+03
2.27200e+03 7.65600e+03
3.05600e+03 9.81200e+03
6.24000e+02 1.17700e+04
7.20000e+02 1.15720e+04
8.16000e+02 7.78800e+03
3.49500e+02 1.13520e+04
4.32000e+02 1.16600e+04
2.19200e+03 4.42200e+03
2.48000e+03 4.84000e+03
2.76800e+03 4.42200e+03
3.05600e+03 4.84000e+03
3.34400e+03 4.42200e+03
3.63200e+03 4.84000e+03
3.92000e+03 4.42200e+03
3.92000e+03 7.94200e+03
4.64000e+03 1.10440e+04
5.36000e+03 1.15060e+04
5.48800e+03 7.56800e+03
5.53600e+03 1.11320e+04
5.58400e+03 1.15500e+04
1.71200e+03 4.20200e+03
2.00000e+03 4.40000e+03
2.28800e+03 4.20200e+03
2.57600e+03 4.40000e+03
2.86400e+03 4.20200e+03
2.86400e+03 5.21400e+03
3.13600e+03 6.02800e+03
3.40800e+03 8.99800e+03
3.42400e+03 6.02800e+03
3.44000e+03 5.01600e+03
7.98400e+03 7.98600e+03
1.41600e+04 9.65800e+03
1.41760e+04 7.34800e+03
1.41920e+04 5.80800e+03
1.43840e+04 9.65800e+03
1.44320e+04 7.34800e+03
1.44800e+04 5.80800e+03
1.30720e+04 8.11800e+03
1.42400e+03 6.05000e+03
2.09600e+03 8.09600e+03
2.76800e+03 9.72400e+03
2.76800e+03 1.16600e+04
2.94400e+03 1.13520e+04
3.12000e+03 1.16600e+04
7.69600e+03 1.01420e+04
7.76000e+03 8.31600e+03
7.82400e+03 6.16000e+03
1.45600e+03 6.86400e+03
2.27200e+03 9.72400e+03
3.08800e+03 1.08460e+04
1.27520e+04 9.54800e+03
1.27680e+04 7.12800e+03
1.27840e+04 5.69800e+03
2.86400e+03 1.00320e+04
3.55200e+03 8.09600e+03
4.24000e+03 6.05000e+03
8.01600e+03 4.42200e+03
8.04800e+03 4.84000e+03
8.08000e+03 8.40400e+03
8.19200e+03 4.84000e+03
8.30400e+03 4.42200e+03
8.33600e+03 4.84000e+03
8.36800e+03 4.42200e+03
8.47950e+03 4.84000e+03
8.59200e+03 4.31200e+03
8.62400e+03 4.62000e+03
8.59200e+03 4.70800e+03
8.65600e+03 4.31200e+03
8.76800e+03 4.62000e+03
8.88000e+03 4.09200e+03
8.88000e+03 4.40000e+03
8.91200e+03 4.18000e+03
8.94400e+03 4.09200e+03
5.92000e+02 1.11760e+04
7.36000e+02 1.03840e+04
8.80000e+02 7.19400e+03
1.16640e+04 5.69800e+03
1.18560e+04 7.12800e+03
1.20480e+04 9.54800e+03
1.29760e+04 8.53600e+03
1.31840e+04 5.10400e+03
1.33920e+04 4.68600e+03
1.42880e+04 9.65800e+03
1.43040e+04 7.34800e+03
1.43200e+04 5.80800e+03
1.83840e+04 1.17590e+04
1.86265e+04 1.15500e+04
1.62080e+04 1.02080e+04
1.63840e+04 8.44800e+03
1.65600e+04 6.22600e+03
1.13760e+04 5.03800e+03
1.23840e+04 5.80800e+03
1.33920e+04 8.88800e+03
9.96800e+03 5.69800e+03
1.00320e+04 7.12800e+03
1.00960e+04 9.54800e+03
1.02560e+04 5.69800e+03
1.08160e+04 7.12800e+03
1.13760e+04 9.54800e+03
1.58240e+04 5.78600e+03
1.59200e+04 7.56800e+03
1.60160e+04 9.76800e+03
1.00800e+03 4.31200e+03
1.05600e+03 4.62000e+03
1.10400e+03 4.31200e+03
1.10400e+03 8.05200e+03
1.16800e+03 1.14840e+04
1.23200e+03 1.17260e+04
1.52800e+04 6.27000e+03
1.56000e+04 8.53600e+03
1.59200e+04 1.02520e+04
1.73600e+04 1.18800e+04
1.75680e+04 1.17920e+04
1.77760e+04 1.18800e+04
1.79840e+04 1.17920e+04
1.81920e+04 1.18800e+04
1.84000e+04 1.17920e+04
1.86080e+04 1.18800e+04
6.48000e+03 8.62400e+03
6.52800e+03 5.28000e+03
6.57600e+03 4.64200e+03
6.16000e+03 4.64200e+03
6.27200e+03 5.28000e+03
6.38400e+03 8.62400e+03
5.52000e+03 9.98800e+03
5.55200e+03 8.00800e+03
5.58400e+03 6.00600e+03
1.96800e+03 6.75400e+03
1.98400e+03 9.50400e+03
2.00000e+03 1.07360e+04
6.19200e+03 6.75400e+03
1.13440e+04 9.50400e+03
1.64960e+04 1.07360e+04
8.94400e+03 9.92200e+03
8.96000e+03 7.87600e+03
8.97600e+03 5.94000e+03
4.43200e+03 7.19400e+03
9.82400e+03 1.03840e+04
1.52160e+04 1.11760e+04
4.49600e+03 5.78600e+03
1.00640e+04 7.56800e+03
1.56320e+04 9.76800e+03
7.21600e+03 1.00320e+04
7.36000e+03 8.09600e+03
7.50400e+03 6.05000e+03
4.72000e+03 5.45600e+03
1.03840e+04 6.90800e+03
1.60480e+04 9.43800e+03
4.78400e+03 6.49000e+03
1.06240e+04 8.97600e+03
1.64640e+04 1.04720e+04
1.29600e+03 1.03180e+04
1.34450e+03 8.31600e+03
1.29600e+03 8.49200e+03
1.39200e+03 6.16000e+03
1.56960e+04 6.05000e+03
1.57120e+04 8.09600e+03
1.57280e+04 9.83400e+03
1.57280e+04 1.17700e+04
1.63520e+04 1.15720e+04
1.69760e+04 1.17700e+04
1.17920e+04 9.21800e+03
1.18080e+04 6.46800e+03
1.18240e+04 5.36800e+03
1.12160e+04 8.11800e+03
3.36000e+02 1.13960e+04
3.52000e+02 1.08240e+04
3.68000e+02 7.41400e+03
1.46080e+04 1.02520e+04
1.46240e+04 8.53600e+03
1.46400e+04 6.40200e+03
1.39680e+04 9.65800e+03
1.40000e+04 7.34800e+03
1.40320e+04 5.80800e+03
1.04160e+04 6.99600e+03
1.04320e+04 9.72400e+03
1.04480e+04 1.08460e+04
9.80800e+03 5.69800e+03
9.84000e+03 7.12800e+03
9.87200e+03 9.54800e+03
1.52480e+04 5.94000e+03
1.52800e+04 7.87600e+03
1.53120e+04 9.92200e+03
1.32000e+04 9.32800e+03
1.32160e+04 6.68800e+03
1.32320e+04 5.47800e+03
1.25600e+04 1.08460e+04
1.25920e+04 9.72400e+03
1.26240e+04 6.99600e+03
3.92000e+03 1.16600e+04
3.95200e+03 1.13520e+04
3.98400e+03 7.67800e+03
4.01600e+03 6.64400e+03
4.03200e+03 9.28400e+03
4.04800e+03 1.06260e+04
4.04800e+03 6.27000e+03
4.20800e+03 8.53600e+03
4.36800e+03 1.02520e+04
3.82400e+03 1.02520e+04
3.88800e+03 8.53600e+03
3.95200e+03 6.27000e+03
4.11200e+03 5.67600e+03
4.41600e+03 7.34800e+03
4.72000e+03 9.65800e+03
4.14400e+03 6.64400e+03
4.46400e+03 9.28400e+03
4.78400e+03 1.06260e+04
4.17600e+03 4.90600e+03
4.56000e+03 5.80800e+03
4.94400e+03 8.88800e+03
4.20800e+03 5.01600e+03
4.60800e+03 6.02800e+03
5.00800e+03 8.99800e+03
5.28000e+02 4.09200e+03
1.58400e+03 4.18000e+03
2.64000e+03 4.09200e+03
1.21120e+04 4.46600e+03
1.47520e+04 4.66400e+03
1.73920e+04 4.15800e+03
1.73920e+04 8.11800e+03
1.74560e+04 1.15720e+04
1.73920e+04 4.51000e+03
1.75200e+04 1.17700e+04
1.08000e+04 7.10600e+03
1.08640e+04 9.94400e+03
1.09280e+04 1.09560e+04
1.07040e+04 5.47800e+03
1.07200e+04 6.68800e+03
1.07360e+04 9.32800e+03
1.66880e+04 6.22600e+03
1.69280e+04 8.44800e+03
1.71680e+04 1.02080e+04
1.35200e+04 4.57600e+03
1.57760e+04 4.88400e+03
1.80320e+04 8.42600e+03
1.80635e+04 4.88400e+03
1.80960e+04 4.26800e+03
1.80960e+04 4.70800e+03
1.09280e+04 6.73200e+03
1.36800e+04 9.19600e+03
1.64320e+04 8.38200e+03
1.67360e+04 7.56800e+03
1.64320e+04 1.05820e+04
1.70400e+04 5.78600e+03
9.42400e+03 4.92800e+03
9.47200e+03 5.58800e+03
9.52000e+03 8.77800e+03
1.02560e+04 1.09560e+04
1.04640e+04 9.94400e+03
1.06720e+04 7.10600e+03
1.37440e+04 4.68600e+03
1.60915e+04 5.10400e+03
1.84480e+04 4.37800e+03
1.84480e+04 4.92800e+03
1.85125e+04 5.10400e+03
1.85760e+04 8.53600e+03
6.56000e+02 4.31200e+03
8.16000e+02 4.62000e+03
9.76000e+02 4.31200e+03
9.76000e+02 4.75200e+03
9.92500e+02 4.92800e+03
1.00800e+03 8.44800e+03
1.07200e+03 4.92800e+03
1.13600e+03 4.46600e+03
1.21760e+04 9.21800e+03
1.22080e+04 6.46800e+03
1.22400e+04 5.36800e+03
1.88000e+04 7.98600e+03
1.48000e+04 9.65800e+03
1.48640e+04 7.34800e+03
1.49280e+04 5.80800e+03
9.52000e+03 4.55400e+03
9.61600e+03 4.84000e+03
9.71200e+03 8.40400e+03
1.63360e+04 5.78600e+03
1.63520e+04 7.56800e+03
1.63680e+04 9.76800e+03
1.08320e+04 5.25800e+03
1.11840e+04 6.24800e+03
1.15360e+04 9.10800e+03
1.22080e+04 5.69800e+03
1.22400e+04 7.12800e+03
1.22720e+04 9.54800e+03
1.23360e+04 4.90600e+03
1.50400e+04 5.54400e+03
1.77440e+04 4.77400e+03
1.79200e+04 5.54400e+03
1.80960e+04 8.75600e+03
1.26880e+04 9.21800e+03
1.31680e+04 6.46800e+03
1.36480e+04 5.36800e+03
1.28800e+04 9.54800e+03
1.32480e+04 7.12800e+03
1.36160e+04 5.69800e+03
1.46720e+04 1.02520e+04
1.48480e+04 8.53600e+03
1.50240e+04 6.40200e+03
5.80800e+03 4.09200e+03
5.80800e+03 8.07400e+03
5.84000e+03 4.18000e+03
5.87200e+03 4.09200e+03
3.47200e+03 9.76800e+03
3.66400e+03 7.56800e+03
3.85600e+03 5.78600e+03
3.36000e+02 4.20200e+03
6.24000e+02 4.40000e+03
9.12000e+02 4.20200e+03
1.13440e+04 1.02520e+04
1.29440e+04 8.53600e+03
1.45440e+04 1.02520e+04
1.78720e+04 7.78800e+03
1.79040e+04 1.15720e+04
1.79360e+04 1.17700e+04
3.68000e+02 1.15500e+04
4.16000e+02 1.11320e+04
4.64000e+02 7.56800e+03
1.75200e+04 7.63400e+03
1.75680e+04 1.12640e+04
1.76160e+04 1.16160e+04
4.68800e+03 4.42200e+03
5.90400e+03 4.84000e+03
7.12000e+03 8.40400e+03
1.74400e+03 4.53200e+03
3.42400e+03 5.06000e+03
5.10400e+03 4.53200e+03
3.79200e+03 8.73400e+03
5.55200e+03 5.50000e+03
7.31200e+03 8.73400e+03
1.71680e+04 6.07200e+03
1.72000e+04 8.14000e+03
1.72320e+04 1.00540e+04
3.50400e+03 6.75400e+03
4.83200e+03 9.50400e+03
6.16000e+03 1.07360e+04
1.93600e+03 7.78800e+03
3.26400e+03 1.15720e+04
4.59200e+03 1.17700e+04
6.06400e+03 8.51400e+03
7.85600e+03 5.06000e+03
9.64800e+03 8.51400e+03
1.68160e+04 6.11600e+03
1.68480e+04 8.22800e+03
1.68800e+04 1.00980e+04
1.57920e+04 6.05000e+03
1.62560e+04 8.09600e+03
1.67200e+04 1.00320e+04
2.35200e+03 6.38000e+03
3.80800e+03 8.75600e+03
5.26400e+03 1.03620e+04
1.64640e+04 6.33600e+03
1.67360e+04 8.66800e+03
1.70080e+04 1.03180e+04
1.61120e+04 5.78600e+03
1.61920e+04 7.56800e+03
1.62720e+04 9.76800e+03
9.16800e+03 7.98600e+03
1.33600e+04 1.16600e+04
1.47360e+04 1.13520e+04
1.61120e+04 1.16600e+04
2.92800e+03 7.08400e+03
4.94400e+03 1.01640e+04
6.96000e+03 1.10660e+04
1.77600e+03 6.97400e+03
4.14400e+03 9.94400e+03
6.51200e+03 1.09560e+04
4.14400e+03 1.16600e+04
6.97600e+03 1.13520e+04
9.80800e+03 1.16600e+04
4.81600e+03 5.56600e+03
7.21600e+03 7.12800e+03
9.61600e+03 9.54800e+03
3.82400e+03 5.89600e+03
6.24000e+03 7.78800e+03
8.65600e+03 9.87800e+03
9.26400e+03 5.89600e+03
1.22400e+04 7.78800e+03
1.52160e+04 6.02800e+03
9.10400e+03 4.09200e+03
9.15200e+03 4.18000e+03
9.20000e+03 4.09200e+03
9.20000e+03 4.29000e+03
1.21605e+04 4.44400e+03
1.51200e+04 4.35600e+03
9.07200e+03 6.97400e+03
9.20000e+03 9.94400e+03
9.32800e+03 1.09560e+04
2.67200e+03 7.41400e+03
5.21600e+03 1.08240e+04
7.76000e+03 1.13960e+04
6.00000e+03 7.56800e+03
8.81600e+03 1.11320e+04
1.16320e+04 1.15500e+04
6.03200e+03 5.01600e+03
8.94400e+03 6.02800e+03
1.18560e+04 8.99800e+03
4.88000e+03 7.78800e+03
7.79200e+03 1.15720e+04
1.07040e+04 1.17700e+04
5.45600e+03 5.23600e+03
8.36800e+03 6.46800e+03
1.12800e+04 9.21800e+03
5.16800e+03 5.67600e+03
8.08000e+03 7.34800e+03
1.09920e+04 9.65800e+03
4.59200e+03 7.30400e+03
7.50400e+03 1.06040e+04
1.04160e+04 1.12860e+04
4.91200e+03 6.64400e+03
7.88800e+03 9.28400e+03
1.08640e+04 1.06260e+04
4.33600e+03 6.86400e+03
7.31200e+03 9.72400e+03
1.02880e+04 1.08460e+04
4.62400e+03 5.34600e+03
7.60000e+03 6.68800e+03
1.05760e+04 9.32800e+03
5.20000e+03 6.27000e+03
8.17600e+03 8.53600e+03
1.11520e+04 1.02520e+04
3.24800e+03 5.12600e+03
6.35200e+03 6.24800e+03
9.45600e+03 9.10800e+03
7.92000e+03 7.08400e+03
1.14240e+04 1.01640e+04
1.49280e+04 1.10660e+04
2.09600e+03 7.89800e+03
5.55200e+03 1.17920e+04
9.00800e+03 1.18800e+04
8.17600e+03 6.05000e+03
1.17600e+04 8.09600e+03
1.53440e+04 1.00320e+04
9.23200e+03 4.33400e+03
9.28000e+03 4.66400e+03
9.32800e+03 4.46600e+03
9.32800e+03 4.99400e+03
1.29920e+04 5.32400e+03
1.66560e+04 8.64600e+03
9.13600e+03 7.89800e+03
1.28480e+04 1.17920e+04
1.65600e+04 1.18800e+04
1.65920e+04 1.17920e+04
1.66240e+04 1.18800e+04
8.20800e+03 6.38000e+03
1.19840e+04 8.75600e+03
1.57600e+04 1.03620e+04
8.46400e+03 6.16000e+03
1.23200e+04 8.31600e+03
1.61760e+04 1.01420e+04
3.63200e+03 9.92200e+03
3.66400e+03 7.87600e+03
3.69600e+03 5.94000e+03
4.27200e+03 1.00320e+04
4.32000e+03 8.09600e+03
4.36800e+03 6.05000e+03
2.48000e+03 9.92200e+03
2.51200e+03 7.87600e+03
2.54400e+03 5.94000e+03
5.13600e+03 9.98800e+03
5.20000e+03 8.00800e+03
5.26400e+03 6.00600e+03
6.60800e+03 6.97400e+03
6.64000e+03 9.94400e+03
6.67200e+03 1.09560e+04
3.12000e+03 5.94000e+03
3.18400e+03 7.87600e+03
3.24800e+03 9.92200e+03
7.37600e+03 1.01420e+04
7.39200e+03 8.31600e+03
7.40800e+03 6.16000e+03
6.12800e+03 4.09200e+03
6.19200e+03 4.18000e+03
6.25600e+03 8.07400e+03
6.99200e+03 6.16000e+03
7.02400e+03 8.31600e+03
7.05600e+03 1.01420e+04
1.58880e+04 4.09200e+03
1.59200e+04 4.18000e+03
1.59520e+04 4.09200e+03
5.90400e+03 4.09200e+03
5.93600e+03 4.18000e+03
5.96800e+03 4.09200e+03
6.88000e+02 4.42200e+03
7.68000e+02 4.84000e+03
8.48000e+02 4.42200e+03
2.40000e+02 1.17700e+04
3.52000e+02 1.15720e+04
4.64000e+02 1.17700e+04
4.96000e+02 1.18800e+04
6.24000e+02 1.17920e+04
7.52000e+02 1.18800e+04
1.29600e+03 4.20200e+03
1.45600e+03 4.40000e+03
1.61600e+03 4.20200e+03
