2152
2.53600e+03 9.99800e+02
2.53600e+03 9.74390e+02
2.51061e+03 9.74390e+02
2.48520e+03 9.99800e+02
2.48520e+03 9.74390e+02
2.45980e+03 9.74390e+02
2.43439e+03 9.99800e+02
2.45980e+03 9.99800e+02
2.45980e+03 1.02520e+03
2.45980e+03 1.05061e+03
2.43439e+03 1.02520e+03
2.43439e+03 1.05061e+03
2.43439e+03 1.07600e+03
2.45980e+03 1.07600e+03
2.43439e+03 1.10141e+03
2.43439e+03 1.12680e+03
2.45980e+03 1.10141e+03
2.45980e+03 1.12680e+03
2.43439e+03 1.15221e+03
2.45980e+03 1.15221e+03
2.45980e+03 1.17760e+03
2.48520e+03 1.17760e+03
2.48520e+03 1.15221e+03
2.51061e+03 1.15221e+03
2.53600e+03 1.17760e+03
2.53600e+03 1.15221e+03
2.51061e+03 1.17760e+03
2.48520e+03 1.27920e+03
2.51061e+03 1.27920e+03
2.53600e+03 1.27920e+03
2.53600e+03 1.30461e+03
2.51061e+03 1.30461e+03
2.48520e+03 1.30461e+03
2.45980e+03 1.27920e+03
2.43439e+03 1.30461e+03
2.45980e+03 1.30461e+03
2.45980e+03 1.33000e+03
2.45980e+03 1.35539e+03
2.43439e+03 1.33000e+03
2.43439e+03 1.35539e+03
2.45980e+03 1.38080e+03
2.45980e+03 1.40619e+03
2.43439e+03 1.38080e+03
2.43439e+03 1.40619e+03
2.45980e+03 1.43160e+03
2.51061e+03 1.38080e+03
2.53600e+03 1.38080e+03
2.48520e+03 1.45699e+03
2.45980e+03 1.45699e+03
2.48520e+03 1.48240e+03
2.45980e+03 1.48240e+03
2.43439e+03 1.45699e+03
2.43439e+03 1.43160e+03
2.35820e+03 1.50779e+03
2.33279e+03 1.50779e+03
2.30740e+03 1.50779e+03
2.25660e+03 1.43160e+03
2.28199e+03 1.43160e+03
2.30740e+03 1.43160e+03
2.33279e+03 1.40619e+03
2.35820e+03 1.43160e+03
2.33279e+03 1.43160e+03
2.20580e+03 1.38080e+03
2.23119e+03 1.38080e+03
2.25660e+03 1.38080e+03
2.28199e+03 1.38080e+03
2.30740e+03 1.38080e+03
2.33279e+03 1.38080e+03
2.35820e+03 1.40619e+03
2.35820e+03 1.38080e+03
2.35820e+03 1.30461e+03
2.33279e+03 1.30461e+03
2.30740e+03 1.30461e+03
2.28199e+03 1.30461e+03
2.25660e+03 1.30461e+03
2.23119e+03 1.30461e+03
2.20580e+03 1.30461e+03
2.18039e+03 1.25381e+03
2.20580e+03 1.25381e+03
2.23119e+03 1.25381e+03
2.25660e+03 1.25381e+03
2.28199e+03 1.25381e+03
2.30740e+03 1.25381e+03
2.33279e+03 1.25381e+03
2.35820e+03 1.25381e+03
2.35820e+03 1.17760e+03
2.33279e+03 1.17760e+03
2.30740e+03 1.17760e+03
2.28199e+03 1.17760e+03
2.25660e+03 1.17760e+03
2.28199e+03 1.12680e+03
2.30740e+03 1.12680e+03
2.33279e+03 1.12680e+03
2.35820e+03 1.12680e+03
2.35820e+03 1.05061e+03
2.33279e+03 1.02520e+03
2.35820e+03 1.02520e+03
2.33279e+03 1.05061e+03
2.30740e+03 1.05061e+03
2.28199e+03 1.05061e+03
2.25660e+03 1.05061e+03
2.23119e+03 1.05061e+03
2.20580e+03 1.05061e+03
2.12961e+03 1.12680e+03
2.15500e+03 1.12680e+03
2.18039e+03 1.12680e+03
2.20580e+03 1.12680e+03
2.23119e+03 1.12680e+03
2.25660e+03 1.12680e+03
2.18039e+03 1.05061e+03
2.12961e+03 9.99800e+02
2.10420e+03 9.99800e+02
2.15500e+03 1.05061e+03
2.12961e+03 1.05061e+03
2.07881e+03 9.99800e+02
2.05340e+03 9.99800e+02
2.02801e+03 9.99800e+02
2.07881e+03 1.05061e+03
2.05340e+03 1.05061e+03
2.02801e+03 1.05061e+03
1.97721e+03 1.12680e+03
1.95180e+03 1.12680e+03
1.92641e+03 1.12680e+03
1.90100e+03 1.12680e+03
1.87561e+03 1.12680e+03
1.85020e+03 1.12680e+03
1.79939e+03 1.10141e+03
1.79939e+03 1.12680e+03
1.79939e+03 1.15221e+03
1.79939e+03 1.17760e+03
1.79939e+03 1.20301e+03
1.79939e+03 1.22840e+03
1.77400e+03 1.25381e+03
1.79939e+03 1.25381e+03
1.85020e+03 1.30461e+03
1.87561e+03 1.30461e+03
1.90100e+03 1.30461e+03
1.85020e+03 1.25381e+03
1.90100e+03 1.17760e+03
1.87561e+03 1.17760e+03
1.85020e+03 1.17760e+03
1.72320e+03 1.10141e+03
1.72320e+03 1.12680e+03
1.72320e+03 1.15221e+03
1.72320e+03 1.17760e+03
1.72320e+03 1.20301e+03
1.72320e+03 1.22840e+03
1.79939e+03 1.30461e+03
1.72320e+03 1.30461e+03
1.72320e+03 1.33000e+03
1.72320e+03 1.35539e+03
1.79939e+03 1.33000e+03
1.79939e+03 1.35539e+03
1.79939e+03 1.38080e+03
1.79939e+03 1.40619e+03
1.79939e+03 1.43160e+03
1.79939e+03 1.45699e+03
1.79939e+03 1.48240e+03
1.77400e+03 1.50779e+03
1.79939e+03 1.50779e+03
1.92641e+03 1.43160e+03
1.95180e+03 1.43160e+03
1.90100e+03 1.43160e+03
1.87561e+03 1.40619e+03
1.85020e+03 1.40619e+03
1.85020e+03 1.38080e+03
1.87561e+03 1.38080e+03
1.90100e+03 1.38080e+03
1.92641e+03 1.38080e+03
1.95180e+03 1.38080e+03
1.97721e+03 1.38080e+03
2.00260e+03 1.38080e+03
2.05340e+03 1.30461e+03
2.02801e+03 1.30461e+03
2.00260e+03 1.30461e+03
1.97721e+03 1.30461e+03
1.95180e+03 1.30461e+03
1.92641e+03 1.30461e+03
1.87561e+03 1.25381e+03
1.90100e+03 1.25381e+03
1.92641e+03 1.27920e+03
1.92641e+03 1.25381e+03
1.95180e+03 1.25381e+03
1.95180e+03 1.27920e+03
1.97721e+03 1.25381e+03
1.92641e+03 1.17760e+03
1.95180e+03 1.17760e+03
1.97721e+03 1.17760e+03
2.00260e+03 1.17760e+03
2.02801e+03 1.17760e+03
2.05340e+03 1.17760e+03
2.00260e+03 1.12680e+03
2.02801e+03 1.12680e+03
2.05340e+03 1.12680e+03
2.07881e+03 1.12680e+03
2.12961e+03 1.17760e+03
2.23119e+03 1.17760e+03
2.20580e+03 1.17760e+03
2.18039e+03 1.17760e+03
2.15500e+03 1.17760e+03
2.07881e+03 1.17760e+03
2.00260e+03 1.25381e+03
2.02801e+03 1.25381e+03
2.05340e+03 1.25381e+03
2.07881e+03 1.25381e+03
2.12961e+03 1.25381e+03
2.15500e+03 1.25381e+03
2.18039e+03 1.30461e+03
2.15500e+03 1.30461e+03
2.12961e+03 1.30461e+03
2.07881e+03 1.30461e+03
2.02801e+03 1.38080e+03
2.05340e+03 1.38080e+03
2.07881e+03 1.38080e+03
2.12961e+03 1.38080e+03
2.12961e+03 1.43160e+03
2.15500e+03 1.43160e+03
2.15500e+03 1.38080e+03
2.18039e+03 1.38080e+03
2.20580e+03 1.43160e+03
2.23119e+03 1.43160e+03
2.07881e+03 1.43160e+03
2.05340e+03 1.43160e+03
2.02801e+03 1.43160e+03
2.00260e+03 1.43160e+03
1.97721e+03 1.43160e+03
1.90100e+03 1.50779e+03
1.92641e+03 1.50779e+03
1.95180e+03 1.50779e+03
1.97721e+03 1.50779e+03
2.00260e+03 1.50779e+03
2.02801e+03 1.50779e+03
2.05340e+03 1.50779e+03
2.07881e+03 1.50779e+03
2.12961e+03 1.55859e+03
2.18039e+03 1.63480e+03
2.15500e+03 1.63480e+03
2.12961e+03 1.63480e+03
2.23119e+03 1.55859e+03
2.20580e+03 1.55859e+03
2.18039e+03 1.55859e+03
2.15500e+03 1.55859e+03
2.20580e+03 1.50779e+03
2.23119e+03 1.50779e+03
2.25660e+03 1.50779e+03
2.28199e+03 1.50779e+03
2.25660e+03 1.55859e+03
2.28199e+03 1.55859e+03
2.30740e+03 1.55859e+03
2.33279e+03 1.55859e+03
2.35820e+03 1.53320e+03
2.38359e+03 1.53320e+03
2.35820e+03 1.55859e+03
2.35820e+03 1.63480e+03
2.33279e+03 1.63480e+03
2.30740e+03 1.63480e+03
2.28199e+03 1.63480e+03
2.25660e+03 1.63480e+03
2.23119e+03 1.63480e+03
2.20580e+03 1.63480e+03
2.18039e+03 1.68561e+03
2.20580e+03 1.68561e+03
2.23119e+03 1.68561e+03
2.25660e+03 1.68561e+03
2.28199e+03 1.68561e+03
2.30740e+03 1.68561e+03
2.35820e+03 1.68561e+03
2.33279e+03 1.68561e+03
2.33279e+03 1.76180e+03
2.30740e+03 1.76180e+03
2.28199e+03 1.76180e+03
2.25660e+03 1.76180e+03
2.23119e+03 1.76180e+03
2.18039e+03 1.76180e+03
2.20580e+03 1.76180e+03
2.25660e+03 1.81260e+03
2.28199e+03 1.81260e+03
2.30740e+03 1.81260e+03
2.33279e+03 1.81260e+03
2.35820e+03 1.76180e+03
2.40900e+03 1.81260e+03
2.38359e+03 1.81260e+03
2.35820e+03 1.81260e+03
2.25660e+03 1.88881e+03
2.28199e+03 1.88881e+03
2.30740e+03 1.88881e+03
2.33279e+03 1.88881e+03
2.35820e+03 1.88881e+03
2.38359e+03 1.88881e+03
2.40900e+03 1.93961e+03
2.38359e+03 1.93961e+03
2.35820e+03 1.93961e+03
2.33279e+03 1.93961e+03
2.30740e+03 1.93961e+03
2.28199e+03 1.93961e+03
2.25660e+03 1.93961e+03
2.33279e+03 2.01580e+03
2.30740e+03 2.01580e+03
2.28199e+03 2.01580e+03
2.25660e+03 2.01580e+03
2.23119e+03 2.04119e+03
2.23119e+03 2.06660e+03
2.25660e+03 2.04119e+03
2.25660e+03 2.06660e+03
2.23119e+03 2.14279e+03
2.25660e+03 2.14279e+03
2.30740e+03 2.06660e+03
2.33279e+03 2.06660e+03
2.35820e+03 2.01580e+03
2.38359e+03 2.01580e+03
2.40900e+03 2.01580e+03
2.45980e+03 2.06660e+03
2.51061e+03 2.06660e+03
2.48520e+03 2.06660e+03
2.48520e+03 2.04119e+03
2.48520e+03 2.01580e+03
2.51061e+03 2.01580e+03
2.56141e+03 1.93961e+03
2.53600e+03 1.93961e+03
2.51061e+03 1.93961e+03
2.48520e+03 1.93961e+03
2.40900e+03 1.88881e+03
2.48520e+03 1.83801e+03
2.48520e+03 1.81260e+03
2.51061e+03 1.81260e+03
2.53600e+03 1.81260e+03
2.51061e+03 1.78721e+03
2.48520e+03 1.78721e+03
2.48520e+03 1.76180e+03
2.51061e+03 1.76180e+03
2.53600e+03 1.76180e+03
2.48520e+03 1.68561e+03
2.51061e+03 1.68561e+03
2.53600e+03 1.68561e+03
2.56141e+03 1.68561e+03
2.58680e+03 1.68561e+03
2.61221e+03 1.68561e+03
2.63760e+03 1.68561e+03
2.56141e+03 1.76180e+03
2.58680e+03 1.76180e+03
2.61221e+03 1.76180e+03
2.63760e+03 1.76180e+03
2.61221e+03 1.81260e+03
2.61221e+03 1.83801e+03
2.58680e+03 1.81260e+03
2.58680e+03 1.83801e+03
2.56141e+03 1.83801e+03
2.56141e+03 1.81260e+03
2.53600e+03 1.83801e+03
2.51061e+03 1.83801e+03
2.58680e+03 1.93961e+03
2.63760e+03 1.93961e+03
2.61221e+03 1.93961e+03
2.53600e+03 2.01580e+03
2.56141e+03 2.01580e+03
2.58680e+03 2.01580e+03
2.61221e+03 2.01580e+03
2.63760e+03 2.01580e+03
2.66301e+03 2.04119e+03
2.63760e+03 2.06660e+03
2.61221e+03 2.06660e+03
2.58680e+03 2.06660e+03
2.56141e+03 2.06660e+03
2.53600e+03 2.06660e+03
2.51061e+03 2.04119e+03
2.40900e+03 2.06660e+03
2.38359e+03 2.06660e+03
2.30740e+03 2.14279e+03
2.33279e+03 2.14279e+03
2.38359e+03 2.14279e+03
2.40900e+03 2.14279e+03
2.45980e+03 2.14279e+03
2.48520e+03 2.14279e+03
2.51061e+03 2.14279e+03
2.53600e+03 2.14279e+03
2.56141e+03 2.14279e+03
2.58680e+03 2.14279e+03
2.61221e+03 2.14279e+03
2.63760e+03 2.14279e+03
2.68840e+03 2.04119e+03
2.73920e+03 2.04119e+03
2.73920e+03 2.06660e+03
2.73920e+03 2.14279e+03
2.73920e+03 2.16820e+03
2.68840e+03 2.21900e+03
2.71381e+03 2.21900e+03
2.73920e+03 2.24439e+03
2.73920e+03 2.21900e+03
2.71381e+03 2.24439e+03
2.68840e+03 2.24439e+03
2.66301e+03 2.21900e+03
2.66301e+03 2.24439e+03
2.63760e+03 2.21900e+03
2.63760e+03 2.24439e+03
2.61221e+03 2.21900e+03
2.61221e+03 2.24439e+03
2.58680e+03 2.21900e+03
2.58680e+03 2.24439e+03
2.56141e+03 2.21900e+03
2.56141e+03 2.24439e+03
2.53600e+03 2.21900e+03
2.51061e+03 2.24439e+03
2.53600e+03 2.24439e+03
2.51061e+03 2.21900e+03
2.48520e+03 2.21900e+03
2.48520e+03 2.24439e+03
2.45980e+03 2.24439e+03
2.43439e+03 2.21900e+03
2.43439e+03 2.24439e+03
2.35820e+03 2.21900e+03
2.33279e+03 2.21900e+03
2.33279e+03 2.24439e+03
2.30740e+03 2.24439e+03
2.28199e+03 2.24439e+03
2.28199e+03 2.21900e+03
2.20580e+03 2.21900e+03
2.12961e+03 2.14279e+03
2.10420e+03 2.14279e+03
2.07881e+03 2.14279e+03
2.07881e+03 2.21900e+03
2.10420e+03 2.21900e+03
2.12961e+03 2.21900e+03
2.15500e+03 2.24439e+03
2.18039e+03 2.21900e+03
2.18039e+03 2.24439e+03
2.15500e+03 2.21900e+03
2.12961e+03 2.24439e+03
2.10420e+03 2.24439e+03
2.07881e+03 2.24439e+03
2.05340e+03 2.21900e+03
2.05340e+03 2.24439e+03
2.02801e+03 2.21900e+03
2.02801e+03 2.24439e+03
2.00260e+03 2.21900e+03
2.00260e+03 2.24439e+03
1.97721e+03 2.21900e+03
1.97721e+03 2.24439e+03
1.95180e+03 2.24439e+03
1.95180e+03 2.21900e+03
1.92641e+03 2.24439e+03
1.92641e+03 2.21900e+03
1.90100e+03 2.21900e+03
1.90100e+03 2.24439e+03
1.87561e+03 2.24439e+03
1.85020e+03 2.24439e+03
1.85020e+03 2.21900e+03
1.79939e+03 2.16820e+03
1.82480e+03 2.16820e+03
1.95180e+03 2.06660e+03
1.95180e+03 2.04119e+03
1.97721e+03 2.04119e+03
1.97721e+03 2.06660e+03
2.00260e+03 2.06660e+03
2.02801e+03 2.01580e+03
2.02801e+03 2.06660e+03
1.95180e+03 2.14279e+03
1.97721e+03 2.14279e+03
2.00260e+03 2.14279e+03
2.02801e+03 2.14279e+03
2.05340e+03 2.14279e+03
2.05340e+03 2.06660e+03
2.07881e+03 2.06660e+03
2.10420e+03 2.06660e+03
2.12961e+03 2.06660e+03
2.10420e+03 2.04119e+03
2.12961e+03 2.04119e+03
2.15500e+03 2.01580e+03
2.15500e+03 1.93961e+03
2.02801e+03 1.93961e+03
2.07881e+03 1.88881e+03
2.05340e+03 1.88881e+03
2.02801e+03 1.88881e+03
2.00260e+03 1.88881e+03
1.90100e+03 2.01580e+03
1.87561e+03 2.01580e+03
1.85020e+03 2.01580e+03
1.82480e+03 2.01580e+03
1.79939e+03 2.01580e+03
1.77400e+03 2.01580e+03
1.74859e+03 2.01580e+03
1.72320e+03 2.01580e+03
1.69779e+03 2.01580e+03
1.69779e+03 1.93961e+03
1.72320e+03 1.93961e+03
1.74859e+03 1.93961e+03
1.77400e+03 1.93961e+03
1.79939e+03 1.93961e+03
1.72320e+03 1.88881e+03
1.74859e+03 1.88881e+03
1.77400e+03 1.88881e+03
1.79939e+03 1.88881e+03
1.82480e+03 1.88881e+03
1.82480e+03 1.93961e+03
1.85020e+03 1.93961e+03
1.87561e+03 1.93961e+03
1.90100e+03 1.93961e+03
1.92641e+03 1.88881e+03
1.95180e+03 1.88881e+03
1.97721e+03 1.88881e+03
2.05340e+03 1.81260e+03
2.07881e+03 1.81260e+03
2.07881e+03 1.76180e+03
2.05340e+03 1.76180e+03
2.02801e+03 1.76180e+03
2.00260e+03 1.76180e+03
2.02801e+03 1.81260e+03
2.00260e+03 1.81260e+03
1.97721e+03 1.78721e+03
1.97721e+03 1.81260e+03
1.95180e+03 1.81260e+03
1.92641e+03 1.81260e+03
1.95180e+03 1.78721e+03
1.95180e+03 1.76180e+03
1.97721e+03 1.76180e+03
2.07881e+03 1.68561e+03
2.05340e+03 1.68561e+03
2.02801e+03 1.68561e+03
2.00260e+03 1.68561e+03
1.97721e+03 1.68561e+03
1.95180e+03 1.68561e+03
1.92641e+03 1.68561e+03
1.90100e+03 1.68561e+03
1.92641e+03 1.76180e+03
1.90100e+03 1.76180e+03
1.82480e+03 1.81260e+03
1.82480e+03 1.76180e+03
1.79939e+03 1.76180e+03
1.82480e+03 1.68561e+03
1.79939e+03 1.68561e+03
1.77400e+03 1.68561e+03
1.74859e+03 1.68561e+03
1.72320e+03 1.68561e+03
1.69779e+03 1.68561e+03
1.67240e+03 1.68561e+03
1.67240e+03 1.76180e+03
1.69779e+03 1.76180e+03
1.72320e+03 1.76180e+03
1.74859e+03 1.76180e+03
1.77400e+03 1.76180e+03
1.79939e+03 1.81260e+03
1.77400e+03 1.81260e+03
1.74859e+03 1.81260e+03
1.72320e+03 1.81260e+03
1.67240e+03 1.88881e+03
1.69779e+03 1.88881e+03
1.69779e+03 1.81260e+03
1.67240e+03 1.78721e+03
1.69779e+03 1.78721e+03
1.67240e+03 1.81260e+03
1.57080e+03 1.78721e+03
1.57080e+03 1.81260e+03
1.54539e+03 1.81260e+03
1.54539e+03 1.78721e+03
1.52000e+03 1.76180e+03
1.54539e+03 1.76180e+03
1.57080e+03 1.76180e+03
1.59619e+03 1.76180e+03
1.59619e+03 1.68561e+03
1.57080e+03 1.68561e+03
1.54539e+03 1.68561e+03
1.52000e+03 1.68561e+03
1.49461e+03 1.63480e+03
1.52000e+03 1.63480e+03
1.54539e+03 1.63480e+03
1.57080e+03 1.63480e+03
1.59619e+03 1.63480e+03
1.52000e+03 1.55859e+03
1.54539e+03 1.55859e+03
1.57080e+03 1.55859e+03
1.59619e+03 1.55859e+03
1.57080e+03 1.50779e+03
1.59619e+03 1.50779e+03
1.59619e+03 1.48240e+03
1.57080e+03 1.48240e+03
1.59619e+03 1.45699e+03
1.59619e+03 1.43160e+03
1.57080e+03 1.45699e+03
1.57080e+03 1.43160e+03
1.59619e+03 1.40619e+03
1.57080e+03 1.40619e+03
1.57080e+03 1.38080e+03
1.57080e+03 1.35539e+03
1.57080e+03 1.33000e+03
1.59619e+03 1.30461e+03
1.57080e+03 1.30461e+03
1.59619e+03 1.33000e+03
1.59619e+03 1.35539e+03
1.59619e+03 1.38080e+03
1.67240e+03 1.48240e+03
1.72320e+03 1.38080e+03
1.72320e+03 1.40619e+03
1.72320e+03 1.43160e+03
1.72320e+03 1.45699e+03
1.72320e+03 1.48240e+03
1.67240e+03 1.45699e+03
1.67240e+03 1.43160e+03
1.67240e+03 1.40619e+03
1.67240e+03 1.38080e+03
1.67240e+03 1.35539e+03
1.67240e+03 1.33000e+03
1.67240e+03 1.30461e+03
1.59619e+03 1.25381e+03
1.57080e+03 1.25381e+03
1.59619e+03 1.22840e+03
1.57080e+03 1.22840e+03
1.57080e+03 1.20301e+03
1.59619e+03 1.20301e+03
1.57080e+03 1.17760e+03
1.59619e+03 1.17760e+03
1.57080e+03 1.15221e+03
1.59619e+03 1.15221e+03
1.57080e+03 1.12680e+03
1.57080e+03 1.10141e+03
1.59619e+03 1.10141e+03
1.59619e+03 1.12680e+03
1.67240e+03 1.22840e+03
1.67240e+03 1.20301e+03
1.67240e+03 1.17760e+03
1.67240e+03 1.15221e+03
1.67240e+03 1.12680e+03
1.67240e+03 1.10141e+03
1.67240e+03 1.07600e+03
1.67240e+03 1.05061e+03
1.72320e+03 1.05061e+03
1.72320e+03 1.07600e+03
1.79939e+03 1.05061e+03
1.79939e+03 1.07600e+03
1.85020e+03 1.05061e+03
1.87561e+03 1.05061e+03
1.90100e+03 1.05061e+03
1.92641e+03 1.05061e+03
1.95180e+03 1.05061e+03
2.00260e+03 1.05061e+03
1.97721e+03 1.05061e+03
1.92641e+03 1.02520e+03
1.90100e+03 1.02520e+03
1.90100e+03 9.99800e+02
1.92641e+03 9.99800e+02
1.95180e+03 9.99800e+02
1.97721e+03 9.99800e+02
2.00260e+03 9.99800e+02
2.05340e+03 9.23590e+02
2.07881e+03 9.23590e+02
2.10420e+03 9.23590e+02
2.12961e+03 9.23590e+02
2.12961e+03 8.72790e+02
2.10420e+03 8.72790e+02
2.07881e+03 8.72790e+02
2.05340e+03 8.72790e+02
2.02801e+03 8.72790e+02
2.00260e+03 8.72790e+02
1.97721e+03 8.72790e+02
2.02801e+03 9.23590e+02
2.00260e+03 9.23590e+02
1.97721e+03 9.23590e+02
1.95180e+03 9.23590e+02
1.92641e+03 9.23590e+02
1.90100e+03 9.23590e+02
1.92641e+03 8.98200e+02
1.95180e+03 8.72790e+02
1.92641e+03 8.72790e+02
1.90100e+03 8.72790e+02
1.90100e+03 8.98200e+02
1.85020e+03 9.74390e+02
1.79939e+03 9.99800e+02
1.77400e+03 9.99800e+02
1.79939e+03 9.74390e+02
1.79939e+03 9.49000e+02
1.79939e+03 9.23590e+02
1.79939e+03 8.98200e+02
1.79939e+03 8.72790e+02
1.79939e+03 8.47400e+02
1.79939e+03 8.21990e+02
1.72320e+03 8.21990e+02
1.72320e+03 8.47400e+02
1.72320e+03 8.72790e+02
1.72320e+03 8.98200e+02
1.72320e+03 9.23590e+02
1.72320e+03 9.49000e+02
1.72320e+03 9.74390e+02
1.67240e+03 9.74390e+02
1.67240e+03 9.49000e+02
1.67240e+03 9.23590e+02
1.67240e+03 8.98200e+02
1.67240e+03 8.72790e+02
1.67240e+03 8.47400e+02
1.67240e+03 8.21990e+02
1.59619e+03 8.47400e+02
1.59619e+03 8.21990e+02
1.57080e+03 8.21990e+02
1.57080e+03 8.47400e+02
1.59619e+03 8.72790e+02
1.57080e+03 8.72790e+02
1.57080e+03 8.98200e+02
1.57080e+03 9.23590e+02
1.59619e+03 9.49000e+02
1.59619e+03 9.74390e+02
1.57080e+03 9.99800e+02
1.59619e+03 9.99800e+02
1.57080e+03 9.74390e+02
1.57080e+03 9.49000e+02
1.59619e+03 9.23590e+02
1.59619e+03 8.98200e+02
1.49461e+03 8.21990e+02
1.49461e+03 8.47400e+02
1.49461e+03 8.72790e+02
1.49461e+03 8.98200e+02
1.49461e+03 9.23590e+02
1.49461e+03 9.49000e+02
1.49461e+03 9.74390e+02
1.59619e+03 1.05061e+03
1.57080e+03 1.07600e+03
1.59619e+03 1.07600e+03
1.57080e+03 1.05061e+03
1.49461e+03 1.05061e+03
1.49461e+03 1.07600e+03
1.49461e+03 1.10141e+03
1.49461e+03 1.12680e+03
1.49461e+03 1.15221e+03
1.49461e+03 1.17760e+03
1.49461e+03 1.20301e+03
1.49461e+03 1.22840e+03
1.44381e+03 1.22840e+03
1.44381e+03 1.20301e+03
1.44381e+03 1.17760e+03
1.44381e+03 1.15221e+03
1.36760e+03 1.10141e+03
1.36760e+03 1.12680e+03
1.36760e+03 1.15221e+03
1.36760e+03 1.17760e+03
1.36760e+03 1.20301e+03
1.36760e+03 1.22840e+03
1.34221e+03 1.25381e+03
1.36760e+03 1.25381e+03
1.44381e+03 1.30461e+03
1.44381e+03 1.33000e+03
1.44381e+03 1.35539e+03
1.44381e+03 1.38080e+03
1.44381e+03 1.40619e+03
1.44381e+03 1.43160e+03
1.49461e+03 1.30461e+03
1.49461e+03 1.33000e+03
1.49461e+03 1.35539e+03
1.49461e+03 1.38080e+03
1.49461e+03 1.40619e+03
1.49461e+03 1.43160e+03
1.49461e+03 1.45699e+03
1.49461e+03 1.48240e+03
1.44381e+03 1.48240e+03
1.44381e+03 1.45699e+03
1.36760e+03 1.30461e+03
1.36760e+03 1.33000e+03
1.36760e+03 1.35539e+03
1.36760e+03 1.38080e+03
1.36760e+03 1.40619e+03
1.36760e+03 1.43160e+03
1.36760e+03 1.45699e+03
1.36760e+03 1.48240e+03
1.34221e+03 1.50779e+03
1.36760e+03 1.50779e+03
1.44381e+03 1.55859e+03
1.46920e+03 1.55859e+03
1.49461e+03 1.55859e+03
1.46920e+03 1.63480e+03
1.44381e+03 1.63480e+03
1.49461e+03 1.68561e+03
1.46920e+03 1.68561e+03
1.44381e+03 1.68561e+03
1.49461e+03 1.76180e+03
1.46920e+03 1.76180e+03
1.44381e+03 1.76180e+03
1.44381e+03 1.78721e+03
1.46920e+03 1.78721e+03
1.67240e+03 1.93961e+03
1.67240e+03 2.01580e+03
1.46920e+03 2.04119e+03
1.44381e+03 2.04119e+03
1.39301e+03 1.93961e+03
1.36760e+03 1.93961e+03
1.34221e+03 1.93961e+03
1.31680e+03 2.04119e+03
1.34221e+03 2.06660e+03
1.46920e+03 2.14279e+03
1.46920e+03 2.16820e+03
1.52000e+03 2.21900e+03
1.49461e+03 2.24439e+03
1.52000e+03 2.24439e+03
1.54539e+03 2.24439e+03
1.54539e+03 2.21900e+03
1.57080e+03 2.24439e+03
1.57080e+03 2.21900e+03
1.59619e+03 2.24439e+03
1.59619e+03 2.21900e+03
1.62160e+03 2.24439e+03
1.62160e+03 2.21900e+03
1.64699e+03 2.24439e+03
1.64699e+03 2.21900e+03
1.67240e+03 2.24439e+03
1.67240e+03 2.21900e+03
1.67240e+03 2.16820e+03
1.64699e+03 2.14279e+03
1.67240e+03 2.14279e+03
1.64699e+03 2.16820e+03
1.62160e+03 2.16820e+03
1.62160e+03 2.14279e+03
1.59619e+03 2.16820e+03
1.59619e+03 2.14279e+03
1.57080e+03 2.14279e+03
1.54539e+03 2.14279e+03
1.57080e+03 2.16820e+03
1.54539e+03 2.16820e+03
1.52000e+03 2.16820e+03
1.49461e+03 2.14279e+03
1.52000e+03 2.14279e+03
1.49461e+03 2.16820e+03
1.49461e+03 2.21900e+03
1.46920e+03 2.24439e+03
1.44381e+03 2.24439e+03
1.46920e+03 2.21900e+03
1.44381e+03 2.21900e+03
1.41840e+03 2.24439e+03
1.39301e+03 2.24439e+03
1.41840e+03 2.21900e+03
1.39301e+03 2.21900e+03
1.36760e+03 2.24439e+03
1.34221e+03 2.24439e+03
1.36760e+03 2.21900e+03
1.34221e+03 2.21900e+03
1.31680e+03 2.24439e+03
1.29141e+03 2.24439e+03
1.31680e+03 2.21900e+03
1.31680e+03 2.16820e+03
1.29141e+03 2.16820e+03
1.24061e+03 2.21900e+03
1.24061e+03 2.24439e+03
1.26600e+03 2.24439e+03
1.26600e+03 2.21900e+03
1.29141e+03 2.21900e+03
1.26600e+03 2.19359e+03
1.26600e+03 2.16820e+03
1.24061e+03 2.16820e+03
1.24061e+03 2.19359e+03
1.21520e+03 2.21900e+03
1.21520e+03 2.24439e+03
1.18980e+03 2.21900e+03
1.18980e+03 2.24439e+03
1.16439e+03 2.24439e+03
1.13900e+03 2.24439e+03
1.16439e+03 2.21900e+03
1.13900e+03 2.21900e+03
1.11359e+03 2.24439e+03
1.08820e+03 2.24439e+03
1.11359e+03 2.21900e+03
1.08820e+03 2.21900e+03
1.06279e+03 2.24439e+03
1.06279e+03 2.21900e+03
1.06279e+03 2.19359e+03
1.08820e+03 2.19359e+03
1.11359e+03 2.19359e+03
1.03740e+03 2.11740e+03
1.06279e+03 2.11740e+03
1.03740e+03 2.09199e+03
1.06279e+03 2.09199e+03
1.13900e+03 2.06660e+03
1.16439e+03 2.06660e+03
1.16439e+03 2.09199e+03
1.18980e+03 2.09199e+03
1.16439e+03 2.16820e+03
1.13900e+03 2.19359e+03
1.16439e+03 2.19359e+03
1.18980e+03 2.16820e+03
1.18980e+03 2.19359e+03
1.21520e+03 2.19359e+03
1.21520e+03 2.16820e+03
1.21520e+03 2.09199e+03
1.21520e+03 2.06660e+03
1.24061e+03 2.06660e+03
1.24061e+03 2.09199e+03
1.26600e+03 2.06660e+03
1.26600e+03 2.09199e+03
1.29141e+03 2.06660e+03
1.29141e+03 2.09199e+03
1.31680e+03 2.09199e+03
1.31680e+03 2.06660e+03
1.29141e+03 2.04119e+03
1.26600e+03 2.04119e+03
1.24061e+03 2.04119e+03
1.21520e+03 2.04119e+03
1.18980e+03 2.06660e+03
1.16439e+03 2.04119e+03
1.18980e+03 2.04119e+03
1.29141e+03 1.93961e+03
1.31680e+03 1.93961e+03
1.31680e+03 1.96500e+03
1.29141e+03 1.96500e+03
1.26600e+03 1.93961e+03
1.24061e+03 1.93961e+03
1.26600e+03 1.96500e+03
1.24061e+03 1.96500e+03
1.21520e+03 1.96500e+03
1.18980e+03 1.96500e+03
1.16439e+03 1.93961e+03
1.16439e+03 1.96500e+03
1.18980e+03 1.93961e+03
1.21520e+03 1.93961e+03
1.24061e+03 1.86340e+03
1.26600e+03 1.86340e+03
1.29141e+03 1.86340e+03
1.31680e+03 1.86340e+03
1.34221e+03 1.86340e+03
1.39301e+03 1.86340e+03
1.36760e+03 1.86340e+03
1.31680e+03 1.81260e+03
1.29141e+03 1.81260e+03
1.26600e+03 1.81260e+03
1.24061e+03 1.81260e+03
1.21520e+03 1.81260e+03
1.21520e+03 1.86340e+03
1.18980e+03 1.86340e+03
1.16439e+03 1.86340e+03
1.16439e+03 1.81260e+03
1.16439e+03 1.78721e+03
1.18980e+03 1.78721e+03
1.18980e+03 1.81260e+03
1.31680e+03 1.73641e+03
1.29141e+03 1.73641e+03
1.26600e+03 1.73641e+03
1.24061e+03 1.73641e+03
1.21520e+03 1.73641e+03
1.18980e+03 1.73641e+03
1.16439e+03 1.73641e+03
1.16439e+03 1.68561e+03
1.18980e+03 1.68561e+03
1.21520e+03 1.68561e+03
1.24061e+03 1.68561e+03
1.26600e+03 1.68561e+03
1.29141e+03 1.68561e+03
1.31680e+03 1.68561e+03
1.31680e+03 1.60939e+03
1.29141e+03 1.60939e+03
1.26600e+03 1.60939e+03
1.24061e+03 1.60939e+03
1.21520e+03 1.60939e+03
1.18980e+03 1.60939e+03
1.16439e+03 1.60939e+03
1.18980e+03 1.53320e+03
1.24061e+03 1.50779e+03
1.26600e+03 1.50779e+03
1.18980e+03 1.50779e+03
1.18980e+03 1.48240e+03
1.18980e+03 1.45699e+03
1.18980e+03 1.43160e+03
1.18980e+03 1.40619e+03
1.18980e+03 1.38080e+03
1.18980e+03 1.35539e+03
1.24061e+03 1.35539e+03
1.26600e+03 1.35539e+03
1.29141e+03 1.35539e+03
1.29141e+03 1.30461e+03
1.26600e+03 1.30461e+03
1.24061e+03 1.30461e+03
1.18980e+03 1.27920e+03
1.18980e+03 1.25381e+03
1.26600e+03 1.22840e+03
1.26600e+03 1.20301e+03
1.29141e+03 1.22840e+03
1.26600e+03 1.25381e+03
1.29141e+03 1.25381e+03
1.31680e+03 1.25381e+03
1.31680e+03 1.22840e+03
1.29141e+03 1.20301e+03
1.29141e+03 1.17760e+03
1.31680e+03 1.20301e+03
1.31680e+03 1.17760e+03
1.31680e+03 1.15221e+03
1.29141e+03 1.15221e+03
1.26600e+03 1.12680e+03
1.26600e+03 1.15221e+03
1.26600e+03 1.17760e+03
1.18980e+03 1.22840e+03
1.18980e+03 1.20301e+03
1.18980e+03 1.17760e+03
1.18980e+03 1.15221e+03
1.18980e+03 1.12680e+03
1.18980e+03 1.10141e+03
1.24061e+03 1.02520e+03
1.24061e+03 9.99800e+02
1.31680e+03 9.99800e+02
1.31680e+03 1.02520e+03
1.26600e+03 1.07600e+03
1.26600e+03 1.10141e+03
1.29141e+03 1.07600e+03
1.31680e+03 1.07600e+03
1.29141e+03 1.10141e+03
1.29141e+03 1.12680e+03
1.31680e+03 1.12680e+03
1.31680e+03 1.10141e+03
1.36760e+03 1.07600e+03
1.36760e+03 1.05061e+03
1.44381e+03 1.12680e+03
1.44381e+03 1.10141e+03
1.44381e+03 1.07600e+03
1.44381e+03 1.05061e+03
1.36760e+03 9.99800e+02
1.34221e+03 9.99800e+02
1.36760e+03 9.74390e+02
1.36760e+03 9.49000e+02
1.36760e+03 9.23590e+02
1.36760e+03 8.47400e+02
1.36760e+03 8.72790e+02
1.36760e+03 8.98200e+02
1.44381e+03 9.74390e+02
1.44381e+03 9.49000e+02
1.44381e+03 9.23590e+02
1.44381e+03 8.98200e+02
1.44381e+03 8.72790e+02
1.44381e+03 8.47400e+02
1.44381e+03 8.21990e+02
1.36760e+03 8.21990e+02
1.31680e+03 7.96600e+02
1.31680e+03 7.33110e+02
1.31680e+03 7.07700e+02
1.26600e+03 7.07700e+02
1.26600e+03 7.33110e+02
1.24061e+03 7.96600e+02
1.18980e+03 7.96600e+02
1.22789e+03 7.33110e+02
1.22789e+03 7.07700e+02
1.18980e+03 7.07700e+02
1.18980e+03 7.33110e+02
1.15170e+03 7.07700e+02
1.15170e+03 7.33110e+02
1.11359e+03 7.07700e+02
1.11359e+03 7.33110e+02
1.07551e+03 7.07700e+02
1.07551e+03 7.33110e+02
1.11359e+03 7.96600e+02
1.06279e+03 7.96600e+02
9.35800e+02 1.02520e+03
9.35800e+02 9.99800e+02
9.35800e+02 9.74390e+02
9.35800e+02 9.49000e+02
9.35800e+02 9.23590e+02
9.35800e+02 8.98200e+02
9.35800e+02 8.72790e+02
9.35800e+02 8.47400e+02
9.35800e+02 8.21990e+02
9.35800e+02 7.96600e+02
9.86600e+02 7.96600e+02
1.03740e+03 7.33110e+02
1.03740e+03 7.07700e+02
9.99300e+02 7.07700e+02
9.99300e+02 7.33110e+02
9.48500e+02 7.07700e+02
9.48500e+02 7.33110e+02
9.10390e+02 7.07700e+02
9.10390e+02 7.33110e+02
8.72300e+02 7.07700e+02
8.72300e+02 7.33110e+02
8.34200e+02 7.07700e+02
8.34200e+02 7.33110e+02
7.96090e+02 7.07700e+02
7.96090e+02 7.33110e+02
7.58010e+02 7.96600e+02
7.32600e+02 7.96600e+02
7.32600e+02 8.21990e+02
6.81800e+02 8.47400e+02
6.81800e+02 8.72790e+02
6.81800e+02 9.23590e+02
6.81800e+02 8.98200e+02
6.81800e+02 8.21990e+02
6.81800e+02 7.96600e+02
6.31000e+02 7.33110e+02
6.31000e+02 7.07700e+02
6.81800e+02 7.07700e+02
6.81800e+02 7.33110e+02
7.19900e+02 7.33110e+02
7.19900e+02 7.07700e+02
7.58010e+02 7.07700e+02
7.58010e+02 7.33110e+02
8.08810e+02 7.96600e+02
8.08810e+02 8.21990e+02
8.08810e+02 9.23590e+02
8.08810e+02 8.98200e+02
8.08810e+02 8.72790e+02
8.08810e+02 8.47400e+02
8.59610e+02 7.96600e+02
8.59610e+02 8.21990e+02
8.59610e+02 8.47400e+02
8.59610e+02 8.72790e+02
8.59610e+02 8.98200e+02
8.59610e+02 9.23590e+02
8.59610e+02 9.49000e+02
8.59610e+02 9.74390e+02
8.59610e+02 9.99800e+02
8.59610e+02 1.02520e+03
7.58010e+02 1.10141e+03
7.32600e+02 1.10141e+03
7.58010e+02 1.07600e+03
7.32600e+02 1.05061e+03
7.32600e+02 1.07600e+03
7.58010e+02 1.05061e+03
7.32600e+02 1.02520e+03
7.58010e+02 1.02520e+03
7.58010e+02 9.99800e+02
8.08810e+02 1.02520e+03
8.08810e+02 9.99800e+02
8.08810e+02 9.74390e+02
8.08810e+02 9.49000e+02
7.58010e+02 9.49000e+02
7.58010e+02 9.74390e+02
7.32600e+02 9.99800e+02
7.32600e+02 9.74390e+02
7.32600e+02 9.49000e+02
6.81800e+02 9.49000e+02
6.81800e+02 9.74390e+02
6.81800e+02 9.99800e+02
6.81800e+02 1.02520e+03
6.56410e+02 1.02520e+03
6.56410e+02 9.99800e+02
7.58010e+02 8.98200e+02
7.58010e+02 9.23590e+02
7.32600e+02 8.72790e+02
7.32600e+02 8.47400e+02
7.58010e+02 8.21990e+02
7.58010e+02 8.47400e+02
7.58010e+02 8.72790e+02
7.32600e+02 8.98200e+02
7.32600e+02 9.23590e+02
6.05610e+02 7.96600e+02
6.05610e+02 8.21990e+02
6.05610e+02 8.47400e+02
6.05610e+02 8.72790e+02
6.05610e+02 8.98200e+02
6.05610e+02 9.23590e+02
6.05610e+02 9.49000e+02
6.05610e+02 9.74390e+02
6.31000e+02 9.99800e+02
6.05610e+02 9.99800e+02
6.31000e+02 1.02520e+03
6.05610e+02 1.02520e+03
6.31000e+02 1.05061e+03
6.31000e+02 1.07600e+03
6.56410e+02 1.05061e+03
6.56410e+02 1.07600e+03
6.31000e+02 1.10141e+03
6.56410e+02 1.10141e+03
6.81800e+02 1.15221e+03
6.81800e+02 1.17760e+03
6.81800e+02 1.20301e+03
6.81800e+02 1.22840e+03
6.81800e+02 1.25381e+03
6.81800e+02 1.27920e+03
6.81800e+02 1.30461e+03
7.32600e+02 1.25381e+03
7.32600e+02 1.27920e+03
7.32600e+02 1.22840e+03
7.32600e+02 1.20301e+03
7.32600e+02 1.17760e+03
7.32600e+02 1.15221e+03
6.05610e+02 1.15221e+03
6.05610e+02 1.17760e+03
6.05610e+02 1.20301e+03
6.05610e+02 1.22840e+03
6.05610e+02 1.25381e+03
6.05610e+02 1.27920e+03
6.05610e+02 1.30461e+03
6.05610e+02 1.33000e+03
6.56410e+02 1.35539e+03
6.81800e+02 1.33000e+03
6.81800e+02 1.35539e+03
7.32600e+02 1.38080e+03
7.32600e+02 1.35539e+03
7.32600e+02 1.33000e+03
7.32600e+02 1.30461e+03
8.08810e+02 1.27920e+03
8.08810e+02 1.25381e+03
8.08810e+02 1.22840e+03
8.08810e+02 1.20301e+03
8.08810e+02 1.17760e+03
8.08810e+02 1.15221e+03
8.59610e+02 1.15221e+03
8.59610e+02 1.12680e+03
8.59610e+02 1.10141e+03
8.59610e+02 1.17760e+03
8.59610e+02 1.20301e+03
8.59610e+02 1.22840e+03
8.59610e+02 1.25381e+03
8.59610e+02 1.27920e+03
8.08810e+02 1.30461e+03
8.08810e+02 1.33000e+03
8.08810e+02 1.35539e+03
8.08810e+02 1.38080e+03
7.83400e+02 1.45699e+03
8.08810e+02 1.45699e+03
8.34200e+02 1.45699e+03
8.59610e+02 1.45699e+03
8.59610e+02 1.43160e+03
8.59610e+02 1.38080e+03
8.59610e+02 1.40619e+03
9.35800e+02 1.38080e+03
9.35800e+02 1.40619e+03
9.35800e+02 1.43160e+03
9.35800e+02 1.45699e+03
9.35800e+02 1.48240e+03
9.35800e+02 1.50779e+03
9.35800e+02 1.53320e+03
8.59610e+02 1.48240e+03
8.59610e+02 1.50779e+03
8.59610e+02 1.53320e+03
9.35800e+02 1.58400e+03
9.61190e+02 1.58400e+03
9.35800e+02 1.60939e+03
9.61190e+02 1.60939e+03
9.86600e+02 1.58400e+03
9.86600e+02 1.60939e+03
9.35800e+02 1.68561e+03
9.61190e+02 1.68561e+03
9.86600e+02 1.68561e+03
1.01199e+03 1.68561e+03
9.86600e+02 1.73641e+03
9.61190e+02 1.73641e+03
9.35800e+02 1.73641e+03
8.34200e+02 1.68561e+03
8.08810e+02 1.68561e+03
7.83400e+02 1.68561e+03
7.58010e+02 1.68561e+03
6.81800e+02 1.60939e+03
7.07210e+02 1.60939e+03
7.32600e+02 1.60939e+03
7.58010e+02 1.60939e+03
7.83400e+02 1.60939e+03
8.34200e+02 1.60939e+03
8.08810e+02 1.60939e+03
7.07210e+02 1.68561e+03
7.32600e+02 1.68561e+03
6.81800e+02 1.68561e+03
6.81800e+02 1.73641e+03
7.07210e+02 1.73641e+03
7.32600e+02 1.73641e+03
7.58010e+02 1.73641e+03
7.83400e+02 1.73641e+03
8.08810e+02 1.73641e+03
8.34200e+02 1.73641e+03
8.34200e+02 1.81260e+03
8.08810e+02 1.81260e+03
7.83400e+02 1.81260e+03
7.58010e+02 1.81260e+03
7.32600e+02 1.81260e+03
7.07210e+02 1.81260e+03
6.81800e+02 1.78721e+03
6.56410e+02 1.78721e+03
6.81800e+02 1.81260e+03
6.81800e+02 1.83801e+03
6.56410e+02 1.83801e+03
6.56410e+02 1.86340e+03
6.81800e+02 1.86340e+03
7.07210e+02 1.83801e+03
7.07210e+02 1.86340e+03
7.32600e+02 1.86340e+03
7.58010e+02 1.83801e+03
7.83400e+02 1.83801e+03
8.34200e+02 1.86340e+03
8.08810e+02 1.86340e+03
7.83400e+02 1.86340e+03
7.58010e+02 1.86340e+03
7.07210e+02 1.93961e+03
6.81800e+02 1.93961e+03
6.56410e+02 1.93961e+03
6.81800e+02 1.96500e+03
7.07210e+02 1.96500e+03
7.32600e+02 1.93961e+03
7.32600e+02 1.96500e+03
7.58010e+02 1.93961e+03
7.58010e+02 1.96500e+03
7.83400e+02 1.93961e+03
7.83400e+02 1.96500e+03
6.81800e+02 2.04119e+03
6.81800e+02 2.06660e+03
7.07210e+02 2.06660e+03
7.07210e+02 2.04119e+03
7.32600e+02 2.04119e+03
7.58010e+02 2.04119e+03
7.83400e+02 2.04119e+03
8.08810e+02 2.04119e+03
8.34200e+02 2.04119e+03
8.85000e+02 2.06660e+03
9.10390e+02 2.06660e+03
8.08810e+02 1.96500e+03
8.08810e+02 1.93961e+03
8.34200e+02 1.96500e+03
8.34200e+02 1.93961e+03
9.35800e+02 1.86340e+03
9.35800e+02 1.81260e+03
9.35800e+02 1.78721e+03
9.61190e+02 1.86340e+03
9.86600e+02 1.86340e+03
9.35800e+02 1.93961e+03
9.61190e+02 1.93961e+03
9.86600e+02 1.93961e+03
1.01199e+03 1.93961e+03
1.03740e+03 1.93961e+03
1.06279e+03 1.93961e+03
1.08820e+03 1.93961e+03
1.08820e+03 1.86340e+03
1.06279e+03 1.86340e+03
1.03740e+03 1.86340e+03
1.01199e+03 1.86340e+03
9.61190e+02 1.81260e+03
9.61190e+02 1.78721e+03
9.86600e+02 1.81260e+03
1.01199e+03 1.81260e+03
1.03740e+03 1.81260e+03
1.06279e+03 1.81260e+03
1.08820e+03 1.81260e+03
1.08820e+03 1.73641e+03
1.06279e+03 1.73641e+03
1.03740e+03 1.73641e+03
1.01199e+03 1.73641e+03
1.03740e+03 1.68561e+03
1.06279e+03 1.68561e+03
1.08820e+03 1.68561e+03
1.01199e+03 1.60939e+03
1.01199e+03 1.58400e+03
1.03740e+03 1.60939e+03
1.03740e+03 1.58400e+03
1.06279e+03 1.60939e+03
1.08820e+03 1.60939e+03
1.06279e+03 1.58400e+03
1.11359e+03 1.53320e+03
1.06279e+03 1.53320e+03
1.11359e+03 1.50779e+03
1.11359e+03 1.48240e+03
1.11359e+03 1.45699e+03
1.11359e+03 1.43160e+03
1.11359e+03 1.40619e+03
1.11359e+03 1.38080e+03
1.11359e+03 1.35539e+03
1.06279e+03 1.30461e+03
1.06279e+03 1.27920e+03
1.03740e+03 1.30461e+03
9.35800e+02 1.27920e+03
9.35800e+02 1.25381e+03
9.35800e+02 1.22840e+03
9.35800e+02 1.20301e+03
9.35800e+02 1.17760e+03
9.35800e+02 1.15221e+03
9.35800e+02 1.12680e+03
9.35800e+02 1.10141e+03
9.86600e+02 1.10141e+03
9.86600e+02 1.12680e+03
9.86600e+02 1.15221e+03
9.86600e+02 1.17760e+03
9.86600e+02 1.20301e+03
9.86600e+02 1.22840e+03
9.86600e+02 1.25381e+03
9.86600e+02 1.27920e+03
9.86600e+02 1.35539e+03
9.86600e+02 1.38080e+03
9.86600e+02 1.40619e+03
9.86600e+02 1.43160e+03
9.86600e+02 1.45699e+03
9.86600e+02 1.48240e+03
9.86600e+02 1.50779e+03
9.86600e+02 1.53320e+03
1.06279e+03 1.50779e+03
1.06279e+03 1.48240e+03
1.06279e+03 1.45699e+03
1.06279e+03 1.43160e+03
1.06279e+03 1.40619e+03
1.06279e+03 1.38080e+03
1.06279e+03 1.35539e+03
1.11359e+03 1.27920e+03
1.11359e+03 1.25381e+03
1.11359e+03 1.22840e+03
1.06279e+03 1.20301e+03
1.06279e+03 1.22840e+03
1.06279e+03 1.25381e+03
1.11359e+03 1.20301e+03
1.11359e+03 1.17760e+03
1.11359e+03 1.15221e+03
1.11359e+03 1.12680e+03
1.06279e+03 1.10141e+03
1.06279e+03 1.12680e+03
1.06279e+03 1.17760e+03
1.06279e+03 1.15221e+03
1.11359e+03 1.10141e+03
1.11359e+03 9.99800e+02
1.08820e+03 9.99800e+02
1.11359e+03 9.74390e+02
1.11359e+03 9.49000e+02
1.11359e+03 9.23590e+02
1.06279e+03 9.74390e+02
1.06279e+03 9.49000e+02
9.86600e+02 8.21990e+02
9.86600e+02 8.47400e+02
9.86600e+02 8.72790e+02
9.86600e+02 8.98200e+02
9.86600e+02 9.23590e+02
9.86600e+02 9.49000e+02
9.86600e+02 9.74390e+02
1.06279e+03 9.23590e+02
1.06279e+03 8.98200e+02
1.06279e+03 8.72790e+02
1.06279e+03 8.47400e+02
1.06279e+03 8.21990e+02
1.11359e+03 8.21990e+02
1.11359e+03 8.47400e+02
1.11359e+03 8.72790e+02
1.11359e+03 8.98200e+02
1.18980e+03 8.21990e+02
1.18980e+03 8.47400e+02
1.18980e+03 8.72790e+02
1.18980e+03 8.98200e+02
1.18980e+03 9.23590e+02
1.18980e+03 9.49000e+02
1.18980e+03 9.74390e+02
1.24061e+03 9.74390e+02
1.24061e+03 9.49000e+02
1.24061e+03 9.23590e+02
1.24061e+03 8.98200e+02
1.24061e+03 8.72790e+02
1.24061e+03 8.21990e+02
1.24061e+03 8.47400e+02
1.31680e+03 9.74390e+02
1.31680e+03 9.49000e+02
1.31680e+03 9.23590e+02
1.31680e+03 8.98200e+02
1.31680e+03 8.72790e+02
1.31680e+03 8.47400e+02
1.31680e+03 8.21990e+02
1.36760e+03 7.96600e+02
1.35490e+03 7.33110e+02
1.35490e+03 7.07700e+02
1.39301e+03 7.07700e+02
1.39301e+03 7.33110e+02
1.44381e+03 7.96600e+02
1.49461e+03 7.96600e+02
1.43109e+03 7.33110e+02
1.43109e+03 7.07700e+02
1.46920e+03 7.07700e+02
1.46920e+03 7.33110e+02
1.50730e+03 7.07700e+02
1.50730e+03 7.33110e+02
1.54539e+03 7.07700e+02
1.54539e+03 7.33110e+02
1.58350e+03 7.07700e+02
1.58350e+03 7.33110e+02
1.57080e+03 7.96600e+02
1.59619e+03 7.96600e+02
1.67240e+03 7.96600e+02
1.72320e+03 7.96600e+02
1.63430e+03 7.07700e+02
1.63430e+03 7.33110e+02
1.67240e+03 7.07700e+02
1.67240e+03 7.33110e+02
1.71051e+03 7.07700e+02
1.71051e+03 7.33110e+02
1.74859e+03 7.07700e+02
1.74859e+03 7.33110e+02
1.79939e+03 7.96600e+02
1.85020e+03 7.96600e+02
1.78670e+03 7.33110e+02
1.78670e+03 7.07700e+02
1.82480e+03 7.07700e+02
1.82480e+03 7.33110e+02
1.86289e+03 7.07700e+02
1.86289e+03 7.33110e+02
1.91369e+03 7.07700e+02
1.91369e+03 7.33110e+02
2.12961e+03 7.96600e+02
2.10420e+03 7.96600e+02
2.07881e+03 7.96600e+02
2.05340e+03 7.96600e+02
2.02801e+03 7.96600e+02
2.00260e+03 7.96600e+02
1.97721e+03 7.96600e+02
1.95180e+03 7.96600e+02
1.92641e+03 7.96600e+02
1.90100e+03 7.96600e+02
1.95180e+03 7.33110e+02
1.95180e+03 7.07700e+02
1.98990e+03 7.07700e+02
1.98990e+03 7.33110e+02
2.02801e+03 7.07700e+02
2.02801e+03 7.33110e+02
2.06609e+03 7.07700e+02
2.06609e+03 7.33110e+02
2.10420e+03 7.33110e+02
2.10420e+03 7.07700e+02
2.14230e+03 7.07700e+02
2.14230e+03 7.33110e+02
2.18039e+03 7.07700e+02
2.18039e+03 7.33110e+02
2.23119e+03 7.07700e+02
2.23119e+03 7.33110e+02
2.25660e+03 7.33110e+02
2.25660e+03 7.07700e+02
2.30740e+03 7.07700e+02
2.30740e+03 7.33110e+02
2.40900e+03 7.96600e+02
2.43439e+03 7.96600e+02
2.40900e+03 8.72790e+02
2.43439e+03 8.72790e+02
2.40900e+03 8.98200e+02
2.43439e+03 8.98200e+02
2.45980e+03 8.72790e+02
2.48520e+03 8.72790e+02
2.45980e+03 7.96600e+02
2.48520e+03 7.96600e+02
2.51061e+03 7.96600e+02
2.53600e+03 7.96600e+02
2.56141e+03 7.96600e+02
2.58680e+03 7.96600e+02
2.61221e+03 7.96600e+02
2.63760e+03 7.96600e+02
2.63760e+03 7.07700e+02
2.63760e+03 7.33110e+02
2.68840e+03 7.96600e+02
2.71381e+03 7.96600e+02
2.79000e+03 7.96600e+02
2.76461e+03 7.96600e+02
2.73920e+03 7.96600e+02
2.68840e+03 8.72790e+02
2.63760e+03 8.72790e+02
2.61221e+03 8.72790e+02
2.58680e+03 8.72790e+02
2.56141e+03 8.72790e+02
2.53600e+03 8.72790e+02
2.51061e+03 8.72790e+02
2.61221e+03 9.74390e+02
2.58680e+03 9.99800e+02
2.56141e+03 9.99800e+02
2.56141e+03 9.74390e+02
2.58680e+03 9.74390e+02
2.61221e+03 9.99800e+02
2.63760e+03 9.99800e+02
2.61221e+03 1.02520e+03
2.61221e+03 1.05061e+03
2.63760e+03 1.07600e+03
2.61221e+03 1.07600e+03
2.63760e+03 1.05061e+03
2.63760e+03 1.02520e+03
2.68840e+03 9.74390e+02
2.68840e+03 9.99800e+02
2.68840e+03 1.02520e+03
2.68840e+03 1.05061e+03
2.68840e+03 1.07600e+03
2.76461e+03 9.99800e+02
2.76461e+03 1.05061e+03
2.79000e+03 1.05061e+03
2.81541e+03 1.05061e+03
2.76461e+03 1.12680e+03
2.79000e+03 1.12680e+03
2.91699e+03 1.17760e+03
2.89160e+03 1.17760e+03
2.86619e+03 1.17760e+03
2.84080e+03 1.17760e+03
2.81541e+03 1.17760e+03
2.79000e+03 1.17760e+03
2.76461e+03 1.15221e+03
2.76461e+03 1.17760e+03
2.79000e+03 1.15221e+03
2.81541e+03 1.12680e+03
2.84080e+03 1.12680e+03
2.86619e+03 1.12680e+03
2.89160e+03 1.12680e+03
2.91699e+03 1.12680e+03
2.99320e+03 1.05061e+03
2.96779e+03 1.05061e+03
2.91699e+03 1.05061e+03
2.89160e+03 1.05061e+03
2.86619e+03 1.05061e+03
2.84080e+03 1.05061e+03
2.91699e+03 9.99800e+02
2.91699e+03 9.23590e+02
2.76461e+03 9.23590e+02
2.71381e+03 8.72790e+02
2.73920e+03 8.72790e+02
2.76461e+03 8.72790e+02
2.79000e+03 8.72790e+02
2.81541e+03 8.72790e+02
2.84080e+03 8.72790e+02
2.86619e+03 8.72790e+02
2.89160e+03 8.72790e+02
2.91699e+03 8.72790e+02
2.96779e+03 8.21990e+02
2.94240e+03 7.96600e+02
2.94240e+03 8.21990e+02
2.91699e+03 7.96600e+02
2.89160e+03 7.96600e+02
2.86619e+03 7.96600e+02
2.84080e+03 7.96600e+02
2.81541e+03 7.96600e+02
2.89160e+03 7.33110e+02
2.89160e+03 7.07700e+02
2.96779e+03 7.96600e+02
2.99320e+03 7.96600e+02
3.01859e+03 7.96600e+02
3.04400e+03 7.96600e+02
3.06939e+03 7.96600e+02
3.09480e+03 7.96600e+02
3.12020e+03 7.96600e+02
3.14561e+03 7.96600e+02
3.06939e+03 8.72790e+02
3.04400e+03 8.72790e+02
3.01859e+03 8.72790e+02
2.99320e+03 8.72790e+02
2.99320e+03 8.98200e+02
2.99320e+03 9.23590e+02
3.01859e+03 8.98200e+02
3.01859e+03 9.23590e+02
2.99320e+03 9.49000e+02
3.01859e+03 9.49000e+02
3.06939e+03 9.49000e+02
3.06939e+03 9.74390e+02
3.09480e+03 9.74390e+02
3.06939e+03 9.99800e+02
3.09480e+03 9.99800e+02
3.14561e+03 1.05061e+03
3.12020e+03 1.05061e+03
3.09480e+03 1.05061e+03
3.06939e+03 1.05061e+03
3.04400e+03 1.05061e+03
3.01859e+03 1.05061e+03
2.96779e+03 1.12680e+03
2.96779e+03 1.15221e+03
2.99320e+03 1.12680e+03
3.01859e+03 1.12680e+03
3.04400e+03 1.12680e+03
3.06939e+03 1.12680e+03
3.09480e+03 1.12680e+03
3.12020e+03 1.17760e+03
3.09480e+03 1.17760e+03
3.06939e+03 1.17760e+03
3.04400e+03 1.17760e+03
3.01859e+03 1.17760e+03
2.99320e+03 1.15221e+03
2.99320e+03 1.17760e+03
3.06939e+03 1.25381e+03
3.04400e+03 1.25381e+03
3.01859e+03 1.25381e+03
2.99320e+03 1.25381e+03
2.99320e+03 1.30461e+03
3.01859e+03 1.30461e+03
3.04400e+03 1.30461e+03
3.06939e+03 1.30461e+03
3.09480e+03 1.25381e+03
3.12020e+03 1.25381e+03
3.14561e+03 1.25381e+03
3.14561e+03 1.30461e+03
3.12020e+03 1.30461e+03
3.09480e+03 1.30461e+03
3.14561e+03 1.43160e+03
3.12020e+03 1.43160e+03
3.09480e+03 1.43160e+03
3.06939e+03 1.43160e+03
3.04400e+03 1.43160e+03
3.01859e+03 1.43160e+03
2.99320e+03 1.43160e+03
2.96779e+03 1.43160e+03
2.99320e+03 1.38080e+03
3.01859e+03 1.38080e+03
3.04400e+03 1.38080e+03
3.06939e+03 1.38080e+03
3.09480e+03 1.38080e+03
3.12020e+03 1.38080e+03
3.14561e+03 1.38080e+03
3.19641e+03 1.38080e+03
3.22180e+03 1.35539e+03
3.19641e+03 1.35539e+03
3.22180e+03 1.38080e+03
3.27260e+03 1.43160e+03
3.29801e+03 1.43160e+03
3.32340e+03 1.43160e+03
3.27260e+03 1.38080e+03
3.29801e+03 1.30461e+03
3.27260e+03 1.30461e+03
3.24721e+03 1.25381e+03
3.14561e+03 1.17760e+03
3.12020e+03 1.12680e+03
3.14561e+03 1.12680e+03
3.24721e+03 1.15221e+03
3.24721e+03 1.17760e+03
3.27260e+03 1.15221e+03
3.27260e+03 1.17760e+03
3.29801e+03 1.17760e+03
3.32340e+03 1.17760e+03
3.14561e+03 9.99800e+02
3.17100e+03 9.99800e+02
3.22180e+03 9.99800e+02
3.24721e+03 9.99800e+02
3.24721e+03 9.49000e+02
3.22180e+03 9.49000e+02
3.17100e+03 9.23590e+02
3.14561e+03 9.23590e+02
3.09480e+03 9.49000e+02
3.09480e+03 9.23590e+02
3.06939e+03 8.98200e+02
3.06939e+03 9.23590e+02
3.09480e+03 8.98200e+02
3.09480e+03 8.72790e+02
3.12020e+03 8.72790e+02
3.14561e+03 8.72790e+02
3.22180e+03 8.98200e+02
3.19641e+03 7.96600e+02
3.19641e+03 8.21990e+02
3.22180e+03 7.96600e+02
3.27260e+03 8.47400e+02
3.27260e+03 8.21990e+02
3.27260e+03 8.72790e+02
3.29801e+03 8.72790e+02
3.29801e+03 8.47400e+02
3.29801e+03 8.21990e+02
3.32340e+03 7.07700e+02
3.34881e+03 7.07700e+02
3.34881e+03 7.33110e+02
3.32340e+03 7.33110e+02
3.45041e+03 8.72790e+02
3.45041e+03 8.98200e+02
3.42500e+03 8.72790e+02
3.37420e+03 8.72790e+02
3.34881e+03 8.72790e+02
3.37420e+03 8.98200e+02
3.32340e+03 9.23590e+02
3.29801e+03 9.23590e+02
3.29801e+03 9.49000e+02
3.32340e+03 9.49000e+02
3.29801e+03 9.74390e+02
3.32340e+03 9.74390e+02
3.32340e+03 9.99800e+02
3.29801e+03 9.99800e+02
3.27260e+03 1.05061e+03
3.27260e+03 1.10141e+03
3.34881e+03 1.17760e+03
3.37420e+03 1.17760e+03
3.39961e+03 1.17760e+03
3.42500e+03 1.17760e+03
3.42500e+03 1.25381e+03
3.39961e+03 1.25381e+03
3.37420e+03 1.25381e+03
3.34881e+03 1.25381e+03
3.32340e+03 1.25381e+03
3.29801e+03 1.25381e+03
3.27260e+03 1.25381e+03
3.32340e+03 1.30461e+03
3.34881e+03 1.30461e+03
3.37420e+03 1.30461e+03
3.39961e+03 1.30461e+03
3.42500e+03 1.30461e+03
3.42500e+03 1.38080e+03
3.39961e+03 1.38080e+03
3.37420e+03 1.38080e+03
3.34881e+03 1.38080e+03
3.29801e+03 1.38080e+03
3.32340e+03 1.38080e+03
3.34881e+03 1.40619e+03
3.37420e+03 1.40619e+03
3.42500e+03 1.43160e+03
3.39961e+03 1.43160e+03
3.37420e+03 1.43160e+03
3.34881e+03 1.43160e+03
3.42500e+03 1.50779e+03
3.39961e+03 1.50779e+03
3.37420e+03 1.50779e+03
3.34881e+03 1.50779e+03
3.32340e+03 1.55859e+03
3.29801e+03 1.55859e+03
3.27260e+03 1.53320e+03
3.27260e+03 1.55859e+03
3.29801e+03 1.53320e+03
3.27260e+03 1.50779e+03
3.29801e+03 1.50779e+03
3.32340e+03 1.50779e+03
3.42500e+03 1.55859e+03
3.39961e+03 1.55859e+03
3.37420e+03 1.55859e+03
3.34881e+03 1.55859e+03
3.42500e+03 1.63480e+03
3.39961e+03 1.63480e+03
3.37420e+03 1.63480e+03
3.34881e+03 1.63480e+03
3.32340e+03 1.63480e+03
3.29801e+03 1.63480e+03
3.27260e+03 1.63480e+03
3.27260e+03 1.68561e+03
3.29801e+03 1.68561e+03
3.32340e+03 1.68561e+03
3.34881e+03 1.68561e+03
3.37420e+03 1.68561e+03
3.42500e+03 1.68561e+03
3.39961e+03 1.68561e+03
3.29801e+03 1.78721e+03
3.32340e+03 1.81260e+03
3.29801e+03 1.81260e+03
3.27260e+03 1.81260e+03
3.27260e+03 1.78721e+03
3.27260e+03 1.76180e+03
3.29801e+03 1.76180e+03
3.32340e+03 1.76180e+03
3.34881e+03 1.76180e+03
3.37420e+03 1.76180e+03
3.39961e+03 1.76180e+03
3.42500e+03 1.76180e+03
3.42500e+03 1.81260e+03
3.39961e+03 1.81260e+03
3.37420e+03 1.81260e+03
3.34881e+03 1.81260e+03
3.42500e+03 1.88881e+03
3.39961e+03 1.88881e+03
3.37420e+03 1.88881e+03
3.34881e+03 1.88881e+03
3.32340e+03 1.93961e+03
3.29801e+03 1.93961e+03
3.27260e+03 1.93961e+03
3.27260e+03 1.88881e+03
3.29801e+03 1.88881e+03
3.32340e+03 1.88881e+03
3.42500e+03 1.93961e+03
3.39961e+03 1.93961e+03
3.37420e+03 1.93961e+03
3.34881e+03 1.93961e+03
3.42500e+03 2.01580e+03
3.39961e+03 2.01580e+03
3.37420e+03 2.01580e+03
3.34881e+03 2.01580e+03
3.32340e+03 2.01580e+03
3.29801e+03 2.04119e+03
3.29801e+03 2.01580e+03
3.27260e+03 2.04119e+03
3.27260e+03 2.01580e+03
3.22180e+03 2.06660e+03
3.27260e+03 2.06660e+03
3.29801e+03 2.06660e+03
3.32340e+03 2.06660e+03
3.34881e+03 2.06660e+03
3.37420e+03 2.06660e+03
3.42500e+03 2.06660e+03
3.39961e+03 2.06660e+03
3.39961e+03 2.14279e+03
3.42500e+03 2.14279e+03
3.37420e+03 2.14279e+03
3.34881e+03 2.14279e+03
3.34881e+03 2.16820e+03
3.32340e+03 2.14279e+03
3.29801e+03 2.14279e+03
3.27260e+03 2.16820e+03
3.19641e+03 2.24439e+03
3.22180e+03 2.24439e+03
3.24721e+03 2.24439e+03
3.27260e+03 2.24439e+03
3.29801e+03 2.24439e+03
3.32340e+03 2.24439e+03
3.34881e+03 2.24439e+03
3.32340e+03 2.16820e+03
3.29801e+03 2.16820e+03
3.27260e+03 2.14279e+03
3.24721e+03 2.16820e+03
3.22180e+03 2.16820e+03
3.19641e+03 2.16820e+03
3.14561e+03 2.19359e+03
3.12020e+03 2.19359e+03
3.14561e+03 2.14279e+03
3.12020e+03 2.14279e+03
3.14561e+03 2.06660e+03
3.19641e+03 2.06660e+03
3.22180e+03 2.04119e+03
3.19641e+03 2.04119e+03
3.14561e+03 2.01580e+03
3.12020e+03 2.01580e+03
3.09480e+03 2.01580e+03
3.12020e+03 1.93961e+03
3.14561e+03 1.93961e+03
3.14561e+03 1.88881e+03
3.12020e+03 1.88881e+03
3.14561e+03 1.76180e+03
3.09480e+03 1.76180e+03
3.12020e+03 1.76180e+03
3.14561e+03 1.68561e+03
3.12020e+03 1.68561e+03
3.09480e+03 1.63480e+03
3.12020e+03 1.63480e+03
3.14561e+03 1.63480e+03
3.14561e+03 1.50779e+03
3.12020e+03 1.50779e+03
3.06939e+03 1.50779e+03
3.09480e+03 1.50779e+03
3.14561e+03 1.55859e+03
3.12020e+03 1.55859e+03
3.09480e+03 1.55859e+03
3.06939e+03 1.55859e+03
3.04400e+03 1.55859e+03
2.99320e+03 1.50779e+03
3.01859e+03 1.50779e+03
3.04400e+03 1.50779e+03
3.01859e+03 1.55859e+03
2.99320e+03 1.53320e+03
2.99320e+03 1.55859e+03
3.06939e+03 1.63480e+03
3.04400e+03 1.63480e+03
3.01859e+03 1.63480e+03
2.99320e+03 1.63480e+03
2.99320e+03 1.68561e+03
3.01859e+03 1.68561e+03
3.04400e+03 1.68561e+03
3.06939e+03 1.68561e+03
3.09480e+03 1.68561e+03
3.06939e+03 1.76180e+03
3.04400e+03 1.76180e+03
3.01859e+03 1.76180e+03
2.99320e+03 1.76180e+03
2.99320e+03 1.78721e+03
3.01859e+03 1.78721e+03
2.99320e+03 1.81260e+03
3.01859e+03 1.81260e+03
3.04400e+03 1.81260e+03
3.06939e+03 1.81260e+03
3.09480e+03 1.81260e+03
3.12020e+03 1.81260e+03
3.14561e+03 1.81260e+03
3.09480e+03 1.88881e+03
3.06939e+03 1.88881e+03
3.04400e+03 1.88881e+03
2.99320e+03 1.88881e+03
3.01859e+03 1.88881e+03
3.09480e+03 1.93961e+03
3.06939e+03 1.93961e+03
3.04400e+03 1.93961e+03
3.01859e+03 1.93961e+03
2.99320e+03 1.93961e+03
3.06939e+03 2.01580e+03
3.04400e+03 2.01580e+03
3.01859e+03 2.01580e+03
3.01859e+03 2.04119e+03
2.99320e+03 2.01580e+03
2.99320e+03 2.04119e+03
2.96779e+03 2.06660e+03
2.99320e+03 2.06660e+03
3.01859e+03 2.06660e+03
3.04400e+03 2.06660e+03
3.12020e+03 2.06660e+03
3.09480e+03 2.06660e+03
3.06939e+03 2.06660e+03
2.99320e+03 2.14279e+03
2.96779e+03 2.16820e+03
2.99320e+03 2.16820e+03
3.01859e+03 2.14279e+03
3.04400e+03 2.14279e+03
3.06939e+03 2.14279e+03
3.09480e+03 2.14279e+03
3.06939e+03 2.21900e+03
3.04400e+03 2.21900e+03
3.06939e+03 2.24439e+03
3.04400e+03 2.24439e+03
3.01859e+03 2.24439e+03
2.99320e+03 2.24439e+03
3.01859e+03 2.21900e+03
2.99320e+03 2.21900e+03
2.96779e+03 2.24439e+03
2.94240e+03 2.21900e+03
2.96779e+03 2.21900e+03
2.94240e+03 2.24439e+03
2.91699e+03 2.21900e+03
2.89160e+03 2.24439e+03
2.91699e+03 2.24439e+03
2.89160e+03 2.21900e+03
2.91699e+03 2.16820e+03
2.96779e+03 2.14279e+03
2.91699e+03 2.14279e+03
2.89160e+03 2.14279e+03
2.89160e+03 2.16820e+03
2.86619e+03 2.16820e+03
2.84080e+03 2.16820e+03
2.81541e+03 2.16820e+03
2.76461e+03 2.21900e+03
2.76461e+03 2.24439e+03
2.79000e+03 2.21900e+03
2.76461e+03 2.16820e+03
2.79000e+03 2.16820e+03
2.76461e+03 2.14279e+03
2.79000e+03 2.14279e+03
2.81541e+03 2.14279e+03
2.84080e+03 2.14279e+03
2.86619e+03 2.14279e+03
2.89160e+03 2.04119e+03
2.91699e+03 2.06660e+03
2.89160e+03 2.06660e+03
2.86619e+03 2.06660e+03
2.84080e+03 2.06660e+03
2.81541e+03 2.06660e+03
2.84080e+03 2.04119e+03
2.81541e+03 2.04119e+03
2.79000e+03 2.06660e+03
2.76461e+03 2.06660e+03
2.76461e+03 2.04119e+03
2.79000e+03 2.04119e+03
2.76461e+03 2.01580e+03
2.79000e+03 2.01580e+03
2.81541e+03 2.01580e+03
2.84080e+03 2.01580e+03
2.86619e+03 2.04119e+03
2.86619e+03 2.01580e+03
2.89160e+03 2.01580e+03
2.91699e+03 2.04119e+03
2.91699e+03 2.01580e+03
2.91699e+03 1.93961e+03
2.89160e+03 1.93961e+03
2.86619e+03 1.93961e+03
2.84080e+03 1.93961e+03
2.81541e+03 1.93961e+03
2.79000e+03 1.93961e+03
2.76461e+03 1.93961e+03
2.76461e+03 1.88881e+03
2.79000e+03 1.88881e+03
2.81541e+03 1.88881e+03
2.84080e+03 1.88881e+03
2.86619e+03 1.88881e+03
2.89160e+03 1.88881e+03
2.91699e+03 1.88881e+03
2.91699e+03 1.81260e+03
2.89160e+03 1.81260e+03
2.86619e+03 1.78721e+03
2.86619e+03 1.81260e+03
2.84080e+03 1.81260e+03
2.81541e+03 1.81260e+03
2.79000e+03 1.81260e+03
2.76461e+03 1.78721e+03
2.76461e+03 1.81260e+03
2.79000e+03 1.78721e+03
2.76461e+03 1.76180e+03
2.79000e+03 1.76180e+03
2.81541e+03 1.76180e+03
2.84080e+03 1.76180e+03
2.86619e+03 1.76180e+03
2.89160e+03 1.76180e+03
2.91699e+03 1.76180e+03
2.89160e+03 1.78721e+03
2.84080e+03 1.68561e+03
2.86619e+03 1.68561e+03
2.89160e+03 1.68561e+03
2.91699e+03 1.68561e+03
2.91699e+03 1.63480e+03
2.89160e+03 1.63480e+03
2.86619e+03 1.63480e+03
2.84080e+03 1.63480e+03
2.81541e+03 1.63480e+03
2.81541e+03 1.68561e+03
2.79000e+03 1.68561e+03
2.76461e+03 1.68561e+03
2.79000e+03 1.63480e+03
2.76461e+03 1.63480e+03
2.76461e+03 1.55859e+03
2.76461e+03 1.53320e+03
2.79000e+03 1.55859e+03
2.81541e+03 1.55859e+03
2.84080e+03 1.55859e+03
2.91699e+03 1.55859e+03
2.89160e+03 1.55859e+03
2.86619e+03 1.55859e+03
2.79000e+03 1.53320e+03
2.76461e+03 1.50779e+03
2.79000e+03 1.50779e+03
2.81541e+03 1.50779e+03
2.84080e+03 1.50779e+03
2.86619e+03 1.50779e+03
2.89160e+03 1.50779e+03
2.91699e+03 1.50779e+03
2.96779e+03 1.53320e+03
2.96779e+03 1.50779e+03
2.91699e+03 1.43160e+03
2.89160e+03 1.43160e+03
2.86619e+03 1.43160e+03
2.84080e+03 1.43160e+03
2.81541e+03 1.43160e+03
2.79000e+03 1.43160e+03
2.76461e+03 1.43160e+03
2.76461e+03 1.38080e+03
2.79000e+03 1.38080e+03
2.81541e+03 1.38080e+03
2.84080e+03 1.38080e+03
2.86619e+03 1.38080e+03
2.89160e+03 1.38080e+03
2.91699e+03 1.38080e+03
2.91699e+03 1.30461e+03
2.89160e+03 1.30461e+03
2.86619e+03 1.30461e+03
2.84080e+03 1.30461e+03
2.89160e+03 1.25381e+03
2.91699e+03 1.25381e+03
2.86619e+03 1.25381e+03
2.84080e+03 1.25381e+03
2.81541e+03 1.25381e+03
2.79000e+03 1.25381e+03
2.76461e+03 1.27920e+03
2.76461e+03 1.25381e+03
2.79000e+03 1.27920e+03
2.81541e+03 1.30461e+03
2.79000e+03 1.30461e+03
2.76461e+03 1.30461e+03
2.63760e+03 1.43160e+03
2.63760e+03 1.45699e+03
2.61221e+03 1.48240e+03
2.63760e+03 1.55859e+03
2.61221e+03 1.55859e+03
2.63760e+03 1.58400e+03
2.61221e+03 1.58400e+03
2.58680e+03 1.58400e+03
2.58680e+03 1.55859e+03
2.56141e+03 1.55859e+03
2.51061e+03 1.55859e+03
2.53600e+03 1.55859e+03
2.53600e+03 1.48240e+03
2.51061e+03 1.48240e+03
2.51061e+03 1.45699e+03
2.53600e+03 1.45699e+03
2.56141e+03 1.48240e+03
2.58680e+03 1.48240e+03
2.56141e+03 1.45699e+03
2.58680e+03 1.45699e+03
2.61221e+03 1.45699e+03
2.61221e+03 1.43160e+03
2.61221e+03 1.40619e+03
2.63760e+03 1.38080e+03
2.63760e+03 1.40619e+03
2.61221e+03 1.38080e+03
2.63760e+03 1.35539e+03
2.63760e+03 1.33000e+03
2.61221e+03 1.35539e+03
2.61221e+03 1.33000e+03
2.63760e+03 1.30461e+03
2.61221e+03 1.30461e+03
2.58680e+03 1.30461e+03
2.56141e+03 1.30461e+03
2.56141e+03 1.27920e+03
2.58680e+03 1.27920e+03
2.61221e+03 1.27920e+03
2.68840e+03 1.17760e+03
2.68840e+03 1.15221e+03
2.68840e+03 1.12680e+03
2.68840e+03 1.10141e+03
2.61221e+03 1.17760e+03
2.58680e+03 1.17760e+03
2.56141e+03 1.15221e+03
2.56141e+03 1.17760e+03
2.58680e+03 1.15221e+03
2.61221e+03 1.15221e+03
2.63760e+03 1.15221e+03
2.63760e+03 1.12680e+03
2.63760e+03 1.10141e+03
2.61221e+03 1.12680e+03
2.61221e+03 1.10141e+03
2.51061e+03 9.99800e+02
