9432
1686 -391
1690 -387
1685 -386
1680 -388
1675 -397
1676 -403
1681 -405
1681 -410
1678 -413
1675 -417
1671 -420
1668 -425
1673 -427
1670 -432
1673 -437
1673 -443
1668 -442
1665 -437
1664 -430
1663 -423
1659 -419
1654 -417
1653 -424
1658 -427
1657 -433
1659 -439
1647 -443
1651 -430
1650 -437
1668 -448
1664 -453
1660 -457
1665 -459
1660 -472
1656 -469
1648 -479
1645 -484
1641 -488
1641 -494
1648 -502
1646 -497
1647 -491
1651 -488
1654 -484
1660 -485
1667 -479
1667 -485
1667 -498
1661 -499
1658 -508
1663 -506
1670 -505
1669 -513
1664 -511
1658 -522
1665 -539
1665 -546
1688 -570
1682 -569
1678 -565
1674 -560
1685 -551
1678 -551
1672 -547
1670 -553
1664 -556
1659 -551
1654 -555
1648 -557
1644 -556
1639 -554
1636 -550
1634 -545
1640 -544
1646 -545
1644 -550
1651 -549
1652 -542
1658 -544
1673 -540
1670 -534
1676 -533
1681 -537
1679 -544
1686 -542
1692 -545
1693 -552
1690 -557
1686 -563
1681 -557
1708 -555
1704 -552
1706 -548
1702 -545
1698 -548
1699 -553
1696 -557
1696 -563
1692 -565
1695 -570
1697 -575
1699 -579
1702 -575
1706 -578
1704 -583
1699 -584
1696 -588
1691 -590
1690 -585
1695 -582
1692 -576
1688 -579
1683 -575
1678 -579
1673 -582
1669 -577
1658 -559
1657 -565
1663 -566
1668 -562
1671 -568
1675 -573
1678 -587
1683 -583
1684 -590
1681 -596
1677 -592
1671 -589
1665 -572
1659 -572
1654 -569
1651 -574
1656 -578
1663 -578
1660 -583
1666 -584
1666 -604
1661 -602
1659 -596
1659 -590
1665 -592
1671 -595
1666 -598
1648 -605
1652 -610
1657 -613
1662 -615
1667 -618
1666 -624
1670 -629
1676 -631
1681 -632
1686 -631
1692 -632
1695 -627
1699 -621
1702 -616
1698 -612
1700 -607
1704 -610
1708 -611
1713 -612
1718 -612
1721 -617
1725 -621
1726 -627
1721 -627
1715 -628
1715 -633
1717 -638
1716 -644
1714 -649
1719 -649
1720 -655
1717 -659
1712 -661
1708 -665
1714 -666
1713 -671
1718 -673
1724 -672
1726 -667
1730 -663
1730 -657
1726 -653
1728 -647
1723 -646
1722 -640
1728 -640
1735 -640
1735 -634
1736 -629
1742 -629
1744 -624
1743 -619
1737 -622
1732 -625
1729 -633
1722 -634
1718 -622
1715 -617
1708 -617
1705 -623
1711 -623
1709 -630
1702 -629
1698 -634
1693 -638
1698 -641
1703 -645
1698 -649
1694 -646
1690 -644
1685 -642
1682 -638
1677 -637
1672 -636
1655 -651
1657 -658
1651 -660
1648 -667
1633 -692
1629 -688
1624 -690
1616 -696
1622 -696
1619 -679
1615 -682
1616 -687
1619 -690
1610 -671
1612 -666
1614 -675
1619 -670
1618 -664
1622 -659
1625 -654
1626 -648
1632 -653
1638 -650
1638 -644
1640 -637
1641 -632
1643 -628
1641 -623
1641 -619
1640 -614
1639 -609
1642 -604
1644 -599
1647 -593
1648 -587
1641 -579
1636 -577
1640 -574
1651 -563
1648 -568
1644 -562
1638 -559
1621 -545
1616 -544
1617 -540
1622 -539
1626 -537
1631 -535
1635 -533
1639 -532
1642 -528
1652 -534
1658 -537
1662 -533
1658 -529
1652 -527
1652 -521
1655 -516
1660 -515
1664 -518
1664 -524
1666 -529
1672 -527
1670 -520
1677 -521
1678 -527
1683 -530
1688 -534
1692 -537
1697 -542
1699 -535
1703 -539
1712 -558
1717 -559
1722 -559
1724 -564
1727 -569
1731 -565
1730 -560
1726 -557
1730 -553
1733 -548
1728 -546
1723 -548
1723 -553
1718 -553
1714 -552
1711 -548
1717 -546
1723 -541
1730 -538
1734 -542
1740 -541
1752 -527
1766 -517
1766 -512
1770 -509
1776 -511
1781 -506
1789 -506
1791 -467
1789 -462
1785 -460
1784 -455
1780 -452
1771 -446
1777 -442
1781 -446
1776 -448
1773 -452
1776 -456
1780 -459
1775 -463
1780 -464
1778 -469
1775 -475
1773 -481
1777 -486
1771 -488
1772 -496
1779 -493
1783 -489
1786 -483
1792 -482
1798 -482
1802 -481
1807 -483
1804 -486
1800 -489
1795 -487
1790 -489
1788 -495
1784 -500
1778 -500
1773 -503
1767 -502
1761 -499
1765 -497
1765 -491
1759 -491
1756 -496
1752 -492
1747 -481
1743 -477
1740 -472
1740 -466
1740 -461
1744 -457
1749 -454
1754 -454
1753 -462
1754 -470
1746 -470
1747 -463
1729 -472
1724 -456
1731 -455
1737 -456
1744 -450
1738 -449
1741 -444
1744 -439
1748 -434
1748 -428
1741 -425
1739 -418
1733 -422
1732 -437
1728 -434
1723 -432
1719 -437
1715 -432
1718 -427
1720 -421
1706 -438
1701 -439
1696 -439
1691 -437
1686 -436
1689 -432
1690 -427
1686 -423
1685 -428
1682 -432
1681 -437
1678 -440
1679 -444
1680 -449
1679 -454
1678 -459
1684 -471
1685 -477
1690 -480
1695 -477
1700 -478
1704 -473
1697 -472
1694 -467
1688 -467
1674 -448
1672 -453
1671 -458
1669 -463
1671 -468
1675 -464
1655 -454
1650 -457
1647 -460
1642 -463
1636 -463
1639 -457
1643 -455
1647 -451
1652 -449
1654 -443
1662 -445
1659 -450
1665 -417
1660 -413
1659 -406
1664 -403
1664 -397
1669 -395
1670 -400
1671 -406
1674 -410
1670 -414
1688 -397
1693 -393
1697 -389
1711 -386
1715 -390
1717 -395
1719 -400
1725 -402
1730 -398
1737 -400
1743 -398
1748 -401
1754 -403
1760 -403
1766 -403
1770 -402
1770 -395
1766 -391
1770 -386
1763 -385
1763 -379
1769 -373
1774 -370
1762 -367
1756 -369
1751 -373
1745 -372
1742 -368
1747 -366
1752 -366
1771 -379
1762 -373
1756 -377
1749 -387
1749 -394
1756 -397
1763 -397
1760 -391
1754 -390
1757 -384
1750 -381
1745 -378
1743 -384
1742 -391
1736 -393
1730 -391
1724 -395
1712 -400
1705 -399
1707 -405
1713 -406
1719 -407
1726 -409
1721 -414
1715 -412
1709 -413
1707 -420
1714 -419
1711 -426
1704 -427
1700 -422
1699 -417
1703 -414
1703 -409
1699 -404
1695 -400
1699 -396
1704 -393
1710 -394
1716 -384
1712 -380
1707 -380
1703 -381
1698 -383
1694 -384
1690 -381
1685 -381
1682 -377
1688 -375
1687 -370
1692 -366
1696 -361
1695 -354
1701 -353
1708 -354
1710 -360
1703 -360
1698 -371
1693 -372
1693 -378
1698 -377
1703 -374
1709 -373
1718 -379
1715 -375
1717 -370
1722 -367
1728 -369
1732 -364
1739 -374
1737 -379
1735 -386
1715 -355
1697 -346
1690 -342
1689 -359
1684 -354
1690 -351
1688 -334
1694 -330
1695 -338
1701 -334
1701 -327
1695 -323
1689 -324
1683 -327
1683 -321
1676 -322
1671 -320
1666 -317
1668 -310
1673 -314
1679 -314
1676 -308
1672 -304
1665 -302
1662 -306
1658 -301
1662 -297
1657 -294
1653 -290
1658 -287
1663 -284
1658 -281
1652 -284
1640 -286
1636 -291
1633 -297
1636 -301
1630 -304
1627 -298
1620 -297
1623 -292
1623 -286
1619 -282
1625 -280
1631 -278
1637 -280
1634 -283
1630 -286
1629 -292
1616 -291
1613 -286
1606 -283
1606 -276
1601 -273
1597 -268
1592 -271
1589 -267
1584 -264
1582 -259
1577 -260
1571 -262
1567 -265
1561 -265
1562 -270
1567 -271
1573 -270
1575 -266
1580 -267
1584 -271
1588 -275
1590 -282
1593 -288
1600 -288
1607 -290
1609 -296
1615 -300
1622 -303
1624 -309
1619 -314
1616 -308
1609 -305
1603 -302
1600 -296
1593 -296
1586 -291
1583 -285
1582 -279
1577 -275
1570 -277
1573 -283
1577 -289
1568 -291
1562 -287
1565 -282
1563 -276
1558 -279
1545 -274
1550 -269
1556 -271
1555 -264
1556 -257
1561 -254
1555 -244
1550 -247
1545 -249
1543 -256
1528 -278
1533 -285
1523 -286
1519 -278
1514 -286
1485 -291
1481 -287
1477 -283
1472 -285
1468 -286
1470 -274
1473 -279
1476 -275
1481 -273
1500 -276
1492 -279
1497 -284
1492 -288
1489 -295
1496 -295
1500 -290
1507 -290
1505 -283
1510 -277
1514 -270
1523 -269
1530 -269
1536 -272
1539 -279
1542 -286
1548 -282
1554 -285
1551 -276
1562 -260
1568 -258
1573 -248
1566 -251
1570 -253
1575 -255
1581 -254
1580 -249
1579 -244
1575 -242
1577 -237
1579 -232
1585 -234
1582 -239
1585 -245
1586 -250
1586 -255
1589 -260
1594 -258
1596 -254
1591 -253
1595 -249
1591 -246
1595 -241
1599 -246
1603 -242
1600 -237
1597 -232
1592 -235
1589 -240
1602 -231
1607 -233
1608 -238
1609 -244
1606 -249
1605 -254
1600 -251
1600 -257
1600 -262
1594 -264
1602 -267
1606 -263
1605 -259
1609 -257
1614 -257
1618 -262
1623 -266
1629 -265
1635 -265
1638 -261
1643 -258
1646 -263
1641 -267
1638 -271
1636 -275
1632 -271
1627 -272
1622 -274
1617 -275
1613 -279
1617 -268
1595 -276
1599 -281
1612 -272
1608 -269
1612 -264
1612 -250
1618 -248
1615 -243
1615 -236
1613 -230
1608 -226
1608 -219
1615 -217
1611 -212
1606 -208
1601 -205
1599 -199
1602 -189
1601 -183
1606 -180
1611 -176
1605 -173
1602 -168
1601 -162
1607 -162
1612 -163
1617 -162
1618 -157
1620 -152
1621 -146
1619 -141
1617 -135
1611 -136
1607 -138
1604 -142
1593 -149
1591 -155
1597 -157
1587 -148
1583 -152
1577 -151
1578 -158
1580 -144
1574 -169
1579 -173
1575 -178
1571 -174
1566 -170
1556 -177
1552 -183
1556 -188
1559 -183
1572 -188
1577 -184
1587 -167
1585 -173
1583 -179
1575 -194
1580 -190
1583 -186
1589 -183
1589 -189
1586 -194
1581 -197
1576 -201
1571 -211
1567 -216
1549 -214
1559 -205
1556 -212
1551 -206
1544 -207
1538 -204
1529 -205
1532 -199
1530 -194
1528 -181
1530 -187
1523 -191
1516 -189
1517 -198
1524 -199
1521 -204
1517 -209
1521 -213
1526 -210
1527 -216
1527 -222
1536 -235
1541 -223
1542 -217
1538 -211
1532 -211
1534 -217
1534 -223
1533 -229
1538 -229
1542 -233
1546 -228
1548 -221
1554 -219
1560 -217
1563 -212
1566 -208
1565 -203
1562 -198
1559 -193
1554 -199
1547 -200
1540 -197
1537 -191
1538 -184
1536 -178
1545 -167
1549 -158
1544 -161
1538 -162
1533 -158
1537 -150
1541 -154
1549 -143
1556 -146
1561 -141
1557 -134
1554 -140
1549 -135
1552 -130
1557 -128
1562 -131
1565 -135
1569 -139
1566 -144
1562 -149
1559 -154
1553 -153
1548 -150
1543 -146
1538 -142
1543 -139
1543 -133
1540 -128
1541 -122
1547 -120
1550 -114
1555 -118
1558 -122
1563 -125
1567 -120
1573 -119
1578 -123
1586 -115
1592 -115
1597 -115
1602 -116
1606 -112
1611 -115
1614 -119
1618 -123
1618 -129
1613 -130
1610 -125
1606 -120
1599 -122
1603 -127
1607 -131
1602 -135
1596 -133
1591 -136
1589 -131
1590 -125
1592 -121
1596 -128
1585 -120
1583 -126
1582 -131
1584 -136
1587 -141
1593 -143
1598 -140
1599 -146
1600 -152
1603 -157
1607 -152
1607 -147
1612 -141
1614 -146
1614 -151
1611 -157
1609 -168
1600 -177
1597 -171
1614 -183
1620 -185
1626 -190
1632 -193
1608 -187
1604 -195
1610 -195
1614 -190
1620 -192
1617 -198
1624 -198
1630 -200
1637 -197
1642 -192
1648 -194
1653 -199
1650 -205
1651 -212
1650 -219
1651 -226
1646 -230
1643 -237
1636 -236
1628 -234
1629 -240
1633 -244
1630 -253
1626 -247
1618 -255
1623 -252
1624 -259
1631 -259
1636 -256
1636 -250
1642 -252
1649 -255
1653 -251
1658 -246
1653 -244
1648 -242
1647 -248
1641 -244
1639 -228
1632 -229
1625 -227
1619 -229
1622 -236
1621 -242
1616 -223
1624 -220
1621 -213
1629 -214
1637 -214
1643 -216
1643 -222
1633 -221
1643 -209
1645 -200
1638 -202
1635 -208
1628 -206
1622 -205
1616 -208
1612 -203
1606 -201
1603 -214
1597 -210
1594 -215
1588 -215
1582 -210
1588 -209
1591 -206
1596 -203
1586 -201
1582 -204
1577 -207
1571 -205
1570 -199
1568 -194
1564 -189
1566 -184
1569 -180
1563 -177
1560 -171
1560 -165
1556 -160
1552 -165
1545 -182
1544 -189
1550 -192
1553 -170
1549 -175
1542 -175
1538 -170
1533 -166
1527 -165
1524 -161
1526 -156
1531 -151
1532 -145
1532 -139
1537 -135
1534 -130
1529 -133
1523 -136
1527 -140
1525 -146
1524 -151
1519 -148
1519 -142
1516 -136
1511 -137
1509 -143
1513 -146
1507 -151
1503 -148
1501 -155
1531 -174
1520 -183
1524 -177
1523 -170
1519 -165
1514 -169
1516 -176
1512 -181
1508 -186
1501 -186
1502 -180
1508 -176
1507 -170
1508 -165
1513 -161
1518 -159
1519 -153
1513 -154
1508 -157
1503 -160
1501 -165
1501 -172
1496 -176
1494 -182
1493 -189
1482 -193
1478 -189
1480 -183
1476 -178
1473 -172
1470 -179
1472 -185
1472 -192
1476 -196
1476 -202
1481 -206
1485 -210
1480 -214
1477 -219
1475 -223
1482 -222
1483 -228
1489 -228
1493 -227
1499 -226
1504 -230
1509 -234
1502 -238
1499 -243
1493 -246
1489 -240
1494 -237
1497 -232
1488 -233
1484 -237
1481 -242
1486 -244
1488 -249
1485 -254
1487 -260
1490 -265
1483 -267
1451 -262
1452 -250
1458 -250
1462 -253
1468 -252
1472 -249
1476 -251
1480 -255
1481 -260
1478 -266
1475 -270
1465 -247
1461 -244
1461 -224
1457 -224
1453 -222
1453 -227
1451 -231
1448 -235
1452 -240
1455 -244
1448 -244
1444 -239
1442 -232
1446 -229
1448 -224
1438 -218
1437 -235
1433 -223
1426 -226
1419 -224
1413 -221
1406 -220
1398 -222
1396 -212
1391 -216
1385 -217
1384 -212
1389 -202
1383 -204
1378 -200
1383 -196
1379 -193
1389 -195
1394 -194
1399 -191
1400 -185
1396 -181
1402 -179
1403 -174
1409 -180
1405 -184
1404 -189
1409 -191
1415 -191
1420 -190
1425 -190
1431 -192
1436 -194
1441 -196
1445 -197
1442 -203
1440 -208
1441 -213
1447 -213
1448 -208
1448 -203
1450 -198
1453 -195
1453 -190
1459 -192
1459 -186
1457 -181
1451 -179
1447 -174
1441 -175
1437 -180
1431 -180
1426 -178
1425 -173
1422 -170
1418 -167
1416 -162
1413 -159
1414 -151
1420 -149
1423 -152
1427 -155
1433 -156
1435 -151
1433 -145
1428 -148
1416 -145
1417 -155
1422 -158
1423 -163
1426 -167
1431 -168
1432 -174
1437 -170
1443 -168
1449 -167
1454 -172
1459 -174
1461 -168
1466 -164
1468 -159
1465 -154
1463 -148
1457 -150
1459 -156
1461 -161
1455 -165
1452 -160
1453 -154
1451 -149
1449 -144
1450 -138
1453 -134
1458 -131
1461 -128
1466 -131
1465 -123
1462 -118
1468 -116
1467 -110
1461 -112
1454 -111
1448 -113
1443 -110
1443 -117
1437 -114
1452 -99
1466 -87
1473 -84
1476 -79
1481 -83
1472 -74
1471 -67
1456 -69
1449 -72
1446 -85
1442 -90
1435 -90
1431 -96
1425 -96
1427 -90
1423 -85
1425 -78
1434 -76
1431 -83
1439 -83
1444 -78
1452 -80
1458 -76
1464 -72
1467 -79
1461 -82
1457 -85
1452 -87
1449 -92
1445 -97
1438 -97
1434 -102
1428 -103
1422 -103
1417 -105
1418 -111
1424 -109
1425 -117
1420 -121
1419 -116
1413 -115
1407 -114
1403 -109
1399 -105
1405 -102
1411 -100
1411 -93
1404 -95
1398 -97
1393 -101
1387 -101
1385 -107
1380 -112
1375 -111
1373 -105
1366 -110
1368 -115
1363 -120
1360 -114
1353 -115
1355 -121
1360 -127
1364 -132
1358 -134
1361 -140
1368 -137
1369 -150
1376 -152
1377 -159
1373 -165
1371 -171
1366 -178
1359 -174
1364 -170
1365 -163
1380 -171
1382 -165
1388 -170
1389 -183
1371 -199
1372 -193
1365 -194
1347 -197
1344 -202
1337 -208
1333 -213
1338 -218
1341 -213
1343 -208
1348 -206
1351 -202
1353 -197
1352 -192
1346 -191
1342 -192
1337 -189
1336 -183
1336 -177
1342 -180
1343 -186
1349 -186
1348 -180
1352 -174
1357 -167
1357 -160
1357 -153
1364 -155
1370 -157
1376 -138
1381 -129
1385 -124
1388 -131
1394 -135
1398 -130
1393 -126
1407 -120
1413 -122
1401 -116
1396 -113
1392 -108
1388 -113
1379 -103
1390 -95
1396 -90
1403 -88
1411 -86
1417 -82
1418 -90
1418 -97
1411 -108
1401 -124
1406 -126
1411 -129
1416 -128
1419 -125
1424 -125
1428 -123
1431 -118
1428 -114
1431 -109
1436 -108
1440 -104
1446 -103
1450 -106
1457 -105
1462 -105
1468 -104
1464 -99
1458 -99
1455 -93
1461 -91
1466 -93
1470 -96
1472 -100
1473 -106
1473 -111
1478 -115
1473 -118
1471 -122
1469 -127
1462 -136
1444 -142
1446 -149
1440 -148
1429 -161
1436 -164
1439 -159
1441 -154
1447 -156
1445 -162
1444 -181
1451 -185
1447 -192
1444 -188
1438 -188
1434 -185
1429 -186
1423 -184
1420 -179
1414 -177
1418 -173
1413 -169
1409 -164
1404 -161
1402 -154
1408 -157
1408 -152
1409 -147
1411 -142
1410 -135
1405 -132
1401 -136
1400 -141
1395 -142
1390 -141
1387 -137
1381 -135
1376 -132
1371 -131
1367 -126
1369 -121
1374 -118
1379 -120
1384 -118
1390 -119
1396 -120
1375 -125
1353 -129
1349 -125
1346 -119
1340 -135
1336 -156
1343 -156
1344 -148
1337 -149
1334 -165
1335 -171
1321 -160
1316 -159
1312 -155
1312 -149
1304 -156
1304 -162
1298 -160
1298 -167
1292 -166
1292 -173
1286 -172
1282 -177
1280 -184
1288 -181
1302 -180
1288 -211
1294 -213
1293 -218
1284 -215
1280 -211
1277 -205
1270 -202
1267 -208
1273 -210
1270 -216
1264 -219
1258 -218
1260 -224
1257 -230
1253 -236
1248 -240
1243 -243
1247 -248
1253 -245
1259 -245
1264 -248
1268 -238
1265 -233
1265 -228
1272 -228
1269 -223
1263 -212
1261 -205
1252 -221
1248 -228
1243 -234
1240 -250
1234 -254
1246 -264
1250 -259
1257 -258
1256 -271
1261 -272
1267 -267
1273 -269
1275 -276
1279 -282
1275 -288
1275 -295
1274 -302
1281 -301
1283 -294
1283 -288
1288 -305
1299 -314
1294 -319
1305 -318
1297 -305
1293 -309
1292 -313
1287 -314
1284 -310
1279 -307
1273 -307
1269 -312
1265 -316
1265 -321
1264 -326
1261 -331
1251 -326
1254 -322
1219 -293
1220 -285
1226 -281
1236 -270
1243 -269
1269 -283
1267 -276
1280 -270
1283 -276
1286 -281
1290 -286
1291 -292
1288 -299
1294 -300
1306 -280
1311 -283
1313 -296
1310 -303
1315 -309
1318 -305
1318 -301
1319 -295
1324 -297
1325 -301
1325 -306
1322 -310
1320 -314
1314 -316
1310 -312
1306 -310
1302 -307
1303 -300
1306 -295
1310 -289
1315 -288
1319 -290
1323 -292
1327 -293
1331 -294
1330 -298
1331 -303
1333 -308
1329 -310
1326 -314
1329 -319
1327 -324
1330 -328
1332 -333
1327 -337
1323 -342
1318 -342
1312 -343
1307 -341
1303 -345
1304 -350
1293 -370
1295 -375
1287 -370
1282 -369
1278 -372
1283 -377
1288 -375
1298 -382
1294 -386
1298 -391
1301 -397
1296 -414
1290 -414
1286 -419
1285 -425
1299 -427
1300 -435
1293 -437
1291 -425
1294 -421
1299 -420
1303 -415
1309 -414
1307 -419
1304 -424
1312 -433
1346 -421
1350 -417
1347 -412
1350 -406
1356 -408
1361 -406
1367 -408
1371 -413
1387 -408
1381 -405
1354 -394
1355 -388
1359 -398
1354 -401
1348 -398
1328 -403
1321 -412
1315 -401
1321 -401
1322 -406
1327 -410
1335 -413
1334 -407
1335 -401
1341 -399
1344 -404
1340 -409
1341 -416
1334 -425
1328 -423
1322 -423
1324 -429
1329 -429
1334 -433
1332 -439
1327 -442
1321 -442
1323 -448
1325 -454
1330 -455
1334 -455
1339 -457
1342 -461
1346 -460
1343 -453
1343 -446
1336 -444
1337 -450
1330 -448
1328 -435
1322 -436
1318 -432
1316 -427
1317 -422
1320 -417
1325 -417
1330 -417
1336 -419
1340 -423
1353 -423
1355 -431
1350 -430
1345 -427
1339 -428
1342 -433
1339 -438
1344 -440
1348 -435
1354 -438
1350 -443
1349 -449
1349 -455
1354 -459
1361 -451
1364 -446
1369 -442
1374 -441
1380 -438
1375 -434
1371 -431
1373 -426
1368 -422
1366 -417
1362 -413
1355 -415
1360 -421
1360 -427
1365 -429
1368 -436
1370 -448
1372 -466
1365 -465
1361 -463
1356 -464
1356 -470
1327 -461
1322 -462
1321 -457
1317 -452
1311 -453
1305 -455
1302 -449
1295 -449
1293 -443
1299 -443
1304 -441
1310 -440
1309 -446
1316 -446
1316 -439
1306 -435
1305 -430
1310 -427
1312 -422
1314 -417
1314 -412
1295 -430
1289 -432
1281 -442
1288 -441
1285 -437
1283 -432
1278 -435
1273 -435
1275 -427
1270 -430
1267 -424
1258 -442
1257 -448
1262 -452
1263 -446
1285 -459
1281 -455
1282 -449
1289 -447
1288 -453
1310 -460
1315 -459
1326 -480
1313 -486
1307 -487
1306 -479
1302 -484
1298 -479
1301 -473
1305 -467
1304 -462
1299 -459
1296 -455
1292 -459
1289 -465
1284 -467
1278 -470
1273 -472
1269 -475
1266 -481
1265 -487
1262 -493
1269 -494
1275 -493
1273 -501
1272 -509
1266 -506
1264 -500
1258 -504
1257 -498
1255 -492
1258 -487
1260 -481
1258 -475
1255 -470
1257 -463
1257 -456
1270 -460
1269 -448
1267 -454
1264 -459
1258 -430
1261 -426
1264 -430
1267 -435
1263 -439
1260 -435
1255 -437
1253 -442
1249 -446
1246 -451
1242 -454
1241 -446
1246 -440
1249 -436
1267 -443
1237 -410
1246 -422
1237 -430
1245 -431
1251 -426
1252 -431
1240 -437
1235 -442
1234 -449
1232 -461
1236 -464
1220 -460
1214 -460
1212 -453
1207 -450
1202 -444
1207 -440
1209 -434
1211 -428
1210 -423
1207 -418
1203 -413
1203 -407
1206 -402
1207 -397
1207 -392
1211 -388
1205 -386
1200 -383
1201 -390
1201 -396
1199 -402
1203 -423
1204 -429
1201 -435
1215 -438
1217 -432
1217 -425
1229 -419
1235 -417
1241 -417
1240 -424
1233 -425
1229 -431
1234 -436
1232 -469
1227 -466
1226 -459
1219 -455
1219 -449
1220 -443
1212 -445
1207 -460
1213 -466
1207 -468
1221 -466
1214 -474
1208 -475
1211 -482
1217 -481
1224 -482
1230 -482
1235 -485
1241 -482
1237 -477
1237 -471
1219 -489
1215 -498
1223 -503
1217 -507
1222 -514
1231 -514
1237 -517
1241 -513
1245 -507
1243 -501
1237 -499
1230 -499
1222 -495
1227 -489
1233 -492
1217 -469
1221 -475
1226 -473
1231 -476
1244 -475
1248 -470
1251 -464
1246 -461
1250 -457
1252 -452
1251 -476
1253 -482
1251 -487
1250 -494
1244 -495
1245 -487
1247 -481
1239 -490
1229 -507
1236 -507
1250 -501
1255 -517
1261 -520
1256 -525
1262 -528
1259 -533
1264 -534
1261 -539
1266 -541
1256 -542
1254 -537
1252 -531
1247 -535
1245 -528
1241 -522
1237 -527
1232 -523
1225 -521
1227 -530
1232 -537
1233 -532
1240 -534
1242 -539
1238 -543
1234 -549
1238 -554
1242 -558
1243 -565
1249 -566
1254 -569
1257 -575
1269 -575
1271 -581
1275 -576
1281 -578
1284 -583
1283 -589
1279 -593
1284 -598
1291 -600
1297 -597
1301 -592
1306 -589
1306 -583
1299 -585
1296 -580
1294 -574
1289 -571
1284 -572
1278 -571
1273 -569
1267 -569
1263 -573
1262 -579
1264 -586
1270 -588
1272 -594
1275 -601
1280 -604
1286 -606
1292 -608
1296 -605
1300 -601
1305 -605
1309 -607
1309 -612
1309 -618
1309 -625
1303 -627
1305 -632
1316 -637
1320 -643
1315 -644
1310 -649
1308 -644
1308 -639
1310 -635
1312 -630
1318 -631
1322 -634
1325 -639
1327 -645
1331 -649
1336 -653
1342 -654
1348 -658
1347 -665
1342 -670
1337 -674
1343 -677
1348 -681
1354 -685
1359 -689
1366 -692
1372 -698
1372 -693
1378 -693
1380 -700
1383 -695
1387 -683
1393 -683
1399 -686
1402 -691
1405 -697
1399 -697
1395 -692
1390 -688
1386 -690
1382 -687
1376 -687
1370 -686
1365 -686
1360 -681
1367 -680
1379 -673
1367 -672
1362 -675
1354 -678
1349 -673
1340 -662
1333 -668
1333 -660
1326 -663
1320 -658
1327 -656
1323 -650
1317 -651
1301 -639
1298 -633
1291 -630
1297 -626
1302 -620
1304 -614
1296 -613
1295 -619
1288 -623
1288 -614
1281 -619
1279 -612
1272 -609
1267 -601
1264 -594
1258 -587
1254 -581
1249 -574
1249 -559
1251 -553
1242 -548
1247 -550
1253 -546
1248 -542
1250 -524
1247 -519
1249 -513
1252 -508
1259 -510
1264 -513
1268 -517
1274 -516
1279 -512
1310 -493
1311 -498
1310 -504
1305 -508
1300 -509
1298 -515
1294 -519
1288 -518
1282 -517
1279 -522
1273 -522
1267 -524
1268 -530
1273 -528
1275 -534
1269 -535
1272 -540
1270 -545
1265 -547
1260 -546
1257 -551
1257 -556
1255 -562
1260 -567
1265 -563
1263 -559
1264 -553
1270 -551
1276 -551
1280 -555
1270 -557
1271 -563
1277 -585
1289 -578
1291 -585
1288 -592
1295 -591
1301 -609
1305 -598
1310 -594
1315 -594
1318 -589
1316 -584
1319 -579
1323 -575
1328 -572
1333 -570
1335 -565
1333 -561
1329 -557
1326 -553
1323 -559
1320 -563
1315 -560
1311 -557
1312 -551
1307 -548
1302 -549
1298 -546
1298 -540
1292 -541
1287 -537
1282 -541
1277 -539
1276 -545
1281 -548
1286 -552
1291 -555
1292 -561
1289 -565
1284 -566
1278 -565
1277 -560
1285 -559
1292 -549
1287 -545
1279 -528
1281 -534
1286 -531
1292 -533
1299 -533
1304 -543
1304 -537
1307 -532
1312 -534
1309 -540
1312 -545
1317 -548
1318 -555
1322 -550
1327 -547
1321 -544
1323 -538
1328 -541
1333 -545
1336 -539
1337 -532
1330 -535
1328 -528
1333 -527
1339 -525
1342 -519
1345 -513
1350 -515
1357 -521
1353 -522
1348 -521
1345 -526
1344 -531
1343 -537
1346 -542
1350 -547
1353 -542
1358 -545
1363 -549
1369 -545
1374 -543
1374 -551
1369 -552
1365 -557
1361 -563
1347 -563
1340 -568
1340 -561
1332 -551
1337 -549
1343 -549
1340 -544
1351 -536
1351 -529
1364 -532
1382 -536
1355 -551
1359 -556
1366 -569
1378 -563
1384 -561
1386 -567
1380 -578
1387 -577
1388 -583
1383 -583
1377 -584
1372 -582
1365 -581
1360 -583
1356 -587
1350 -586
1345 -585
1340 -586
1336 -590
1336 -595
1340 -599
1346 -599
1343 -605
1347 -610
1350 -605
1357 -605
1362 -606
1365 -612
1360 -616
1363 -623
1370 -623
1369 -617
1373 -612
1377 -619
1380 -613
1386 -613
1391 -610
1392 -617
1396 -621
1400 -624
1396 -629
1392 -626
1389 -622
1384 -619
1376 -626
1382 -625
1387 -630
1380 -633
1374 -632
1368 -629
1363 -630
1356 -628
1355 -621
1351 -618
1345 -616
1341 -623
1347 -624
1349 -630
1352 -635
1358 -634
1364 -645
1356 -647
1386 -637
1392 -634
1406 -637
1407 -632
1402 -630
1400 -635
1396 -638
1391 -640
1392 -646
1397 -645
1401 -641
1405 -644
1402 -649
1407 -650
1411 -654
1408 -660
1402 -661
1403 -655
1396 -652
1396 -659
1389 -658
1390 -652
1383 -655
1383 -649
1386 -644
1381 -641
1377 -646
1376 -652
1376 -658
1371 -662
1367 -666
1361 -667
1357 -672
1354 -667
1355 -662
1356 -656
1361 -652
1362 -659
1369 -656
1368 -650
1371 -644
1375 -639
1369 -636
1363 -638
1357 -641
1351 -642
1345 -638
1341 -631
1334 -626
1329 -615
1332 -610
1325 -608
1322 -612
1322 -618
1328 -621
1334 -619
1339 -615
1339 -610
1337 -604
1333 -600
1329 -604
1327 -598
1331 -595
1326 -592
1322 -594
1320 -598
1323 -602
1318 -605
1315 -609
1316 -614
1315 -620
1316 -625
1322 -625
1327 -628
1328 -633
1331 -639
1334 -644
1340 -646
1346 -647
1350 -652
1339 -638
1334 -633
1311 -601
1315 -599
1311 -587
1311 -579
1315 -574
1304 -567
1308 -572
1304 -578
1300 -573
1295 -568
1299 -563
1298 -558
1298 -553
1305 -554
1305 -560
1311 -564
1316 -568
1322 -569
1327 -564
1335 -556
1340 -555
1345 -557
1348 -552
1351 -557
1355 -560
1354 -565
1351 -570
1346 -570
1342 -574
1337 -574
1332 -577
1327 -580
1323 -583
1323 -588
1328 -586
1331 -589
1334 -584
1340 -580
1347 -578
1353 -581
1354 -575
1359 -570
1361 -576
1369 -575
1375 -576
1383 -589
1370 -607
1373 -602
1374 -596
1368 -595
1365 -600
1355 -612
1343 -592
1349 -593
1355 -593
1352 -599
1359 -598
1361 -592
1365 -587
1370 -589
1376 -590
1379 -595
1380 -601
1378 -607
1385 -606
1392 -604
1388 -600
1385 -595
1397 -591
1393 -579
1397 -575
1402 -571
1400 -565
1396 -559
1392 -553
1392 -546
1388 -549
1386 -555
1390 -559
1392 -564
1395 -569
1390 -572
1384 -572
1379 -570
1373 -568
1369 -562
1373 -558
1379 -556
1382 -550
1379 -547
1380 -542
1377 -538
1372 -534
1368 -538
1364 -541
1359 -538
1357 -533
1358 -527
1362 -523
1365 -526
1371 -528
1377 -526
1377 -531
1383 -530
1383 -525
1387 -521
1388 -515
1387 -509
1393 -510
1397 -505
1403 -506
1409 -506
1412 -501
1415 -497
1421 -497
1420 -492
1422 -487
1424 -482
1428 -487
1434 -486
1439 -485
1445 -485
1448 -481
1453 -479
1457 -484
1463 -485
1468 -483
1474 -488
1474 -495
1469 -497
1465 -502
1459 -505
1454 -502
1448 -504
1446 -499
1443 -494
1446 -490
1452 -488
1458 -491
1460 -497
1452 -495
1438 -498
1440 -503
1439 -510
1445 -509
1447 -516
1449 -521
1454 -525
1460 -522
1465 -524
1471 -525
1477 -528
1473 -532
1478 -535
1484 -535
1489 -537
1494 -540
1492 -546
1488 -550
1483 -547
1477 -548
1472 -546
1466 -545
1464 -540
1468 -537
1473 -540
1479 -542
1486 -542
1490 -530
1484 -528
1496 -519
1491 -524
1498 -526
1504 -521
1504 -505
1512 -508
1519 -516
1522 -510
1530 -513
1538 -514
1544 -515
1548 -511
1570 -520
1567 -525
1564 -530
1570 -531
1573 -536
1579 -536
1579 -530
1581 -525
1585 -522
1587 -517
1591 -522
1594 -526
1599 -525
1603 -527
1607 -528
1612 -530
1613 -535
1613 -540
1608 -539
1602 -539
1597 -542
1593 -546
1593 -553
1598 -555
1604 -554
1606 -550
1611 -550
1615 -548
1610 -545
1604 -544
1599 -549
1595 -567
1588 -567
1592 -581
1591 -587
1579 -581
1579 -587
1573 -585
1572 -579
1566 -581
1565 -575
1560 -576
1554 -578
1550 -574
1544 -573
1544 -567
1539 -566
1534 -562
1536 -557
1536 -551
1541 -548
1544 -543
1547 -539
1552 -543
1553 -548
1559 -548
1563 -544
1558 -540
1567 -549
1569 -555
1571 -560
1575 -565
1568 -567
1565 -562
1560 -559
1562 -554
1555 -554
1549 -555
1547 -549
1543 -554
1541 -560
1547 -561
1554 -561
1558 -566
1563 -570
1556 -571
1551 -567
1545 -579
1550 -582
1555 -584
1560 -582
1551 -588
1546 -587
1542 -592
1548 -594
1560 -597
1565 -594
1569 -599
1575 -598
1580 -598
1570 -572
1578 -576
1576 -571
1582 -570
1581 -564
1584 -560
1587 -555
1588 -549
1585 -544
1579 -543
1572 -544
1568 -540
1564 -536
1560 -534
1555 -534
1553 -538
1549 -535
1547 -530
1551 -531
1554 -527
1559 -528
1562 -524
1557 -521
1553 -522
1550 -526
1545 -525
1540 -525
1542 -528
1543 -532
1544 -536
1539 -537
1539 -542
1535 -545
1530 -545
1526 -548
1523 -552
1516 -552
1514 -558
1511 -563
1506 -573
1500 -572
1491 -581
1497 -592
1503 -590
1503 -596
1502 -602
1495 -599
1495 -585
1500 -584
1506 -584
1509 -588
1509 -594
1509 -599
1509 -606
1504 -610
1498 -608
1493 -606
1488 -603
1487 -597
1490 -593
1484 -592
1481 -587
1480 -583
1481 -579
1480 -574
1476 -573
1473 -569
1471 -575
1476 -579
1471 -581
1475 -585
1485 -582
1487 -586
1492 -589
1485 -577
1489 -574
1490 -569
1495 -568
1500 -566
1505 -565
1506 -558
1495 -552
1490 -557
1484 -555
1479 -554
1473 -552
1467 -550
1462 -553
1460 -557
1455 -558
1451 -560
1452 -565
1457 -565
1461 -563
1465 -559
1468 -555
1470 -560
1468 -564
1462 -568
1455 -570
1442 -571
1436 -568
1435 -573
1438 -580
1429 -567
1422 -567
1411 -561
1420 -553
1422 -548
1428 -552
1434 -531
1427 -530
1426 -525
1435 -515
1435 -524
1431 -521
1424 -519
1418 -525
1404 -529
1397 -536
1402 -535
1407 -537
1413 -539
1419 -541
1426 -542
1412 -531
1410 -525
1411 -519
1418 -519
1417 -514
1412 -512
1407 -512
1403 -517
1401 -523
1397 -528
1394 -521
1396 -516
1400 -511
1415 -506
1393 -495
1398 -491
1395 -485
1389 -482
1383 -485
1389 -489
1395 -478
1401 -480
1403 -486
1407 -490
1409 -496
1405 -501
1403 -494
1398 -499
1392 -502
1385 -502
1380 -499
1374 -500
1370 -503
1368 -508
1368 -514
1363 -517
1362 -511
1361 -505
1365 -502
1368 -498
1387 -496
1383 -493
1379 -490
1377 -485
1378 -481
1384 -478
1389 -476
1388 -471
1382 -471
1382 -466
1376 -470
1378 -475
1360 -471
1365 -472
1368 -469
1372 -473
1373 -478
1372 -483
1367 -481
1367 -476
1362 -477
1357 -478
1349 -494
1344 -492
1340 -489
1341 -484
1347 -486
1351 -469
1347 -472
1345 -476
1345 -481
1340 -478
1335 -478
1330 -476
1333 -472
1337 -468
1337 -464
1333 -461
1312 -479
1318 -478
1321 -483
1320 -489
1317 -493
1287 -504
1285 -511
1292 -511
1305 -515
1302 -502
1296 -496
1289 -493
1285 -487
1278 -486
1293 -476
1290 -471
1296 -466
1309 -473
1312 -466
1318 -466
1317 -472
1324 -474
1324 -468
1330 -467
1340 -473
1344 -467
1350 -464
1353 -475
1350 -479
1353 -483
1358 -483
1363 -483
1370 -493
1372 -489
1359 -499
1362 -495
1357 -493
1355 -504
1350 -502
1353 -498
1367 -486
1365 -491
1361 -489
1355 -488
1351 -490
1324 -517
1323 -511
1321 -505
1317 -501
1322 -498
1327 -504
1333 -507
1330 -513
1317 -515
1316 -508
1310 -512
1310 -518
1314 -521
1320 -521
1322 -527
1324 -532
1316 -540
1318 -534
1316 -528
1310 -526
1306 -522
1295 -505
1291 -500
1304 -496
1301 -490
1295 -488
1291 -483
1286 -480
1284 -474
1279 -478
1273 -481
1271 -487
1282 -493
1281 -499
1279 -506
1284 -524
1291 -525
1296 -527
1303 -528
1300 -522
1327 -522
1333 -519
1337 -515
1340 -509
1339 -504
1334 -500
1329 -498
1326 -493
1326 -487
1331 -483
1336 -485
1332 -490
1336 -494
1341 -497
1346 -497
1344 -502
1345 -507
1351 -509
1356 -509
1357 -515
1374 -514
1369 -521
1374 -521
1381 -519
1381 -513
1376 -494
1375 -507
1381 -506
1390 -527
1393 -533
1388 -534
1386 -539
1386 -544
1391 -540
1397 -542
1403 -542
1408 -544
1414 -548
1413 -555
1407 -554
1404 -549
1397 -547
1398 -553
1401 -557
1405 -562
1407 -567
1410 -572
1412 -577
1417 -578
1414 -584
1403 -586
1404 -591
1403 -598
1407 -604
1403 -610
1407 -615
1411 -610
1414 -604
1411 -620
1413 -634
1417 -643
1415 -649
1411 -646
1418 -655
1415 -661
1421 -661
1424 -667
1418 -669
1412 -672
1409 -678
1411 -683
1415 -686
1416 -692
1421 -693
1426 -689
1431 -686
1425 -682
1420 -685
1417 -678
1422 -675
1428 -672
1430 -678
1434 -699
1423 -705
1420 -701
1416 -698
1405 -703
1399 -705
1394 -709
1394 -701
1389 -696
1387 -703
1404 -710
1411 -712
1417 -716
1425 -716
1433 -717
1430 -723
1437 -728
1458 -719
1462 -725
1463 -731
1456 -727
1450 -729
1445 -725
1439 -721
1439 -715
1442 -710
1435 -710
1429 -710
1423 -711
1418 -709
1413 -705
1410 -701
1411 -695
1410 -690
1406 -686
1404 -681
1399 -680
1394 -677
1388 -676
1383 -677
1380 -682
1374 -681
1373 -675
1373 -669
1377 -665
1383 -662
1384 -669
1392 -670
1390 -664
1397 -666
1399 -672
1405 -673
1405 -667
1412 -666
1408 -641
1413 -639
1419 -637
1419 -631
1420 -626
1414 -626
1411 -628
1407 -626
1405 -621
1401 -617
1397 -614
1397 -608
1400 -603
1396 -598
1391 -594
1389 -589
1393 -586
1398 -583
1401 -579
1406 -576
1408 -582
1409 -588
1414 -591
1409 -594
1410 -599
1416 -599
1418 -594
1423 -593
1431 -600
1437 -602
1437 -607
1431 -608
1427 -604
1425 -610
1422 -615
1421 -620
1416 -621
1415 -615
1417 -610
1421 -606
1421 -601
1426 -599
1428 -594
1433 -594
1438 -596
1442 -577
1447 -580
1443 -585
1449 -586
1441 -564
1448 -556
1447 -551
1442 -549
1439 -543
1431 -545
1436 -549
1436 -555
1442 -556
1435 -539
1430 -537
1424 -536
1419 -532
1420 -509
1424 -513
1429 -515
1431 -480
1427 -475
1409 -448
1409 -442
1408 -436
1408 -430
1414 -431
1416 -425
1419 -421
1419 -434
1414 -438
1404 -446
1399 -448
1394 -447
1390 -449
1389 -454
1387 -459
1382 -460
1378 -457
1376 -452
1377 -447
1380 -444
1385 -442
1388 -438
1384 -435
1381 -431
1379 -427
1376 -422
1375 -417
1361 -391
1344 -369
1341 -375
1344 -381
1350 -383
1348 -389
1343 -393
1336 -393
1331 -395
1326 -398
1349 -376
1356 -369
1362 -367
1357 -362
1350 -365
1350 -359
1350 -353
1339 -352
1337 -346
1348 -339
1370 -322
1376 -323
1378 -316
1376 -309
1382 -310
1384 -315
1382 -321
1383 -326
1388 -324
1388 -319
1390 -314
1389 -309
1386 -305
1385 -299
1380 -295
1377 -288
1383 -287
1388 -287
1392 -282
1396 -286
1401 -287
1406 -287
1404 -292
1406 -296
1410 -298
1412 -303
1417 -302
1423 -306
1418 -308
1414 -308
1409 -307
1411 -312
1415 -314
1418 -319
1414 -323
1417 -328
1423 -329
1429 -327
1435 -330
1442 -327
1442 -332
1438 -336
1437 -342
1432 -344
1435 -351
1440 -347
1446 -344
1442 -340
1456 -328
1433 -323
1438 -322
1443 -322
1447 -318
1450 -314
1454 -316
1456 -311
1452 -307
1446 -309
1447 -303
1444 -298
1444 -292
1445 -287
1429 -276
1430 -270
1433 -265
1436 -270
1436 -275
1442 -272
1447 -276
1452 -277
1458 -276
1449 -270
1446 -266
1456 -256
1450 -256
1445 -259
1440 -261
1439 -266
1454 -266
1458 -263
1462 -259
1467 -257
1468 -262
1470 -268
1463 -276
1465 -279
1469 -280
1461 -281
1455 -282
1450 -291
1455 -272
1460 -271
1463 -266
1465 -272
1474 -262
1473 -256
1481 -248
1478 -238
1480 -233
1477 -228
1472 -228
1469 -231
1464 -232
1468 -236
1473 -233
1472 -239
1476 -244
1470 -245
1467 -241
1463 -239
1460 -235
1458 -239
1455 -235
1456 -230
1460 -230
1462 -228
1466 -227
1469 -225
1470 -220
1465 -216
1465 -222
1472 -215
1475 -210
1470 -205
1467 -210
1470 -198
1458 -199
1454 -203
1454 -211
1460 -213
1460 -219
1455 -216
1450 -217
1444 -219
1441 -224
1437 -229
1432 -230
1422 -238
1415 -235
1416 -241
1420 -245
1425 -248
1426 -242
1432 -246
1437 -249
1433 -254
1429 -252
1425 -255
1419 -255
1421 -251
1409 -240
1412 -245
1416 -250
1416 -260
1414 -264
1407 -256
1402 -255
1400 -249
1403 -226
1409 -226
1414 -229
1420 -231
1425 -232
1429 -236
1432 -240
1437 -242
1442 -244
1443 -249
1447 -252
1441 -254
1438 -257
1434 -260
1429 -259
1424 -261
1420 -260
1404 -266
1409 -266
1405 -271
1402 -276
1399 -273
1394 -270
1388 -271
1388 -265
1382 -268
1384 -275
1378 -275
1375 -270
1369 -268
1364 -264
1358 -263
1358 -269
1360 -275
1365 -272
1348 -277
1338 -269
1333 -266
1328 -269
1325 -256
1300 -265
1302 -271
1308 -273
1313 -276
1304 -286
1297 -296
1299 -291
1297 -285
1295 -280
1301 -278
1317 -281
1318 -274
1325 -274
1323 -279
1322 -284
1325 -288
1329 -286
1331 -289
1330 -282
1330 -278
1332 -273
1337 -262
1335 -257
1320 -260
1320 -255
1321 -250
1322 -245
1319 -240
1324 -236
1323 -230
1329 -227
1336 -231
1331 -236
1338 -239
1343 -234
1343 -228
1346 -223
1347 -217
1349 -212
1355 -209
1361 -208
1366 -203
1362 -199
1357 -202
1358 -193
1356 -187
1360 -181
1363 -186
1368 -189
1371 -184
1373 -178
1378 -178
1376 -187
1382 -184
1386 -189
1393 -188
1416 -184
1411 -186
1409 -174
1407 -170
1402 -167
1399 -162
1395 -158
1389 -156
1386 -151
1381 -154
1384 -159
1389 -162
1393 -165
1396 -169
1397 -174
1392 -176
1385 -176
1354 -181
1341 -166
1340 -161
1341 -172
1346 -174
1349 -168
1349 -161
1350 -155
1351 -150
1349 -144
1346 -139
1339 -142
1334 -139
1331 -145
1330 -151
1326 -155
1321 -154
1317 -149
1324 -147
1320 -141
1325 -138
1330 -133
1335 -130
1340 -124
1343 -128
1346 -132
1351 -136
1355 -140
1356 -145
1362 -148
1366 -143
1372 -143
1376 -146
1381 -147
1381 -141
1386 -144
1390 -147
1392 -151
1397 -153
1397 -147
1403 -147
1406 -141
1415 -139
1421 -137
1426 -136
1431 -134
1428 -129
1422 -131
1416 -133
1422 -143
1428 -141
1433 -139
1438 -143
1439 -137
1436 -133
1440 -129
1444 -129
1450 -127
1454 -126
1458 -122
1456 -117
1451 -119
1446 -122
1441 -123
1437 -121
1432 -124
1435 -128
1444 -135
1449 -132
1456 -138
1455 -144
1461 -142
1467 -142
1468 -136
1472 -132
1478 -132
1481 -135
1484 -139
1489 -141
1491 -146
1490 -151
1484 -153
1480 -156
1481 -163
1482 -176
1485 -170
1488 -164
1487 -158
1493 -155
1495 -160
1495 -166
1492 -170
1489 -175
1487 -181
1486 -186
1487 -192
1490 -197
1496 -197
1499 -192
1505 -192
1511 -194
1509 -200
1513 -204
1511 -210
1508 -214
1503 -215
1498 -219
1502 -222
1506 -222
1510 -219
1515 -222
1520 -226
1523 -231
1528 -227
1516 -232
1511 -227
1521 -219
1515 -215
1503 -199
1505 -207
1492 -208
1493 -220
1488 -222
1485 -217
1490 -214
1496 -214
1499 -209
1499 -203
1493 -202
1487 -204
1483 -199
1460 -207
1464 -203
1464 -196
1466 -190
1466 -184
1463 -179
1465 -174
1468 -169
1479 -170
1474 -165
1475 -159
1472 -153
1479 -150
1469 -147
1474 -146
1474 -139
1483 -128
1476 -126
1479 -122
1485 -106
1491 -102
1485 -100
1486 -95
1490 -91
1491 -85
1497 -86
1502 -89
1506 -84
1501 -81
1495 -80
1491 -76
1499 -75
1502 -68
1496 -67
1498 -61
1505 -62
1511 -60
1519 -58
1526 -59
1517 -64
1513 -74
1513 -89
1512 -94
1507 -95
1512 -85
1511 -80
1516 -80
1518 -85
1520 -89
1518 -93
1516 -98
1519 -101
1524 -100
1527 -104
1524 -108
1529 -111
1532 -115
1537 -118
1535 -124
1530 -120
1529 -126
1524 -129
1521 -124
1524 -120
1526 -115
1521 -113
1515 -111
1519 -107
1514 -103
1511 -99
1506 -102
1499 -102
1497 -107
1491 -108
1489 -113
1492 -118
1497 -122
1496 -129
1499 -134
1504 -138
1501 -142
1497 -146
1496 -151
1479 -142
1484 -146
1496 -140
1492 -136
1488 -132
1490 -126
1487 -121
1484 -117
1483 -112
1479 -108
1479 -102
1480 -96
1475 -95
1472 -90
1479 -89
1485 -88
1482 -74
1477 -67
1485 -68
1491 -71
1487 -80
1490 -62
1512 -68
1507 -69
1506 -76
1507 -89
1496 -93
1493 -97
1502 -96
1522 -95
1517 -118
1510 -121
1510 -114
1511 -107
1504 -109
1498 -114
1504 -118
1503 -126
1505 -132
1511 -129
1515 -125
1518 -131
1546 -127
1551 -123
1569 -114
1562 -116
1558 -112
1553 -99
1547 -94
1542 -88
1537 -85
1533 -81
1527 -81
1522 -81
1524 -86
1525 -91
1527 -95
1531 -99
1536 -100
1532 -106
1537 -111
1540 -105
1545 -109
1542 -114
1552 -107
1547 -102
1542 -97
1537 -93
1532 -91
1530 -86
1536 -76
1541 -79
1547 -80
1552 -77
1551 -71
1545 -72
1540 -71
1534 -69
1529 -68
1523 -66
1519 -70
1519 -76
1524 -74
1530 -74
1532 -62
1534 -56
1542 -57
1539 -64
1545 -64
1552 -64
1558 -69
1558 -76
1564 -74
1554 -83
1560 -87
1567 -85
1573 -83
1580 -73
1575 -59
1571 -64
1567 -58
1550 -58
1557 -58
1561 -62
1565 -67
1569 -71
1575 -71
1578 -66
1583 -64
1585 -69
1587 -75
1584 -79
1583 -84
1578 -83
1578 -78
1572 -76
1568 -79
1562 -81
1548 -87
1554 -90
1558 -94
1561 -100
1558 -105
1564 -108
1568 -102
1571 -107
1575 -101
1582 -101
1601 -101
1600 -108
1606 -106
1613 -109
1619 -106
1618 -113
1622 -118
1633 -110
1631 -105
1629 -100
1631 -94
1634 -98
1638 -86
1635 -90
1631 -88
1628 -85
1628 -80
1634 -82
1638 -93
1640 -97
1637 -102
1637 -107
1639 -111
1636 -115
1634 -119
1634 -125
1629 -129
1629 -135
1633 -142
1634 -150
1646 -147
1652 -144
1656 -139
1657 -133
1660 -128
1657 -123
1655 -118
1649 -118
1645 -122
1646 -128
1643 -134
1647 -140
1651 -133
1652 -125
1665 -132
1664 -138
1660 -145
1663 -152
1657 -154
1654 -149
1649 -155
1653 -161
1659 -161
1659 -169
1652 -168
1647 -173
1641 -170
1636 -174
1633 -169
1627 -167
1624 -161
1632 -162
1639 -164
1646 -164
1655 -175
1661 -178
1667 -177
1672 -176
1675 -171
1681 -167
1684 -173
1686 -179
1685 -185
1690 -187
1692 -191
1688 -197
1691 -201
1686 -204
1683 -201
1681 -196
1686 -191
1680 -189
1675 -188
1675 -194
1676 -200
1679 -205
1677 -211
1680 -215
1678 -220
1689 -226
1683 -237
1677 -237
1677 -243
1683 -243
1686 -255
1691 -252
1695 -248
1695 -241
1694 -236
1694 -229
1696 -224
1691 -220
1696 -216
1695 -211
1691 -207
1689 -213
1685 -216
1684 -222
1681 -226
1675 -226
1670 -222
1673 -217
1664 -220
1666 -214
1664 -207
1669 -191
1664 -194
1670 -197
1667 -202
1672 -206
1671 -211
1684 -209
1702 -212
1703 -200
1702 -194
1697 -193
1696 -197
1696 -203
1699 -206
1705 -205
1709 -209
1715 -206
1721 -207
1723 -213
1717 -199
1717 -193
1712 -190
1709 -196
1698 -188
1706 -189
1703 -184
1707 -180
1706 -175
1704 -170
1700 -167
1700 -163
1698 -158
1695 -155
1694 -149
1702 -147
1699 -152
1704 -155
1707 -152
1710 -149
1708 -144
1703 -141
1697 -139
1694 -143
1700 -129
1695 -133
1690 -137
1684 -133
1690 -129
1683 -125
1678 -130
1674 -124
1677 -120
1688 -122
1694 -124
1700 -122
1706 -123
1711 -126
1706 -130
1702 -135
1683 -140
1688 -144
1690 -159
1694 -163
1694 -169
1699 -173
1700 -178
1697 -182
1691 -181
1692 -175
1688 -169
1686 -163
1680 -161
1679 -177
1679 -183
1673 -182
1666 -172
1669 -186
1665 -182
1661 -188
1656 -183
1650 -180
1644 -178
1639 -179
1633 -180
1629 -175
1624 -173
1621 -168
1615 -167
1615 -172
1618 -177
1624 -179
1627 -183
1633 -186
1638 -187
1645 -186
1650 -188
1655 -191
1658 -196
1661 -201
1657 -206
1659 -212
1657 -219
1658 -225
1664 -226
1669 -229
1666 -234
1661 -233
1655 -231
1650 -235
1656 -238
1661 -240
1666 -240
1664 -246
1670 -246
1672 -241
1671 -236
1674 -231
1680 -232
1685 -230
1689 -234
1688 -240
1690 -244
1686 -248
1681 -248
1675 -249
1674 -255
1669 -252
1664 -251
1659 -252
1656 -257
1651 -261
1651 -266
1655 -269
1656 -265
1660 -261
1662 -256
1668 -258
1666 -264
1662 -267
1660 -272
1656 -275
1653 -279
1648 -279
1649 -275
1651 -271
1646 -269
1644 -273
1641 -276
1643 -281
1646 -285
1648 -290
1643 -291
1640 -296
1644 -301
1646 -296
1652 -295
1651 -301
1649 -313
1655 -316
1652 -325
1649 -319
1642 -318
1642 -312
1636 -315
1632 -328
1638 -333
1640 -341
1653 -339
1654 -332
1660 -329
1665 -332
1660 -336
1659 -343
1660 -348
1669 -356
1653 -373
1664 -370
1665 -376
1679 -382
1675 -380
1670 -380
1665 -381
1669 -385
1669 -389
1673 -392
1678 -392
1682 -394
1681 -399
1685 -402
1690 -402
1702 -388
1707 -386
1718 -348
1722 -354
1728 -354
1716 -363
1710 -367
1704 -368
1699 -365
1748 -360
1749 -353
1743 -350
1736 -353
1745 -342
1750 -347
1757 -350
1755 -355
1755 -362
1760 -360
1762 -355
1765 -351
1763 -346
1765 -340
1770 -338
1767 -333
1766 -327
1762 -317
1765 -312
1768 -316
1767 -322
1761 -323
1757 -327
1756 -321
1756 -316
1757 -311
1760 -307
1766 -306
1771 -307
1776 -306
1772 -294
1766 -292
1762 -287
1756 -286
1757 -292
1761 -296
1766 -299
1772 -301
1778 -298
1783 -296
1780 -291
1774 -288
1768 -287
1765 -282
1765 -278
1765 -274
1775 -268
1773 -257
1771 -252
1767 -248
1765 -242
1762 -238
1766 -235
1769 -238
1770 -243
1773 -247
1777 -251
1780 -257
1785 -254
1783 -249
1791 -257
1786 -260
1781 -263
1776 -262
1771 -264
1768 -260
1767 -255
1764 -252
1762 -248
1760 -244
1757 -241
1752 -242
1747 -239
1743 -236
1738 -233
1733 -233
1728 -229
1723 -225
1725 -219
1731 -222
1735 -227
1738 -221
1748 -215
1752 -220
1759 -223
1755 -228
1749 -226
1745 -221
1742 -228
1728 -236
1732 -239
1735 -242
1733 -246
1734 -252
1737 -256
1732 -258
1730 -263
1726 -268
1725 -284
1724 -315
1721 -310
1723 -305
1728 -299
1731 -296
1735 -292
1737 -288
1741 -283
1745 -285
1750 -286
1752 -281
1753 -276
1759 -275
1757 -271
1752 -270
1749 -266
1741 -260
1741 -251
1739 -246
1744 -244
1739 -239
1748 -232
1752 -235
1758 -235
1761 -230
1767 -230
1766 -224
1765 -218
1786 -237
1782 -241
1785 -244
1790 -247
1791 -251
1780 -270
1786 -268
1787 -274
1784 -279
1779 -276
1774 -274
1770 -275
1768 -269
1766 -264
1762 -267
1762 -271
1743 -265
1757 -259
1762 -256
1762 -261
1757 -265
1753 -262
1748 -259
1753 -254
1758 -252
1755 -248
1750 -247
1747 -252
1744 -256
1729 -273
1727 -279
1732 -278
1736 -282
1731 -285
1729 -290
1723 -290
1724 -295
1721 -299
1717 -304
1716 -309
1712 -312
1709 -316
1707 -322
1708 -327
1708 -333
1722 -321
1717 -316
1714 -322
1701 -319
1703 -312
1707 -308
1711 -304
1707 -300
1700 -298
1702 -304
1697 -314
1692 -317
1686 -315
1684 -309
1680 -303
1682 -297
1688 -294
1692 -290
1683 -290
1677 -291
1672 -291
1669 -297
1676 -298
1680 -284
1674 -283
1668 -287
1664 -291
1688 -302
1691 -309
1697 -308
1695 -303
1693 -297
1698 -292
1708 -288
1713 -287
1718 -286
1717 -293
1714 -299
1711 -294
1705 -294
1702 -290
1697 -286
1692 -283
1686 -284
1675 -272
1672 -267
1673 -261
1667 -272
1663 -276
1667 -280
1671 -277
1678 -278
1684 -277
1689 -275
1694 -278
1700 -280
1704 -284
1707 -280
1711 -278
1714 -282
1719 -281
1722 -277
1723 -273
1720 -268
1716 -264
1716 -258
1720 -255
1723 -251
1722 -246
1720 -241
1724 -239
1728 -243
1728 -250
1727 -256
1723 -261
1733 -268
1739 -269
1744 -271
1748 -274
1746 -279
1740 -276
1735 -274
1736 -263
1716 -275
1714 -269
1710 -261
1708 -267
1708 -273
1703 -274
1698 -273
1693 -270
1693 -264
1692 -258
1680 -254
1678 -259
1679 -265
1681 -271
1685 -261
1687 -268
1702 -266
1705 -257
1699 -260
1697 -254
1701 -251
1707 -249
1711 -245
1716 -244
1716 -250
1711 -254
1706 -241
1701 -238
1701 -245
1706 -232
1700 -232
1710 -237
1716 -237
1723 -233
1718 -230
1712 -230
1702 -226
1702 -219
1708 -216
1709 -223
1716 -224
1717 -219
1715 -213
1710 -201
1724 -195
1725 -202
1732 -202
1731 -196
1735 -190
1729 -189
1722 -189
1717 -185
1710 -185
1714 -178
1717 -173
1712 -171
1708 -166
1708 -160
1704 -160
1714 -146
1717 -142
1720 -139
1723 -137
1719 -156
1720 -161
1719 -167
1723 -172
1727 -169
1727 -163
1725 -157
1724 -152
1728 -147
1728 -142
1723 -143
1721 -147
1717 -150
1714 -153
1712 -157
1714 -163
1721 -178
1726 -183
1729 -177
1734 -173
1740 -169
1740 -177
1734 -182
1740 -186
1740 -194
1739 -201
1735 -208
1728 -208
1731 -215
1737 -214
1742 -216
1743 -208
1746 -203
1750 -208
1754 -213
1759 -216
1776 -181
1781 -177
1763 -170
1758 -172
1754 -179
1754 -187
1754 -195
1753 -202
1746 -197
1747 -191
1747 -183
1747 -176
1746 -170
1752 -170
1755 -165
1760 -164
1766 -165
1768 -160
1768 -155
1765 -151
1759 -147
1754 -146
1750 -142
1746 -139
1741 -136
1736 -135
1739 -146
1730 -153
1732 -158
1733 -166
1737 -162
1740 -157
1737 -153
1733 -149
1733 -144
1732 -139
1727 -137
1731 -134
1743 -144
1748 -148
1756 -158
1758 -153
1762 -158
1752 -153
1744 -163
1750 -161
1746 -156
1743 -151
1738 -140
1749 -127
1744 -123
1739 -118
1732 -119
1734 -123
1739 -125
1755 -131
1759 -135
1765 -139
1766 -174
1761 -178
1760 -184
1761 -190
1760 -196
1762 -202
1758 -207
1763 -211
1770 -212
1772 -219
1773 -232
1773 -226
1780 -228
1778 -222
1779 -217
1776 -212
1774 -206
1780 -204
1786 -201
1781 -195
1786 -190
1794 -190
1790 -195
1793 -202
1790 -208
1784 -211
1785 -218
1786 -223
1787 -228
1793 -225
1798 -223
1798 -216
1797 -209
1803 -212
1809 -210
1807 -204
1800 -203
1798 -196
1800 -190
1806 -189
1806 -197
1815 -200
1814 -206
1819 -210
1821 -216
1824 -221
1821 -226
1823 -232
1828 -235
1829 -241
1825 -246
1819 -246
1814 -245
1814 -238
1818 -233
1811 -231
1815 -227
1810 -224
1804 -226
1804 -231
1807 -236
1809 -242
1807 -247
1808 -252
1808 -258
1813 -258
1818 -257
1823 -259
1827 -259
1831 -260
1836 -260
1839 -257
1843 -252
1845 -258
1842 -263
1847 -268
1849 -263
1855 -263
1858 -269
1853 -271
1851 -276
1848 -281
1843 -279
1845 -273
1841 -270
1837 -266
1833 -266
1828 -266
1824 -264
1823 -269
1817 -270
1812 -271
1806 -269
1805 -263
1802 -258
1812 -264
1818 -264
1824 -275
1819 -281
1816 -276
1812 -281
1810 -287
1805 -289
1808 -294
1812 -293
1817 -293
1819 -297
1824 -300
1819 -303
1814 -305
1810 -309
1805 -310
1805 -315
1802 -319
1799 -315
1794 -313
1799 -310
1800 -305
1800 -300
1802 -295
1807 -299
1807 -304
1813 -299
1817 -286
1806 -282
1803 -277
1809 -276
1791 -263
1793 -269
1790 -282
1793 -287
1788 -292
1785 -286
1779 -283
1772 -281
1759 -281
1788 -300
1786 -307
1781 -303
1788 -317
1783 -320
1778 -317
1773 -313
1760 -302
1747 -305
1741 -302
1740 -308
1744 -312
1751 -316
1750 -310
1754 -305
1753 -299
1747 -297
1751 -292
1744 -290
1741 -295
1737 -298
1734 -303
1728 -304
1728 -310
1733 -309
1736 -314
1739 -318
1745 -319
1750 -322
1751 -327
1745 -328
1743 -357
1742 -363
1737 -360
1732 -358
1736 -367
1733 -373
1730 -378
1728 -384
1725 -389
1720 -390
1722 -384
1723 -378
1724 -373
1726 -361
1720 -360
1709 -339
1714 -343
1711 -349
1705 -347
1702 -341
1722 -341
1730 -340
1755 -333
1761 -330
1760 -337
1757 -343
1752 -339
1749 -334
1743 -336
1738 -331
1732 -332
1734 -323
1730 -317
1728 -325
1721 -327
1715 -329
1715 -336
1721 -333
1726 -333
1737 -339
1737 -345
1731 -347
1725 -347
1741 -324
1823 -531
1807 -530
1813 -526
1815 -512
1811 -507
1811 -502
1818 -501
1818 -506
1821 -510
1825 -505
1828 -509
1826 -514
1830 -519
1827 -526
1830 -532
1818 -538
1825 -538
1832 -540
1829 -545
1835 -549
1855 -542
1851 -535
1849 -528
1843 -529
1844 -534
1846 -540
1850 -546
1849 -552
1843 -548
1839 -543
1839 -538
1835 -535
1837 -530
1833 -524
1840 -524
1846 -523
1850 -520
1850 -514
1856 -511
1861 -501
1866 -503
1899 -495
1903 -491
1909 -496
1905 -497
1900 -500
1896 -502
1891 -504
1886 -505
1900 -506
1905 -503
1914 -495
1913 -490
1908 -490
1921 -483
1918 -479
1923 -477
1923 -471
1924 -466
1925 -460
1922 -456
1926 -447
1932 -439
1928 -428
1922 -428
1922 -423
1921 -417
1915 -419
1912 -423
1916 -428
1918 -434
1914 -438
1910 -438
1905 -438
1899 -435
1897 -429
1892 -425
1890 -418
1885 -423
1878 -432
1887 -437
1882 -437
1882 -444
1888 -445
1891 -442
1895 -438
1893 -433
1908 -416
1900 -442
1895 -446
1898 -451
1892 -451
1903 -447
1906 -443
1899 -456
1900 -461
1903 -465
1898 -468
1892 -466
1895 -463
1894 -457
1888 -456
1886 -451
1882 -450
1877 -450
1876 -444
1878 -439
1873 -436
1871 -441
1864 -451
1859 -448
1859 -442
1863 -443
1868 -446
1872 -447
1870 -452
1867 -457
1861 -456
1857 -453
1853 -456
1848 -453
1851 -450
1853 -446
1853 -441
1837 -458
1832 -455
1827 -456
1821 -457
1816 -457
1812 -454
1807 -455
1803 -451
1800 -447
1797 -443
1794 -440
1791 -444
1794 -449
1797 -453
1798 -457
1802 -456
1801 -462
1806 -461
1810 -460
1806 -467
1808 -449
1805 -445
1802 -440
1797 -436
1798 -431
1799 -426
1802 -421
1797 -420
1799 -415
1799 -409
1793 -409
1790 -405
1785 -407
1781 -404
1781 -398
1785 -394
1789 -395
1795 -395
1799 -397
1797 -403
1793 -400
1787 -400
1781 -391
1784 -387
1789 -388
1794 -390
1794 -379
1788 -382
1782 -382
1784 -376
1785 -367
1788 -371
1790 -375
1806 -373
1810 -368
1810 -363
1805 -360
1801 -357
1798 -353
1798 -347
1795 -344
1801 -341
1803 -336
1807 -330
1811 -334
1811 -338
1809 -343
1805 -346
1803 -351
1792 -352
1781 -348
1775 -349
1771 -353
1769 -358
1765 -361
1769 -366
1775 -362
1777 -355
1769 -346
1775 -344
1775 -338
1780 -336
1786 -338
1782 -342
1783 -326
1792 -318
1796 -320
1798 -324
1793 -324
1789 -322
1788 -328
1793 -329
1790 -334
1784 -332
1779 -330
1774 -333
1772 -327
1778 -324
1773 -320
1779 -311
1784 -313
1789 -312
1792 -308
1794 -303
1794 -298
1795 -293
1799 -289
1801 -284
1797 -281
1792 -276
1797 -274
1801 -270
1798 -265
1796 -260
1796 -253
1803 -242
1801 -236
1798 -229
1790 -233
1795 -235
1791 -240
1802 -252
1801 -247
1795 -247
1797 -241
1784 -232
1779 -235
1775 -237
1776 -242
1779 -246
1791 -216
1804 -220
1809 -217
1814 -214
1816 -221
1821 -240
1832 -247
1814 -251
1821 -252
1827 -253
1832 -254
1837 -251
1840 -246
1851 -252
1852 -257
1847 -248
1847 -242
1842 -238
1836 -241
1835 -233
1829 -227
1836 -225
1832 -219
1829 -214
1825 -208
1822 -202
1816 -194
1811 -192
1811 -185
1804 -183
1796 -170
1791 -168
1791 -162
1784 -164
1785 -158
1779 -160
1771 -169
1776 -172
1772 -176
1768 -181
1769 -186
1769 -191
1767 -197
1768 -205
1774 -200
1774 -194
1777 -188
1782 -184
1787 -181
1791 -184
1798 -183
1799 -177
1794 -177
1789 -175
1786 -172
1781 -169
1777 -166
1773 -162
1773 -156
1778 -154
1776 -148
1771 -150
1769 -144
1764 -144
1759 -141
1754 -139
1751 -135
1746 -133
1741 -130
1735 -130
1730 -127
1727 -131
1723 -132
1719 -134
1715 -136
1712 -140
1708 -137
1711 -132
1716 -130
1716 -125
1720 -127
1724 -127
1727 -123
1726 -117
1721 -114
1716 -115
1713 -121
1710 -117
1704 -117
1698 -116
1693 -116
1687 -115
1684 -110
1679 -107
1678 -137
1677 -144
1682 -148
1688 -150
1690 -154
1684 -156
1679 -153
1675 -157
1674 -163
1671 -167
1665 -165
1666 -159
1669 -154
1673 -149
1667 -146
1671 -140
1672 -134
1671 -129
1667 -126
1663 -122
1661 -117
1659 -111
1653 -112
1649 -108
1649 -102
1645 -99
1643 -104
1644 -108
1646 -113
1642 -117
1639 -121
1640 -127
1636 -131
1635 -136
1640 -140
1639 -145
1641 -152
1643 -158
1636 -157
1630 -156
1625 -155
1627 -150
1628 -145
1625 -140
1623 -133
1623 -127
1627 -124
1629 -119
1629 -114
1625 -110
1625 -105
1622 -100
1616 -98
1613 -103
1608 -100
1605 -88
1597 -83
1598 -89
1595 -95
1600 -94
1605 -95
1611 -94
1616 -91
1621 -94
1626 -95
1626 -90
1621 -88
1622 -83
1615 -80
1617 -85
1611 -87
1609 -81
1603 -81
1598 -76
1597 -69
1602 -69
1604 -74
1609 -76
1614 -74
1619 -77
1624 -77
1632 -69
1640 -71
1644 -77
1649 -74
1656 -75
1654 -82
1648 -84
1662 -80
1678 -101
1676 -96
1672 -93
1665 -93
1660 -96
1655 -98
1649 -95
1655 -105
1661 -104
1665 -100
1671 -101
1673 -107
1667 -107
1665 -112
1669 -119
1672 -114
1678 -113
1682 -117
1683 -102
1689 -104
1691 -109
1698 -109
1694 -101
1699 -102
1704 -106
1705 -112
1712 -110
1718 -108
1725 -110
1720 -121
1711 -103
1704 -97
1696 -94
1689 -91
1688 -97
1682 -94
1682 -87
1676 -86
1669 -87
1663 -86
1658 -89
1652 -90
1644 -94
1644 -89
1642 -83
1638 -78
1633 -76
1628 -75
1626 -70
1621 -71
1616 -68
1610 -69
1607 -64
1601 -62
1595 -62
1588 -59
1590 -65
1591 -69
1593 -74
1592 -80
1588 -83
1592 -87
1590 -92
1586 -89
1580 -90
1575 -89
1570 -90
1564 -91
1567 -96
1573 -96
1578 -96
1583 -95
1588 -98
1592 -100
1596 -103
1592 -109
1587 -105
1584 -110
1579 -107
1576 -112
1580 -116
1576 -129
1571 -125
1567 -130
1572 -134
1578 -136
1575 -140
1573 -146
1569 -151
1572 -157
1564 -157
1566 -163
1571 -164
1577 -164
1581 -168
1584 -162
1585 -157
1591 -161
1597 -164
1593 -167
1592 -173
1590 -178
1595 -181
1595 -187
1598 -193
1593 -194
1591 -199
1577 -221
1568 -227
1563 -230
1559 -234
1565 -237
1560 -240
1554 -238
1549 -241
1543 -244
1540 -250
1535 -255
1537 -262
1528 -261
1504 -258
1509 -263
1504 -269
1537 -245
1536 -240
1540 -238
1545 -238
1548 -234
1553 -232
1554 -226
1559 -224
1565 -222
1571 -222
1573 -217
1577 -213
1582 -217
1582 -222
1586 -222
1590 -221
1595 -222
1600 -219
1603 -223
1598 -227
1593 -227
1589 -229
1584 -228
1579 -227
1574 -228
1571 -233
1571 -238
1570 -243
1565 -245
1560 -247
1555 -250
1550 -253
1551 -260
1545 -263
1542 -268
1533 -248
1528 -252
1521 -254
1518 -262
1512 -255
1514 -248
1521 -246
1527 -244
1531 -240
1530 -234
1525 -238
1520 -238
1514 -240
1508 -242
1505 -249
1499 -252
1492 -254
1495 -259
1498 -265
1495 -271
1488 -272
1486 -277
1481 -280
1486 -284
1476 -289
1470 -291
1464 -290
1463 -295
1470 -310
1465 -314
1459 -315
1460 -320
1453 -321
1449 -325
1449 -331
1448 -336
1439 -356
1402 -378
1404 -374
1407 -370
1406 -365
1401 -363
1397 -361
1393 -358
1388 -356
1382 -356
1381 -361
1381 -367
1384 -384
1389 -386
1394 -384
1398 -382
1403 -383
1406 -387
1399 -388
1383 -378
1376 -383
1371 -376
1373 -370
1350 -371
1343 -362
1344 -356
1338 -358
1332 -361
1330 -368
1328 -374
1322 -378
1323 -369
1325 -362
1324 -348
1317 -349
1310 -349
1298 -343
1296 -347
1289 -348
1290 -343
1290 -337
1295 -339
1295 -333
1296 -327
1299 -322
1305 -325
1310 -329
1316 -329
1322 -325
1324 -331
1320 -335
1314 -335
1307 -335
1301 -338
1302 -331
1311 -322
1317 -322
1323 -319
1333 -314
1338 -310
1343 -313
1348 -311
1354 -311
1358 -314
1363 -311
1362 -304
1356 -305
1349 -305
1343 -306
1338 -304
1335 -297
1339 -298
1345 -300
1352 -298
1359 -296
1367 -299
1373 -302
1380 -303
1373 -295
1386 -293
1391 -297
1391 -302
1395 -307
1397 -303
1402 -305
1407 -303
1403 -299
1397 -297
1398 -292
1393 -291
1399 -281
1396 -278
1391 -276
1386 -281
1380 -281
1365 -281
1373 -282
1370 -275
1369 -308
1370 -287
1366 -292
1361 -288
1357 -282
1354 -277
1352 -272
1351 -266
1353 -261
1362 -258
1360 -252
1355 -256
1349 -254
1347 -260
1343 -264
1346 -269
1343 -280
1343 -287
1349 -284
1354 -289
1349 -292
1344 -295
1340 -292
1336 -291
1336 -286
1337 -281
1337 -276
1342 -274
1336 -251
1341 -257
1343 -251
1340 -245
1333 -244
1327 -242
1327 -249
1331 -253
1330 -261
1324 -264
1321 -269
1318 -265
1314 -269
1311 -263
1307 -266
1294 -267
1296 -273
1290 -277
1288 -270
1287 -264
1294 -261
1290 -256
1287 -250
1296 -254
1303 -252
1309 -249
1314 -252
1315 -246
1306 -237
1308 -232
1320 -224
1315 -228
1316 -234
1312 -239
1309 -243
1303 -244
1298 -246
1293 -248
1288 -244
1282 -245
1278 -249
1281 -251
1283 -256
1283 -260
1279 -265
1275 -261
1275 -255
1269 -244
1264 -242
1259 -237
1272 -234
1276 -223
1277 -217
1293 -233
1301 -230
1299 -238
1293 -240
1286 -238
1286 -232
1287 -226
1294 -225
1299 -217
1300 -224
1313 -220
1320 -217
1320 -210
1315 -213
1309 -214
1306 -208
1311 -204
1315 -206
1322 -198
1327 -196
1329 -201
1325 -204
1319 -204
1326 -215
1326 -209
1331 -207
1334 -203
1339 -202
1340 -197
1333 -198
1335 -193
1330 -192
1331 -187
1330 -181
1330 -175
1328 -169
1323 -173
1317 -176
1312 -171
1309 -176
1312 -181
1301 -188
1306 -185
1324 -179
1324 -186
1324 -192
1319 -191
1317 -198
1313 -195
1309 -198
1305 -202
1301 -201
1299 -197
1297 -192
1293 -195
1288 -198
1282 -198
1276 -198
1270 -194
1275 -190
1281 -191
1287 -190
1292 -188
1296 -184
1295 -179
1298 -174
1304 -174
1304 -169
1308 -167
1312 -165
1317 -165
1318 -170
1323 -166
1332 -160
1327 -162
1310 -160
1319 -182
1315 -186
1311 -189
1306 -191
1304 -195
1295 -201
1284 -205
1290 -204
1295 -207
1300 -206
1300 -211
1304 -214
1306 -220
1308 -226
1288 -220
1282 -221
1281 -227
1277 -230
1280 -234
1280 -239
1274 -239
1276 -244
1273 -249
1269 -253
1264 -255
1259 -252
1253 -252
1246 -254
1241 -257
1239 -263
1233 -261
1229 -267
1230 -274
1234 -279
1240 -276
1246 -275
1249 -271
1252 -265
1258 -265
1263 -262
1269 -260
1300 -259
1306 -259
1310 -256
1315 -259
1325 -221
1332 -220
1338 -224
1352 -229
1352 -222
1356 -216
1363 -216
1366 -224
1359 -224
1360 -232
1354 -240
1350 -235
1346 -241
1349 -247
1354 -249
1359 -245
1362 -239
1368 -234
1372 -228
1376 -234
1379 -228
1377 -215
1379 -222
1373 -222
1370 -216
1368 -210
1373 -205
1377 -209
1394 -206
1395 -200
1399 -197
1404 -195
1410 -197
1417 -197
1424 -196
1431 -198
1436 -202
1434 -210
1430 -205
1424 -203
1419 -203
1422 -209
1427 -212
1432 -217
1426 -220
1421 -218
1417 -215
1415 -209
1413 -204
1409 -202
1404 -201
1400 -204
1401 -209
1404 -214
1399 -217
1410 -214
1407 -208
1389 -209
1397 -228
1392 -229
1391 -235
1390 -240
1390 -246
1394 -249
1395 -254
1398 -259
1401 -262
1406 -261
1411 -260
1413 -255
1410 -251
1406 -249
1403 -244
1402 -239
1402 -233
1408 -234
1390 -254
1396 -243
1396 -236
1391 -223
1385 -223
1386 -229
1384 -235
1380 -239
1383 -243
1385 -249
1383 -254
1382 -261
1378 -264
1373 -262
1369 -258
1367 -253
1365 -247
1368 -242
1375 -242
1379 -248
1372 -249
1376 -256
1387 -259
1392 -261
1396 -265
1400 -268
1424 -278
1419 -277
1416 -282
1420 -284
1425 -283
1430 -282
1435 -280
1440 -279
1445 -282
1451 -284
1451 -297
1453 -302
1457 -305
1461 -308
1466 -306
1472 -303
1476 -308
1479 -302
1484 -299
1480 -294
1475 -296
1469 -297
1466 -301
1461 -302
1457 -298
1457 -293
1455 -288
1460 -287
1464 -285
1434 -286
1440 -286
1430 -319
1425 -317
1425 -312
1429 -308
1434 -306
1439 -309
1443 -314
1438 -316
1433 -313
1428 -302
1431 -299
1437 -299
1441 -303
1437 -292
1431 -293
1428 -288
1423 -289
1419 -294
1415 -297
1411 -293
1411 -289
1411 -284
1405 -282
1415 -275
1418 -271
1424 -271
1426 -266
1421 -266
1415 -268
1412 -270
1410 -274
1407 -278
1412 -280
1416 -288
1426 -295
1422 -299
1420 -313
1422 -323
1398 -330
1410 -327
1411 -318
1406 -321
1401 -316
1406 -315
1405 -309
1400 -310
1396 -312
1394 -318
1394 -324
1399 -322
1403 -326
1404 -333
1400 -338
1404 -343
1402 -357
1407 -355
1407 -361
1411 -367
1416 -366
1413 -362
1413 -358
1413 -353
1416 -350
1417 -345
1422 -351
1420 -356
1419 -361
1426 -359
1420 -369
1416 -371
1411 -372
1409 -377
1407 -382
1404 -391
1400 -393
1395 -391
1390 -391
1385 -392
1380 -388
1375 -390
1372 -395
1370 -401
1364 -401
1366 -395
1368 -389
1370 -383
1363 -384
1357 -382
1355 -377
1360 -374
1365 -378
1366 -372
1368 -366
1370 -361
1375 -358
1377 -353
1373 -349
1367 -348
1366 -342
1366 -336
1362 -331
1356 -333
1353 -337
1349 -333
1352 -328
1353 -323
1357 -320
1363 -319
1367 -316
1373 -314
1364 -325
1368 -329
1373 -330
1379 -329
1380 -334
1378 -339
1379 -345
1381 -350
1372 -343
1372 -337
1360 -338
1359 -326
1348 -324
1345 -318
1351 -317
1345 -331
1343 -326
1339 -322
1339 -316
1334 -319
1334 -324
1337 -328
1338 -333
1343 -336
1337 -366
1336 -372
1334 -378
1337 -382
1340 -387
1332 -388
1329 -382
1322 -384
1325 -390
1305 -391
1303 -386
1304 -380
1301 -376
1299 -371
1305 -372
1317 -375
1316 -382
1317 -389
1321 -394
1317 -396
1312 -394
1307 -396
1309 -401
1303 -403
1297 -402
1294 -396
1290 -401
1284 -403
1285 -397
1284 -391
1316 -407
1311 -407
1306 -408
1301 -409
1296 -408
1291 -408
1285 -410
1280 -414
1279 -421
1273 -421
1268 -418
1262 -419
1257 -423
1253 -421
1251 -417
1247 -414
1244 -409
1240 -405
1237 -400
1240 -395
1239 -389
1234 -388
1229 -385
1226 -380
1230 -377
1235 -376
1236 -370
1240 -374
1245 -362
1251 -354
1250 -359
1257 -358
1268 -354
1273 -352
1276 -359
1271 -361
1266 -364
1269 -368
1274 -366
1279 -364
1284 -364
1287 -361
1295 -357
1300 -357
1303 -355
1311 -361
1318 -362
1316 -367
1312 -371
1310 -376
1310 -382
1310 -388
1309 -366
1303 -366
1305 -361
1299 -362
1297 -366
1293 -362
1290 -366
1277 -389
1278 -395
1278 -401
1278 -408
1274 -414
1264 -404
1257 -405
1259 -400
1259 -393
1255 -388
1260 -387
1265 -385
1267 -380
1267 -374
1264 -370
1260 -369
1255 -370
1250 -371
1246 -375
1251 -377
1256 -376
1262 -375
1262 -380
1257 -382
1252 -382
1249 -386
1250 -391
1247 -395
1245 -401
1234 -395
1229 -392
1234 -382
1240 -384
1241 -379
1246 -382
1245 -389
1253 -395
1252 -401
1249 -406
1253 -411
1257 -416
1259 -410
1263 -413
1268 -410
1272 -406
1270 -399
1265 -397
1265 -391
1271 -393
1270 -387
1274 -383
1272 -377
1278 -377
1279 -382
1283 -386
1287 -383
1292 -380
1291 -392
1280 -427
1270 -440
1275 -441
1276 -447
1273 -452
1276 -457
1280 -462
1274 -465
1268 -467
1264 -475
1261 -470
1263 -464
1243 -468
1241 -463
1240 -459
1236 -455
1231 -455
1225 -452
1227 -446
1228 -439
1223 -437
1222 -430
1225 -425
1223 -419
1217 -419
1213 -416
1210 -412
1210 -407
1212 -401
1218 -404
1216 -409
1221 -413
1227 -413
1231 -409
1232 -403
1228 -398
1223 -400
1224 -406
1218 -397
1213 -394
1217 -389
1223 -394
1224 -388
1221 -384
1220 -378
1215 -377
1212 -372
1209 -368
1215 -366
1218 -371
1223 -375
1215 -383
1210 -383
1210 -378
1205 -379
1201 -376
1205 -373
1204 -366
1227 -364
1231 -360
1227 -357
1223 -358
1219 -361
1221 -366
1223 -369
1228 -371
1231 -369
1234 -365
1238 -362
1240 -367
1245 -369
1249 -366
1254 -364
1258 -364
1262 -362
1266 -359
1262 -355
1257 -352
1254 -348
1250 -346
1240 -351
1234 -348
1233 -343
1238 -344
1244 -345
1247 -350
1249 -330
1244 -332
1240 -333
1237 -338
1243 -339
1248 -341
1248 -336
1252 -335
1258 -335
1253 -316
1251 -311
1247 -308
1241 -309
1235 -307
1232 -300
1228 -305
1222 -309
1222 -315
1219 -321
1225 -323
1229 -318
1230 -312
1237 -315
1235 -321
1231 -326
1227 -330
1224 -335
1226 -340
1231 -337
1233 -332
1238 -327
1245 -326
1241 -321
1244 -315
1248 -320
1258 -312
1269 -291
1267 -297
1266 -304
1263 -309
1259 -305
1254 -304
1249 -302
1243 -303
1239 -299
1234 -294
1234 -287
1239 -284
1244 -283
1250 -281
1254 -276
1261 -280
1256 -286
1262 -289
1255 -294
1260 -298
1248 -296
1249 -289
1242 -292
1227 -290
1226 -297
1220 -302
1214 -309
1213 -316
1212 -323
1208 -327
1207 -334
1212 -338
1216 -343
1221 -343
1227 -346
1227 -351
1222 -350
1216 -349
1211 -346
1206 -348
1206 -355
1203 -360
1209 -362
1213 -360
1218 -355
1212 -353
1207 -341
1214 -331
1220 -328
1219 -336
1232 -353
1236 -356
1241 -357
1245 -355
1264 -349
1270 -347
1272 -342
1270 -337
1268 -332
1270 -326
1275 -326
1280 -329
1284 -325
1286 -320
1291 -323
1290 -327
1289 -331
1284 -333
1280 -335
1277 -339
1276 -345
1265 -342
1260 -346
1254 -341
1260 -340
1264 -336
1255 -330
1259 -325
1259 -318
1271 -319
1275 -314
1281 -315
1279 -321
1274 -333
1284 -339
1283 -345
1284 -351
1273 -372
1291 -358
1279 -349
1278 -354
1282 -358
1286 -355
1291 -353
1295 -352
1299 -352
1308 -355
1314 -355
1320 -355
1326 -355
1333 -355
1331 -349
1330 -343
1333 -338
1338 -340
1344 -343
1345 -349
1350 -346
1355 -342
1360 -346
1356 -350
1357 -357
1363 -353
1364 -360
1370 -354
1375 -364
1379 -372
1377 -377
1389 -379
1395 -378
1398 -373
1402 -369
1396 -367
1392 -372
1385 -373
1387 -367
1392 -365
1387 -361
1397 -353
1392 -350
1386 -351
1385 -346
1385 -340
1388 -336
1386 -330
1392 -329
1394 -334
1393 -340
1391 -345
1397 -345
1402 -350
1408 -349
1411 -344
1409 -339
1410 -333
1416 -334
1417 -340
1422 -335
1428 -333
1432 -337
1427 -340
1422 -344
1428 -347
1428 -352
1432 -357
1434 -362
1433 -369
1428 -365
1423 -365
1427 -372
1422 -374
1421 -379
1417 -383
1416 -389
1418 -393
1415 -398
1412 -401
1409 -404
1404 -405
1401 -409
1398 -406
1401 -402
1402 -397
1407 -395
1407 -400
1412 -394
1410 -390
1411 -385
1412 -380
1416 -377
1427 -378
1432 -375
1430 -383
1424 -384
1422 -389
1423 -394
1429 -396
1428 -389
1423 -406
1430 -415
1431 -421
1430 -427
1434 -432
1430 -438
1436 -439
1424 -439
1419 -441
1415 -445
1413 -452
1407 -453
1411 -458
1411 -464
1399 -460
1407 -470
1413 -475
1415 -469
1424 -457
1431 -457
1431 -463
1429 -469
1433 -474
1440 -472
1436 -467
1438 -460
1435 -452
1428 -451
1426 -432
1422 -428
1425 -423
1424 -417
1416 -416
1414 -412
1413 -406
1418 -406
1419 -400
1424 -400
1429 -402
1429 -408
1425 -412
1420 -412
1408 -410
1398 -414
1391 -413
1393 -408
1394 -402
1396 -397
1390 -397
1388 -402
1384 -398
1379 -395
1376 -401
1374 -407
1378 -412
1384 -412
1387 -418
1382 -420
1398 -426
1399 -420
1404 -419
1404 -413
1409 -415
1412 -420
1409 -424
1403 -426
1393 -418
1391 -423
1386 -425
1388 -431
1393 -429
1393 -435
1398 -432
1403 -433
1403 -439
1398 -443
1397 -438
1391 -442
1385 -448
1383 -453
1368 -460
1364 -457
1359 -458
1355 -454
1355 -449
1357 -444
1362 -440
1360 -434
1367 -452
1372 -455
1373 -461
1377 -464
1387 -465
1394 -471
1394 -465
1393 -459
1395 -453
1401 -453
1404 -457
1405 -463
1400 -466
1400 -473
1406 -476
1409 -481
1414 -491
1412 -486
1417 -483
1420 -477
1421 -470
1424 -464
1418 -463
1417 -456
1420 -451
1423 -446
1429 -444
1435 -445
1440 -448
1442 -454
1446 -460
1444 -466
1450 -469
1455 -473
1461 -478
1467 -491
1481 -493
1447 -474
1442 -479
1437 -479
1438 -491
1426 -493
1432 -491
1432 -497
1432 -502
1426 -499
1419 -502
1424 -505
1428 -508
1434 -508
1440 -517
1443 -523
1441 -529
1440 -535
1446 -534
1448 -527
1453 -532
1452 -538
1458 -541
1454 -545
1448 -545
1445 -540
1452 -552
1457 -552
1460 -547
1460 -535
1460 -529
1466 -531
1471 -519
1463 -517
1455 -517
1451 -510
1458 -511
1464 -510
1469 -514
1469 -506
1474 -503
1480 -500
1485 -504
1488 -507
1492 -512
1487 -514
1487 -519
1482 -523
1477 -520
1480 -515
1480 -508
1474 -511
1488 -498
1494 -501
1496 -506
1499 -513
1505 -513
1512 -516
1511 -523
1517 -525
1523 -522
1527 -519
1533 -520
1538 -521
1542 -520
1547 -521
1551 -517
1555 -515
1561 -513
1563 -519
1567 -514
1572 -509
1573 -515
1578 -512
1582 -508
1587 -508
1590 -512
1592 -516
1596 -520
1601 -520
1601 -515
1602 -511
1605 -507
1603 -502
1607 -498
1608 -492
1613 -489
1618 -484
1624 -484
1627 -490
1628 -496
1622 -498
1621 -505
1615 -509
1610 -504
1615 -498
1620 -492
1631 -485
1636 -484
1640 -481
1641 -475
1646 -473
1650 -470
1653 -474
1678 -469
1681 -465
1686 -462
1690 -473
1685 -490
1691 -490
1697 -490
1702 -490
1700 -484
1695 -484
1690 -485
1684 -483
1679 -481
1678 -476
1674 -472
1671 -475
1673 -480
1673 -486
1679 -488
1680 -494
1688 -496
1694 -497
1700 -497
1714 -488
1715 -494
1719 -497
1720 -502
1719 -509
1714 -509
1714 -504
1713 -500
1709 -497
1705 -496
1709 -490
1706 -485
1706 -479
1711 -475
1717 -477
1712 -482
1719 -484
1723 -481
1727 -478
1731 -477
1731 -482
1733 -487
1738 -490
1741 -494
1746 -496
1750 -499
1755 -502
1759 -505
1764 -507
1760 -511
1764 -525
1761 -521
1759 -516
1744 -538
1746 -534
1752 -532
1752 -537
1749 -541
1744 -544
1743 -549
1742 -554
1743 -559
1740 -564
1737 -567
1731 -583
1730 -588
1725 -590
1721 -590
1721 -595
1722 -599
1725 -603
1729 -607
1734 -611
1738 -616
1732 -618
1728 -614
1724 -610
1720 -607
1718 -602
1713 -601
1716 -598
1717 -593
1712 -593
1710 -596
1708 -600
1725 -584
1730 -579
1729 -574
1732 -570
1758 -564
1762 -570
1761 -575
1763 -581
1769 -581
1770 -574
1769 -567
1765 -562
1768 -556
1774 -560
1755 -552
1787 -558
1781 -555
1774 -544
1797 -543
1803 -540
1804 -534
1777 -536
1782 -531
1788 -537
1782 -542
1770 -523
1772 -517
1779 -518
1784 -513
1791 -515
1791 -529
1796 -535
1808 -543
1812 -557
1818 -552
1824 -556
1819 -560
1827 -562
1833 -564
1827 -570
1821 -568
1816 -566
1811 -563
1806 -560
1805 -568
1811 -571
1816 -575
1822 -576
1828 -577
1831 -583
1827 -589
1824 -583
1817 -582
1812 -586
1812 -591
1808 -596
1804 -599
1800 -595
1798 -600
1801 -604
1805 -606
1810 -607
1813 -611
1806 -612
1804 -618
1798 -616
1793 -613
1790 -609
1785 -608
1780 -606
1779 -601
1784 -601
1789 -603
1793 -600
1795 -606
1786 -614
1780 -613
1778 -619
1773 -615
1768 -612
1761 -613
1755 -614
1750 -620
1755 -624
1799 -623
1785 -621
1780 -626
1785 -630
1779 -634
1777 -640
1782 -642
1787 -637
1792 -633
1792 -626
1792 -620
1800 -610
1817 -594
1813 -598
1809 -602
1815 -604
1820 -601
1824 -595
1820 -589
1836 -577
1833 -571
1840 -570
1840 -563
1846 -560
1841 -555
1835 -557
1830 -554
1825 -550
1822 -545
1817 -544
1813 -546
1810 -551
1805 -553
1801 -557
1796 -558
1792 -554
1797 -550
1803 -547
1811 -538
1813 -533
1818 -530
1820 -524
1824 -521
1820 -516
1815 -519
1809 -519
1808 -513
1803 -509
1805 -503
1805 -497
1809 -497
1814 -497
1817 -496
1830 -501
1833 -505
1839 -506
1840 -512
1833 -512
1836 -518
1843 -517
1846 -509
1826 -499
1822 -497
1820 -493
1815 -491
1810 -492
1810 -487
1805 -492
1800 -497
1795 -493
1793 -500
1798 -504
1795 -509
1798 -515
1802 -518
1805 -524
1799 -528
1795 -522
1788 -521
1782 -524
1776 -527
1770 -530
1771 -536
1763 -531
1764 -537
1767 -543
1767 -549
1774 -553
1779 -548
1787 -549
1791 -543
1793 -571
1800 -571
1799 -565
1792 -564
1786 -567
1781 -563
1776 -568
1780 -573
1776 -578
1780 -585
1774 -586
1768 -588
1762 -588
1757 -585
1754 -580
1754 -573
1753 -568
1748 -554
1749 -548
1738 -547
1737 -554
1735 -560
1741 -571
1735 -574
1736 -580
1741 -578
1745 -590
1744 -584
1740 -585
1735 -586
1735 -597
1731 -601
1736 -605
1739 -601
1741 -596
1739 -591
1734 -591
1730 -593
1727 -597
1715 -607
1710 -606
1706 -605
1704 -588
1709 -583
1714 -584
1719 -575
1716 -579
1711 -579
1712 -574
1715 -570
1708 -568
1707 -573
1701 -571
1702 -567
1703 -557
1702 -562
1708 -562
1713 -564
1718 -565
1721 -569
1724 -573
1725 -578
1721 -580
1720 -585
1717 -588
1713 -589
1708 -589
1706 -593
1701 -593
1691 -596
1696 -593
1697 -598
1701 -602
1703 -598
1694 -615
1692 -621
1687 -625
1663 -639
1664 -644
1659 -648
1661 -654
1665 -650
1669 -647
1675 -648
1668 -640
1673 -642
1683 -647
1679 -643
1688 -637
1704 -638
1710 -638
1709 -644
1706 -659
1704 -653
1708 -650
1712 -655
1719 -665
1724 -660
1737 -676
1734 -683
1728 -686
1707 -700
1714 -696
1706 -686
1707 -693
1701 -696
1700 -703
1694 -706
1688 -709
1683 -710
1683 -703
1688 -702
1694 -699
1688 -690
1692 -685
1695 -679
1697 -667
1690 -666
1694 -661
1688 -658
1683 -663
1684 -668
1688 -672
1694 -673
1700 -674
1708 -671
1703 -669
1702 -664
1700 -659
1698 -655
1693 -654
1689 -650
1684 -652
1682 -657
1677 -659
1676 -665
1677 -672
1683 -675
1688 -679
1685 -684
1681 -689
1675 -691
1669 -690
1663 -694
1663 -688
1661 -681
1656 -684
1656 -691
1678 -715
1672 -703
1668 -706
1662 -707
1657 -706
1651 -705
1646 -705
1642 -707
1618 -718
1624 -721
1626 -717
1631 -716
1634 -721
1638 -717
1643 -717
1652 -726
1660 -721
1654 -719
1646 -711
1655 -697
1650 -699
1644 -698
1639 -701
1636 -707
1631 -706
1626 -706
1625 -701
1628 -696
1614 -700
1609 -699
1605 -701
1601 -700
1597 -700
1592 -699
1588 -695
1583 -697
1580 -702
1578 -707
1572 -707
1567 -704
1562 -704
1554 -696
1560 -694
1565 -691
1570 -694
1576 -696
1573 -701
1584 -706
1588 -702
1595 -711
1600 -712
1599 -705
1594 -705
1590 -708
1599 -724
1606 -723
1610 -727
1603 -730
1596 -729
1590 -727
1589 -732
1583 -733
1584 -726
1570 -730
1565 -733
1560 -732
1555 -734
1552 -739
1546 -741
1544 -736
1540 -731
1538 -740
1535 -726
1531 -722
1525 -722
1519 -721
1515 -725
1516 -732
1522 -728
1528 -730
1534 -734
1529 -741
1523 -737
1516 -741
1496 -728
1495 -734
1498 -740
1489 -738
1489 -730
1483 -731
1476 -732
1470 -735
1480 -738
1491 -724
1485 -723
1480 -725
1474 -724
1470 -728
1467 -722
1465 -717
1468 -712
1463 -707
1460 -713
1454 -712
1450 -707
1447 -713
1446 -719
1452 -720
1457 -704
1464 -701
1462 -695
1487 -669
1494 -662
1495 -668
1493 -673
1492 -681
1498 -684
1504 -687
1509 -685
1511 -691
1505 -694
1500 -692
1495 -691
1490 -687
1485 -684
1479 -685
1475 -690
1472 -684
1476 -678
1470 -677
1474 -672
1482 -679
1487 -677
1483 -673
1479 -670
1479 -664
1473 -665
1468 -669
1465 -674
1464 -679
1466 -684
1467 -689
1469 -695
1474 -696
1472 -701
1470 -706
1481 -711
1493 -704
1495 -698
1500 -700
1505 -701
1502 -705
1497 -708
1493 -711
1488 -711
1485 -705
1486 -699
1490 -695
1484 -691
1480 -695
1479 -701
1477 -706
1475 -712
1472 -717
1479 -718
1485 -717
1490 -718
1496 -716
1500 -715
1504 -712
1507 -708
1510 -704
1516 -704
1515 -698
1510 -698
1504 -680
1499 -677
1500 -670
1501 -663
1490 -657
1486 -653
1483 -647
1480 -641
1476 -634
1481 -628
1484 -634
1491 -630
1498 -630
1505 -637
1514 -648
1520 -648
1527 -648
1517 -642
1518 -635
1523 -642
1529 -643
1535 -641
1534 -648
1547 -644
1552 -639
1546 -637
1555 -645
1562 -647
1564 -653
1562 -660
1561 -668
1555 -666
1550 -670
1545 -676
1549 -680
1550 -686
1550 -692
1555 -690
1559 -688
1564 -684
1570 -686
1576 -689
1581 -692
1586 -689
1588 -684
1582 -684
1575 -683
1577 -677
1584 -677
1589 -678
1594 -680
1594 -686
1599 -689
1603 -690
1613 -691
1611 -695
1608 -692
1609 -687
1610 -682
1608 -677
1603 -678
1603 -672
1605 -667
1600 -664
1595 -661
1600 -657
1601 -652
1596 -649
1591 -648
1593 -655
1603 -646
1601 -640
1595 -643
1590 -639
1586 -634
1586 -627
1583 -621
1584 -615
1587 -609
1592 -607
1592 -597
1589 -602
1584 -604
1577 -604
1580 -610
1574 -612
1578 -617
1571 -620
1568 -614
1563 -610
1564 -603
1557 -604
1556 -611
1553 -618
1549 -624
1557 -624
1556 -632
1562 -630
1567 -635
1573 -634
1579 -637
1587 -645
1583 -640
1580 -630
1577 -625
1571 -628
1565 -624
1561 -618
1570 -606
1586 -597
1589 -592
1594 -593
1596 -588
1598 -584
1597 -579
1602 -578
1604 -583
1608 -586
1609 -591
1605 -592
1602 -589
1600 -594
1598 -598
1595 -602
1598 -607
1598 -612
1598 -617
1599 -622
1605 -621
1607 -616
1612 -619
1619 -610
1617 -604
1620 -601
1622 -596
1616 -597
1612 -595
1612 -600
1613 -606
1607 -604
1602 -602
1606 -598
1614 -588
1618 -592
1616 -576
1627 -572
1637 -564
1627 -559
1620 -563
1626 -565
1631 -567
1632 -562
1633 -556
1630 -552
1625 -554
1621 -557
1611 -555
1608 -559
1603 -561
1597 -561
1591 -561
1577 -557
1575 -550
1581 -551
1585 -537
1591 -540
1597 -536
1607 -534
1602 -533
1597 -530
1591 -533
1588 -527
1585 -531
1574 -527
1576 -521
1581 -518
1584 -513
1596 -512
1601 -495
1597 -500
1591 -503
1593 -508
1598 -506
1608 -512
1619 -521
1612 -523
1605 -523
1607 -518
1614 -516
1620 -513
1626 -517
1627 -509
1628 -502
1634 -506
1638 -511
1633 -514
1634 -520
1628 -522
1623 -525
1617 -528
1619 -535
1622 -531
1627 -531
1630 -528
1635 -526
1639 -523
1640 -517
1643 -513
1646 -508
1642 -505
1640 -500
1634 -498
1635 -492
1622 -477
1628 -472
1629 -479
1635 -477
1635 -471
1640 -469
1646 -466
1652 -464
1655 -461
1660 -464
1665 -466
1667 -471
1664 -474
1661 -479
1656 -478
1669 -491
1674 -493
1675 -499
1678 -505
1691 -502
1683 -499
1685 -505
1683 -511
1681 -516
1674 -516
1675 -510
1663 -491
1657 -492
1653 -495
1655 -501
1652 -506
1653 -511
1649 -515
1646 -519
1645 -524
1647 -529
1646 -534
1646 -539
1641 -538
1636 -539
1631 -541
1626 -543
1629 -547
1625 -549
1620 -550
1616 -554
1616 -559
1613 -562
1608 -566
1602 -567
1600 -572
1595 -574
1590 -574
1584 -575
1586 -579
1586 -584
1585 -588
1582 -592
1577 -592
1571 -593
1567 -587
1562 -588
1557 -590
1554 -594
1552 -600
1546 -601
1542 -598
1536 -596
1531 -592
1536 -589
1541 -586
1541 -581
1539 -577
1538 -572
1534 -570
1528 -569
1528 -564
1523 -564
1521 -569
1518 -574
1513 -572
1510 -568
1517 -565
1530 -552
1528 -558
1521 -559
1516 -546
1509 -551
1508 -545
1496 -534
1502 -533
1506 -528
1512 -531
1518 -533
1522 -529
1527 -527
1532 -526
1537 -527
1539 -532
1535 -533
1530 -533
1525 -534
1527 -540
1534 -539
1522 -545
1520 -539
1514 -539
1507 -538
1500 -540
1500 -546
1503 -552
1500 -559
1495 -562
1490 -563
1485 -561
1480 -561
1475 -558
1474 -564
1479 -567
1484 -566
1461 -593
1456 -593
1450 -593
1460 -579
1454 -581
1459 -588
1459 -584
1443 -597
1447 -600
1451 -604
1454 -587
1453 -598
1457 -602
1461 -598
1464 -604
1460 -608
1464 -612
1466 -617
1472 -619
1474 -613
1481 -614
1469 -610
1455 -608
1456 -612
1459 -616
1462 -620
1459 -624
1463 -628
1467 -623
1474 -626
1469 -630
1468 -637
1473 -641
1467 -643
1461 -642
1457 -637
1451 -637
1451 -642
1456 -646
1451 -649
1446 -647
1441 -648
1443 -660
1431 -655
1429 -648
1426 -635
1431 -631
1426 -628
1429 -615
1427 -621
1432 -625
1434 -619
1435 -613
1442 -612
1450 -612
1446 -607
1442 -604
1446 -592
1441 -591
1437 -588
1433 -584
1431 -589
1425 -588
1419 -588
1419 -584
1423 -581
1428 -582
1431 -578
1427 -573
1422 -575
1417 -572
1414 -566
1418 -561
1424 -559
1430 -559
1435 -562
1446 -562
1447 -568
1448 -573
1451 -576
1456 -576
1461 -573
1468 -569
1466 -573
1466 -577
1465 -582
1464 -587
1470 -586
1465 -593
1469 -592
1473 -591
1478 -591
1480 -596
1477 -601
1473 -597
1467 -597
1468 -602
1472 -605
1476 -608
1482 -607
1483 -602
1487 -610
1492 -615
1497 -615
1503 -616
1507 -620
1514 -621
1519 -623
1526 -624
1524 -618
1526 -613
1522 -609
1536 -603
1550 -607
1593 -631
1596 -636
1593 -624
1589 -619
1592 -614
1604 -610
1609 -610
1614 -613
1618 -616
1616 -622
1645 -610
1647 -615
1649 -620
1646 -624
1649 -629
1654 -632
1659 -635
1666 -634
1663 -629
1659 -628
1654 -624
1654 -617
1660 -621
1673 -620
1674 -625
1680 -626
1681 -620
1687 -618
1688 -612
1689 -607
1694 -608
1696 -604
1691 -601
1686 -597
1685 -602
1677 -608
1671 -607
1672 -602
1676 -599
1679 -603
1683 -608
1682 -613
1677 -615
1672 -613
1667 -611
1663 -608
1658 -607
1654 -603
1651 -599
1654 -595
1652 -590
1655 -585
1651 -581
1646 -582
1646 -577
1645 -572
1641 -568
1636 -570
1632 -572
1631 -577
1627 -578
1625 -583
1621 -579
1622 -574
1620 -569
1615 -568
1605 -573
1611 -572
1609 -578
1612 -582
1616 -582
1619 -586
1623 -588
1624 -592
1635 -590
1633 -596
1629 -593
1629 -589
1630 -584
1633 -582
1637 -584
1642 -585
1641 -589
1640 -594
1638 -599
1636 -603
1631 -601
1627 -598
1625 -602
1623 -607
1630 -613
1628 -620
1630 -626
1624 -626
1622 -621
1624 -616
1625 -611
1629 -607
1633 -607
1635 -612
1634 -617
1634 -621
1636 -626
1636 -632
1631 -632
1626 -632
1621 -632
1616 -632
1617 -627
1611 -625
1606 -628
1599 -628
1602 -633
1606 -636
1611 -632
1607 -643
1610 -648
1607 -654
1606 -660
1612 -660
1616 -655
1618 -649
1615 -644
1612 -638
1619 -638
1622 -643
1626 -639
1633 -638
1631 -645
1645 -648
1651 -645
1657 -642
1652 -638
1647 -635
1645 -641
1649 -653
1644 -662
1643 -655
1637 -660
1630 -660
1626 -667
1630 -674
1624 -676
1629 -681
1622 -684
1636 -685
1637 -677
1646 -674
1641 -669
1634 -669
1650 -687
1648 -693
1660 -675
1664 -670
1679 -680
1675 -685
1668 -684
1666 -677
1673 -677
1671 -671
1668 -665
1671 -660
1679 -652
1673 -653
1668 -654
1665 -658
1662 -663
1656 -666
1653 -671
1654 -677
1650 -681
1643 -682
1642 -689
1639 -694
1633 -700
1619 -701
1621 -706
1616 -706
1617 -711
1623 -712
1629 -711
1634 -712
1640 -712
1629 -722
1625 -726
1620 -724
1615 -723
1611 -720
1612 -715
1611 -709
1610 -704
1605 -705
1602 -708
1606 -711
1606 -716
1602 -719
1598 -717
1593 -717
1588 -714
1584 -711
1580 -713
1577 -717
1574 -720
1572 -725
1570 -716
1575 -712
1568 -710
1562 -710
1557 -707
1555 -712
1558 -716
1564 -716
1567 -721
1561 -721
1564 -727
1557 -727
1551 -725
1554 -720
1550 -715
1547 -719
1542 -714
1546 -710
1551 -708
1547 -704
1541 -707
1529 -714
1525 -709
1523 -715
1516 -716
1512 -720
1508 -724
1508 -730
1511 -736
1507 -740
1502 -734
1502 -727
1496 -722
1501 -721
1506 -718
1510 -714
1513 -710
1518 -711
1520 -706
1521 -701
1520 -696
1517 -692
1515 -686
1515 -681
1519 -676
1522 -682
1522 -687
1520 -669
1526 -667
1535 -667
1531 -672
1526 -676
1535 -687
1541 -681
1542 -687
1545 -692
1541 -695
1537 -694
1531 -693
1529 -688
1529 -683
1533 -679
1537 -674
1542 -670
1543 -665
1548 -663
1554 -659
1557 -653
1550 -651
1546 -656
1539 -661
1532 -660
1526 -660
1520 -662
1514 -661
1513 -667
1514 -673
1510 -678
1506 -673
1506 -666
1507 -660
1503 -656
1497 -657
1495 -651
1491 -647
1496 -644
1498 -638
1492 -637
1487 -641
1489 -663
1484 -662
1481 -658
1479 -653
1476 -647
1469 -648
1462 -649
1456 -654
1460 -673
1462 -667
1467 -662
1474 -659
1472 -654
1465 -655
1461 -659
1456 -662
1456 -668
1453 -673
1459 -681
1457 -677
1452 -679
1447 -677
1446 -673
1450 -668
1449 -663
1451 -658
1448 -654
1443 -654
1438 -656
1434 -660
1438 -665
1443 -667
1440 -672
1442 -678
1442 -684
1448 -683
1447 -688
1442 -690
1439 -695
1443 -698
1448 -694
1452 -690
1454 -685
1460 -687
1457 -691
1456 -697
1451 -700
1447 -702
1443 -705
1438 -703
1433 -704
1428 -703
1426 -697
1430 -694
1435 -691
1437 -687
1435 -682
1436 -676
1434 -671
1432 -666
1428 -663
1426 -658
1424 -654
1422 -648
1424 -642
1429 -642
1433 -637
1439 -634
1438 -628
1439 -623
1441 -617
1447 -617
1452 -617
1455 -620
1451 -624
1445 -623
1445 -629
1445 -636
1444 -642
1439 -640
1435 -644
1435 -650
1452 -631
1457 -629
1462 -634
1479 -620
1486 -618
1487 -624
1494 -623
1502 -624
1509 -626
1505 -630
1511 -633
1512 -638
1509 -643
1503 -643
1501 -649
1508 -650
1511 -655
1517 -654
1522 -654
1528 -654
1533 -653
1539 -655
1543 -650
1540 -645
1542 -640
1539 -635
1537 -629
1532 -633
1530 -638
1525 -636
1527 -630
1521 -629
1516 -628
1518 -615
1511 -614
1515 -609
1515 -602
1515 -595
1515 -589
1521 -590
1526 -594
1521 -598
1521 -604
1484 -571
1494 -574
1497 -579
1502 -578
1508 -579
1514 -578
1513 -584
1519 -584
1521 -579
1524 -574
1529 -575
1533 -578
1536 -583
1531 -585
1526 -588
1526 -581
1529 -599
1528 -604
1531 -609
1532 -615
1531 -620
1532 -627
1539 -616
1537 -610
1543 -607
1547 -613
1545 -618
1536 -622
1542 -624
1544 -630
1550 -631
1560 -639
1567 -642
1570 -647
1574 -642
1581 -647
1576 -650
1572 -654
1569 -660
1568 -666
1570 -679
1593 -691
1598 -695
1604 -695
1604 -684
1599 -682
1598 -676
1592 -673
1597 -669
1591 -666
1586 -670
1580 -670
1583 -663
1588 -660
1585 -653
1580 -656
1576 -661
1575 -667
1572 -672
1565 -673
1563 -679
1556 -675
1556 -682
1565 -698
1559 -699
1555 -703
1551 -701
1548 -697
1543 -700
1538 -701
1533 -699
1528 -698
1525 -695
1524 -691
1527 -703
1530 -708
1534 -705
1536 -711
1536 -718
1540 -721
1544 -726
1549 -731
1556 -742
1562 -739
1569 -737
1574 -741
1578 -729
1578 -723
1583 -719
1588 -720
1594 -722
1574 -733
1578 -736
1582 -740
1588 -739
1594 -737
1599 -735
1605 -737
1610 -733
1616 -734
1615 -729
1621 -730
1625 -732
1634 -731
1630 -729
1634 -726
1640 -723
1639 -728
1644 -727
1647 -722
1649 -717
1653 -711
1659 -713
1666 -712
1665 -718
1671 -716
1673 -710
1678 -707
1677 -702
1660 -700
1665 -701
1669 -697
1673 -696
1679 -697
1683 -695
1689 -696
1694 -692
1700 -690
1699 -684
1702 -680
1706 -677
1712 -676
1712 -682
1714 -689
1721 -692
1720 -685
1718 -679
1725 -679
1730 -674
1733 -668
1740 -669
1746 -672
1753 -668
1747 -665
1741 -663
1736 -660
1741 -655
1747 -657
1753 -660
1759 -663
1758 -656
1752 -652
1747 -649
1747 -643
1734 -646
1734 -653
1740 -649
1741 -643
1742 -636
1760 -629
1762 -623
1759 -619
1765 -633
1766 -640
1760 -641
1757 -636
1753 -631
1749 -626
1746 -632
1750 -637
1754 -642
1755 -647
1761 -648
1764 -653
1766 -658
1771 -652
1777 -648
1771 -644
1766 -647
1772 -636
1773 -630
1773 -623
1767 -627
1767 -619
1774 -609
1769 -599
1764 -601
1758 -600
1752 -602
1758 -593
1764 -594
1777 -591
1783 -590
1788 -591
1792 -589
1787 -585
1783 -579
1787 -574
1792 -578
1793 -583
1798 -583
1799 -578
1805 -575
1811 -578
1807 -581
1804 -585
1805 -591
1801 -589
1796 -589
1794 -595
1788 -597
1781 -596
1771 -593
1775 -597
1774 -603
1768 -606
1762 -607
1757 -607
1751 -608
1749 -614
1744 -613
1740 -609
1745 -606
1746 -601
1747 -595
1752 -596
1752 -590
1750 -586
1748 -581
1748 -576
1747 -571
1745 -566
1749 -562
1752 -558
1758 -559
1762 -554
1761 -548
1755 -547
1754 -542
1760 -542
1758 -536
1757 -531
1759 -526
1755 -521
1752 -518
1754 -513
1755 -509
1751 -505
1746 -503
1741 -506
1743 -512
1748 -510
1746 -517
1748 -522
1745 -527
1740 -531
1737 -536
1733 -530
1729 -527
1727 -520
1734 -520
1738 -525
1741 -519
1737 -513
1730 -512
1735 -506
1739 -499
1724 -514
1721 -519
1718 -525
1723 -528
1726 -534
1702 -522
1695 -522
1698 -502
1706 -502
1708 -517
1708 -509
1702 -508
1696 -508
1690 -510
1702 -515
1695 -515
1689 -517
1684 -522
1689 -526
1695 -530
1701 -529
1713 -531
1719 -533
1717 -538
1713 -542
1708 -543
1709 -537
1706 -533
1707 -527
1711 -523
1715 -519
1715 -514
1725 -509
1727 -504
1732 -500
1734 -494
1728 -492
1726 -498
1721 -491
1726 -486
1722 -475
1724 -469
1718 -469
1713 -468
1708 -468
1702 -467
1704 -461
1711 -461
1717 -462
1723 -463
1728 -466
1729 -460
1734 -462
1734 -468
1734 -473
1735 -477
1738 -480
1741 -484
1744 -489
1749 -487
1753 -485
1759 -484
1764 -485
1749 -475
1754 -479
1760 -477
1761 -471
1759 -465
1764 -458
1758 -458
1760 -452
1760 -445
1754 -448
1748 -446
1751 -440
1757 -440
1763 -439
1768 -435
1771 -431
1776 -433
1775 -438
1770 -441
1766 -444
1765 -448
1767 -452
1769 -457
1771 -461
1765 -464
1771 -468
1768 -474
1766 -480
1780 -480
1782 -474
1785 -467
1788 -471
1788 -477
1794 -477
1795 -472
1800 -476
1810 -472
1811 -467
1814 -464
1819 -463
1825 -463
1832 -462
1836 -474
1841 -472
1845 -476
1847 -471
1844 -466
1850 -467
1855 -467
1856 -472
1861 -472
1861 -467
1852 -473
1851 -479
1855 -484
1860 -483
1857 -478
1856 -489
1862 -490
1868 -499
1857 -518
1855 -524
1856 -529
1858 -535
1862 -524
1863 -515
1873 -503
1878 -506
1882 -502
1877 -499
1873 -498
1874 -494
1872 -489
1870 -486
1872 -482
1871 -478
1868 -475
1866 -471
1867 -467
1867 -462
1862 -461
1857 -461
1853 -461
1848 -461
1845 -457
1843 -461
1839 -464
1836 -468
1832 -469
1827 -468
1821 -468
1816 -470
1814 -476
1820 -474
1825 -473
1830 -474
1828 -478
1823 -479
1818 -480
1824 -485
1829 -483
1830 -488
1836 -491
1840 -493
1846 -496
1845 -490
1841 -486
1836 -485
1833 -480
1839 -479
1844 -481
1847 -484
1851 -488
1852 -493
1851 -499
1856 -499
1858 -494
1863 -496
1868 -494
1867 -489
1864 -485
1868 -482
1864 -480
1863 -476
1872 -471
1874 -475
1879 -471
1884 -467
1879 -462
1876 -466
1871 -465
1873 -459
1876 -455
1882 -456
1884 -460
1889 -462
1890 -470
1886 -473
1884 -477
1880 -476
1876 -480
1876 -485
1876 -489
1879 -493
1883 -496
1885 -491
1890 -493
1894 -497
1888 -499
1890 -487
1885 -486
1881 -488
1881 -482
1888 -481
1892 -477
1895 -472
1894 -483
1899 -481
1899 -476
1905 -479
1903 -473
1907 -469
1913 -468
1918 -467
1929 -470
1929 -464
1929 -475
1927 -481
1933 -478
1935 -473
1934 -468
1943 -462
1938 -459
1935 -455
1931 -450
1937 -449
1941 -452
1943 -456
1947 -458
1953 -466
1948 -471
1946 -475
1941 -471
1939 -476
1943 -480
1945 -484
1949 -480
1952 -476
1954 -471
1959 -469
1958 -463
1960 -458
1955 -458
1951 -461
1948 -464
1944 -467
1939 -466
1936 -464
1933 -460
1929 -459
1930 -455
1926 -452
1911 -456
1916 -455
1915 -449
1920 -450
1921 -445
1920 -440
1916 -443
1911 -444
1909 -450
1904 -453
1905 -458
1909 -463
1914 -461
1919 -461
1910 -474
1913 -479
1917 -473
1917 -488
1914 -484
1909 -484
1904 -486
1899 -487
1895 -490
1910 -502
1914 -501
1919 -498
1922 -496
1918 -493
1922 -490
1925 -487
1930 -486
1933 -483
1930 -491
1926 -493
1927 -498
1933 -495
1939 -492
1935 -488
1941 -486
1937 -482
1951 -486
1955 -480
1958 -475
1963 -472
1951 -454
1947 -451
1956 -452
1961 -454
1970 -455
1976 -457
1971 -462
1969 -468
1964 -466
1964 -461
1966 -457
1965 -451
1966 -446
1960 -448
1957 -437
1963 -434
1983 -440
1988 -434
1979 -445
1982 -451
1976 -451
1971 -449
1971 -443
1975 -440
1976 -435
1982 -433
1985 -428
1991 -427
1992 -418
1987 -422
1975 -422
1980 -413
1984 -410
1986 -415
1992 -411
1989 -406
1990 -401
1985 -398
1980 -399
1976 -402
1964 -396
1962 -392
1957 -396
1942 -392
1944 -385
1948 -389
1951 -394
1946 -397
1941 -401
1946 -403
1944 -408
1951 -410
1948 -414
1954 -416
1961 -410
1956 -411
1959 -415
1957 -420
1952 -424
1951 -419
1947 -423
1945 -418
1943 -414
1939 -411
1936 -406
1934 -402
1936 -396
1935 -391
1937 -386
1940 -381
1945 -378
1949 -381
1953 -378
1957 -382
1953 -385
1956 -390
1960 -387
1966 -388
1970 -391
1971 -396
1976 -396
1976 -390
1972 -386
1974 -381
1978 -379
1979 -374
1979 -370
1984 -371
1984 -376
1987 -380
1992 -378
1989 -374
1991 -368
1986 -366
1981 -366
1982 -361
1983 -356
1982 -350
1978 -346
1974 -341
1968 -342
1963 -341
1958 -339
1956 -335
1967 -329
1972 -335
1967 -336
1961 -333
1945 -332
1941 -329
1936 -332
1934 -326
1934 -320
1932 -316
1926 -316
1924 -321
1920 -317
1917 -312
1923 -311
1921 -305
1918 -299
1914 -305
1911 -300
1906 -297
1899 -298
1906 -304
1908 -310
1912 -310
1912 -315
1914 -320
1917 -324
1917 -330
1914 -335
1911 -330
1911 -325
1909 -320
1905 -323
1900 -324
1896 -326
1893 -324
1889 -325
1884 -326
1881 -323
1877 -322
1873 -322
1870 -326
1874 -328
1878 -327
1881 -330
1880 -335
1876 -338
1876 -342
1879 -347
1882 -352
1885 -357
1889 -363
1895 -362
1900 -363
1905 -366
1910 -367
1913 -371
1908 -373
1912 -378
1917 -376
1917 -370
1921 -368
1926 -368
1929 -365
1931 -368
1935 -367
1937 -363
1932 -362
1932 -357
1927 -356
1924 -352
1923 -346
1922 -341
1919 -337
1923 -332
1926 -336
1908 -343
1903 -346
1904 -351
1902 -340
1896 -341
1897 -346
1896 -351
1900 -356
1905 -358
1910 -361
1915 -365
1920 -364
1925 -361
1928 -373
1923 -373
1923 -378
1922 -382
1919 -386
1916 -388
1920 -391
1914 -401
1913 -406
1918 -405
1919 -400
1917 -396
1915 -392
1912 -396
1908 -399
1903 -404
1908 -404
1917 -381
1912 -384
1894 -381
1886 -378
1886 -385
1879 -381
1881 -363
1896 -388
1891 -391
1884 -392
1878 -390
1854 -390
1819 -384
1821 -378
1826 -380
1823 -383
1823 -387
1827 -387
1831 -390
1830 -394
1829 -399
1834 -400
1833 -404
1828 -405
1823 -408
1824 -401
1824 -396
1825 -391
1819 -389
1819 -393
1819 -398
1819 -404
1817 -409
1820 -412
1825 -413
1829 -412
1832 -409
1836 -409
1839 -405
1843 -403
1840 -399
1841 -394
1841 -389
1836 -391
1835 -395
1828 -382
1831 -385
1834 -387
1838 -386
1834 -383
1832 -379
1827 -376
1845 -369
1844 -364
1843 -358
1849 -360
1851 -366
1855 -370
1850 -373
1854 -378
1857 -374
1863 -376
1862 -383
1859 -380
1855 -383
1857 -386
1859 -389
1863 -389
1863 -395
1860 -393
1856 -395
1856 -400
1861 -399
1862 -405
1857 -406
1856 -412
1842 -409
1839 -413
1834 -414
1838 -418
1834 -421
1829 -422
1832 -417
1827 -417
1824 -421
1822 -417
1818 -420
1815 -415
1813 -408
1813 -402
1813 -397
1814 -392
1815 -387
1799 -389
1794 -385
1799 -383
1803 -380
1800 -376
1796 -373
1793 -369
1791 -364
1788 -359
1794 -358
1798 -363
1799 -368
1803 -370
1804 -365
1815 -363
1820 -363
1823 -359
1819 -356
1814 -353
1812 -358
1808 -354
1812 -348
1818 -349
1823 -345
1824 -351
1816 -342
1822 -329
1811 -324
1836 -325
1833 -319
1837 -314
1843 -311
1849 -314
1848 -319
1841 -320
1828 -324
1830 -329
1826 -334
1822 -339
1818 -334
1815 -329
1817 -324
1822 -322
1818 -318
1824 -312
1826 -317
1830 -311
1849 -307
1850 -301
1845 -303
1840 -305
1835 -307
1829 -297
1826 -293
1822 -290
1824 -285
1826 -280
1829 -288
1832 -283
1832 -277
1829 -271
1835 -272
1838 -276
1838 -283
1834 -293
1837 -288
1842 -291
1845 -286
1851 -287
1855 -281
1858 -284
1864 -282
1859 -275
1866 -294
1862 -298
1857 -297
1855 -304
1860 -304
1866 -303
1868 -308
1874 -307
1872 -303
1875 -298
1872 -293
1869 -299
1879 -293
1895 -293
1896 -304
1892 -302
1893 -297
1888 -293
1884 -295
1880 -298
1879 -302
1879 -306
1880 -310
1856 -310
1862 -311
1856 -316
1862 -319
1866 -314
1870 -317
1875 -317
1880 -319
1881 -315
1900 -305
1894 -309
1893 -315
1897 -313
1902 -311
1906 -316
1901 -318
1896 -320
1890 -320
1886 -322
1884 -318
1888 -316
1889 -311
1889 -306
1887 -300
1884 -303
1884 -308
1884 -312
1877 -313
1872 -312
1867 -321
1868 -332
1862 -333
1858 -327
1864 -326
1857 -321
1852 -324
1846 -326
1842 -329
1836 -333
1832 -337
1829 -341
1830 -348
1833 -353
1828 -356
1828 -362
1834 -360
1839 -364
1845 -353
1838 -356
1842 -336
1838 -340
1836 -345
1839 -350
1843 -346
1846 -340
1848 -334
1852 -330
1855 -335
1854 -341
1850 -345
1849 -350
1852 -354
1861 -369
1857 -364
1855 -359
1862 -360
1866 -364
1873 -362
1877 -357
1875 -352
1872 -348
1868 -344
1865 -350
1868 -356
1860 -355
1857 -349
1862 -345
1860 -339
1865 -338
1871 -338
1874 -333
1883 -341
1885 -346
1893 -356
1889 -352
1891 -346
1890 -341
1888 -337
1884 -334
1887 -330
1906 -329
1901 -329
1894 -337
1891 -333
1892 -329
1896 -331
1899 -336
1904 -334
1908 -336
1912 -340
1916 -345
1917 -351
1911 -349
1911 -355
1916 -358
1921 -357
1929 -348
1933 -352
1936 -348
1948 -361
1944 -347
1949 -345
1954 -342
1950 -339
1939 -337
1933 -336
1929 -330
1923 -326
1929 -323
1939 -323
1952 -324
1955 -329
1960 -326
1957 -320
1951 -317
1947 -312
1942 -307
1934 -303
1927 -303
1930 -310
1936 -310
1940 -316
1945 -319
1945 -325
1948 -329
1951 -334
1928 -342
1934 -342
1945 -337
1944 -341
1939 -343
1942 -350
1939 -354
1937 -358
1942 -363
1944 -358
1946 -354
1949 -351
1954 -349
1959 -352
1963 -355
1968 -358
1971 -354
1972 -348
1965 -349
1959 -346
1953 -356
1953 -362
1958 -360
1964 -361
1961 -366
1968 -365
1968 -371
1973 -369
1976 -365
1972 -361
1977 -359
1977 -353
1988 -361
1973 -375
1982 -381
1978 -385
1984 -387
1982 -392
1988 -393
1990 -388
1991 -384
1994 -391
1992 -396
1983 -404
1976 -408
1975 -415
1981 -418
1981 -424
1977 -429
1971 -430
1970 -435
1967 -439
1962 -441
1957 -444
1953 -442
1950 -438
1944 -438
1938 -438
1934 -434
1929 -435
1923 -433
1924 -438
1926 -442
1931 -445
1935 -444
1940 -444
1944 -447
1948 -444
1953 -448
1941 -421
1938 -416
1934 -411
1919 -410
1914 -413
1909 -409
1904 -410
1898 -405
1886 -413
1881 -407
1878 -412
1880 -418
1888 -430
1883 -430
1878 -425
1867 -438
1862 -429
1856 -430
1857 -424
1862 -422
1860 -416
1862 -411
1854 -419
1851 -426
1861 -436
1856 -436
1851 -433
1847 -430
1834 -437
1833 -448
1837 -452
1842 -454
1843 -449
1847 -445
1848 -440
1845 -436
1840 -434
1841 -440
1838 -445
1827 -446
1824 -451
1818 -451
1814 -448
1812 -443
1808 -439
1811 -434
1817 -438
1820 -444
1831 -442
1825 -438
1806 -429
1804 -434
1788 -439
1793 -426
1792 -431
1791 -435
1786 -433
1785 -427
1783 -419
1787 -423
1791 -419
1792 -414
1787 -413
1781 -412
1770 -409
1764 -409
1757 -409
1753 -414
1761 -433
1763 -422
1765 -428
1773 -426
1770 -422
1771 -416
1766 -415
1760 -415
1756 -420
1757 -427
1754 -433
1750 -422
1746 -417
1742 -412
1736 -411
1731 -414
1726 -419
1726 -426
1734 -429
1740 -432
1738 -438
1727 -441
1734 -444
1732 -405
1741 -405
1748 -408
1732 -449
1727 -451
1725 -446
1720 -442
1714 -443
1709 -443
1703 -444
1697 -446
1690 -455
1692 -460
1698 -462
1700 -456
1696 -453
1719 -456
1721 -450
1716 -448
1709 -449
1707 -455
1713 -455
1702 -450
1712 -437
1708 -432
1692 -449
1691 -443
1686 -441
1685 -446
1685 -451
1684 -457
1700 -433
1695 -433
1697 -427
1693 -422
1697 -411
1693 -406
1687 -408
1690 -412
1694 -416
1688 -418
1684 -414
1682 -419
1677 -432
1680 -426
1676 -422
1666 -409
1654 -409
1656 -401
1658 -395
1657 -390
1655 -385
1653 -379
1651 -367
1650 -361
1648 -355
1645 -349
1664 -353
1663 -358
1656 -357
1654 -352
1652 -346
1647 -342
1646 -335
1647 -329
1642 -326
1637 -323
1631 -320
1626 -316
1630 -311
1636 -308
1641 -306
1647 -306
1652 -306
1656 -308
1660 -311
1661 -316
1658 -322
1665 -324
1670 -327
1676 -329
1680 -333
1683 -340
1684 -346
1679 -350
1675 -344
1675 -338
1671 -334
1667 -340
1667 -347
1673 -350
1676 -355
1678 -361
1684 -360
1684 -365
1678 -368
1682 -372
1677 -374
1671 -374
1670 -370
1674 -366
1672 -361
1667 -364
1661 -364
1656 -364
1658 -369
1659 -375
1659 -380
1662 -385
1664 -391
1675 -386
