107
8575 11500
15825 11500
15825 10700
15825 9800
15825 8900
15825 8000
15825 7200
15825 6400
15825 5650
15825 4900
16025 4700
16425 4700
16025 4900
16225 4900
16425 4900
16425 5400
16025 5450
16225 5600
16425 5600
16025 5650
16025 6200
16425 6200
16025 6400
16225 6400
16425 6400
16025 7000
16425 7000
16025 7200
16225 7200
16425 7200
16025 7800
16425 7800
16025 8000
16225 8000
16425 8000
16025 8700
16425 8700
16025 8900
16225 8900
16425 8900
16025 9600
16425 9600
16025 9800
16225 9800
16425 9800
16025 10500
16425 10450
16025 10700
16225 10650
16425 10650
16025 11300
16425 11300
16025 11500
16225 11500
8375 4700
8775 4700
8375 4900
8175 4900
8775 4900
8575 4900
8775 5400
8375 5450
8775 5600
8575 5600
8375 5650
8175 5650
8375 6200
8775 6200
8375 6400
8175 6400
8775 6400
8575 6400
8375 7000
8775 7000
8375 7200
8175 7200
8775 7200
8575 7200
8375 7800
8775 7800
8375 8000
8175 8000
8775 8000
8575 8000
8375 8700
8775 8700
8375 8900
8175 8900
8775 8900
8575 8900
8375 9600
8775 9600
8375 9800
8175 9800
8775 9800
8575 9800
8375 10500
8775 10450
8375 10700
8175 10700
8775 10650
8575 10650
8375 11300
8775 11300
8375 11500
8175 11500
8775 11500
