144
10850 9500
10850 9400
10850 9275
10850 9175
10900 8875
11050 8875
10850 5050
10850 4950
10850 4825
10850 4725
10900 4425
11050 4425
11500 4425
11800 4425
11500 6150
11700 6150
11500 8875
11800 8875
11500 10600
11700 10600
12075 9525
12075 9425
12225 9375
12225 9275
12075 9225
12075 9125
12100 8875
12425 7225
12425 7075
12425 6925
12425 6775
12075 5075
12075 4975
12225 4925
12225 4825
12075 4775
12075 4675
12100 4425
12425 2775
12425 2625
12425 2475
12425 2325
14675 5700
14675 10150
14775 10150
14875 10150
14975 10150
15075 10150
15225 8500
15225 8400
15225 8300
15225 8200
15225 8100
15225 8000
15225 7900
15225 7800
15225 7700
15225 7600
14775 5700
14875 5700
14975 5700
15075 5700
15225 4050
15225 3950
15225 3850
15225 3750
15225 3650
15225 3550
15225 3450
15225 3350
15225 3250
15225 3150
4350 4425
4500 4425
4300 4725
4300 4825
4300 4950
4300 5050
4350 8875
4500 8875
4300 9175
4300 9275
4300 9400
4300 9500
4950 10600
5150 10600
5525 9525
5525 9425
5525 9225
5525 9125
4950 8875
5250 8875
5550 8875
4950 6150
5150 6150
5525 5075
5525 4975
5525 4775
5525 4675
4950 4425
5250 4425
5550 4425
5875 2325
5875 2475
5875 2625
5875 2775
5675 4825
5675 4925
5875 6775
5875 6925
5875 7075
5875 7225
5675 9275
5675 9375
8125 10150
8225 10150
8325 10150
8125 5700
8225 5700
8325 5700
8675 3150
8675 3250
8675 3350
8675 3450
8675 3550
8675 3650
8675 3750
8675 3850
8675 3950
8675 4050
8425 5700
8525 5700
8675 7600
8675 7700
8675 7800
8675 7900
8675 8000
8675 8100
8675 8200
8675 8300
8675 8400
8675 8500
8425 10150
8525 10150
