1817
3.06420e+03 8.21990e+02
3.14039e+03 8.21990e+02
3.14039e+03 8.47400e+02
3.14039e+03 8.72790e+02
3.14039e+03 8.98200e+02
3.14039e+03 9.23590e+02
3.14039e+03 9.49000e+02
3.14039e+03 9.74390e+02
3.14039e+03 9.99800e+02
3.14039e+03 1.02520e+03
3.06420e+03 1.12680e+03
3.06420e+03 1.10141e+03
3.06420e+03 1.02520e+03
3.06420e+03 9.99800e+02
3.01340e+03 9.74390e+02
3.01340e+03 9.49000e+02
3.01340e+03 9.23590e+02
3.01340e+03 8.98200e+02
3.06420e+03 9.74390e+02
3.06420e+03 9.49000e+02
3.06420e+03 9.23590e+02
3.06420e+03 8.98200e+02
3.06420e+03 8.72790e+02
3.06420e+03 8.47400e+02
3.01340e+03 8.21990e+02
3.01340e+03 8.47400e+02
3.01340e+03 8.72790e+02
2.93721e+03 9.49000e+02
2.88641e+03 8.21990e+02
2.88641e+03 8.47400e+02
2.88641e+03 8.72790e+02
2.88641e+03 8.98200e+02
2.88641e+03 9.23590e+02
2.88641e+03 9.49000e+02
2.88641e+03 9.74390e+02
2.93721e+03 9.74390e+02
2.93721e+03 9.23590e+02
2.93721e+03 8.98200e+02
2.93721e+03 8.72790e+02
2.93721e+03 8.47400e+02
2.93721e+03 8.21990e+02
2.93721e+03 7.96600e+02
3.00070e+03 7.33110e+02
3.00070e+03 7.07700e+02
2.96260e+03 7.07700e+02
2.96260e+03 7.33110e+02
2.92449e+03 7.33110e+02
2.92449e+03 7.07700e+02
2.88641e+03 7.07700e+02
2.88641e+03 7.33110e+02
2.84830e+03 7.07700e+02
2.84830e+03 7.33110e+02
2.81020e+03 7.07700e+02
2.81020e+03 7.33110e+02
2.77211e+03 7.07700e+02
2.77211e+03 7.33110e+02
2.73400e+03 7.07700e+02
2.73400e+03 7.33110e+02
2.68320e+03 7.07700e+02
2.68320e+03 7.33110e+02
2.64510e+03 7.07700e+02
2.64510e+03 7.33110e+02
2.68320e+03 7.96600e+02
2.68320e+03 8.21990e+02
2.75939e+03 8.21990e+02
2.75939e+03 8.47400e+02
2.81020e+03 7.96600e+02
2.81020e+03 8.21990e+02
2.81020e+03 8.47400e+02
2.81020e+03 8.72790e+02
2.81020e+03 8.98200e+02
2.81020e+03 9.74390e+02
2.81020e+03 9.49000e+02
2.81020e+03 9.23590e+02
2.75939e+03 8.72790e+02
2.75939e+03 8.98200e+02
2.75939e+03 9.23590e+02
2.75939e+03 9.49000e+02
2.68320e+03 9.99800e+02
2.68320e+03 1.02520e+03
2.75939e+03 9.74390e+02
2.75939e+03 9.99800e+02
2.75939e+03 1.02520e+03
2.73400e+03 1.07600e+03
2.70859e+03 1.07600e+03
2.68320e+03 1.07600e+03
2.68320e+03 1.10141e+03
2.70859e+03 1.10141e+03
2.73400e+03 1.10141e+03
2.70859e+03 1.12680e+03
2.73400e+03 1.15221e+03
2.73400e+03 1.17760e+03
2.81020e+03 1.22840e+03
2.81020e+03 1.20301e+03
2.81020e+03 1.17760e+03
2.81020e+03 1.15221e+03
2.81020e+03 1.12680e+03
2.81020e+03 1.10141e+03
2.73400e+03 1.12680e+03
2.70859e+03 1.15221e+03
2.68320e+03 1.17760e+03
2.68320e+03 1.20301e+03
2.70859e+03 1.22840e+03
2.73400e+03 1.25381e+03
2.70859e+03 1.25381e+03
2.68320e+03 1.25381e+03
2.68320e+03 1.22840e+03
2.70859e+03 1.20301e+03
2.73400e+03 1.22840e+03
2.73400e+03 1.20301e+03
2.70859e+03 1.17760e+03
2.68320e+03 1.15221e+03
2.68320e+03 1.12680e+03
2.63240e+03 1.07600e+03
2.63240e+03 1.10141e+03
2.63240e+03 1.12680e+03
2.63240e+03 1.15221e+03
2.63240e+03 1.17760e+03
2.63240e+03 1.20301e+03
2.63240e+03 1.22840e+03
2.55619e+03 1.22840e+03
2.55619e+03 1.20301e+03
2.55619e+03 1.17760e+03
2.55619e+03 1.15221e+03
2.55619e+03 1.12680e+03
2.55619e+03 1.10141e+03
2.55619e+03 1.07600e+03
2.55619e+03 1.05061e+03
2.63240e+03 9.74390e+02
2.63240e+03 9.49000e+02
2.63240e+03 9.23590e+02
2.68320e+03 9.74390e+02
2.68320e+03 9.49000e+02
2.68320e+03 9.23590e+02
2.68320e+03 8.98200e+02
2.68320e+03 8.72790e+02
2.68320e+03 8.47400e+02
2.63240e+03 8.21990e+02
2.63240e+03 8.47400e+02
2.63240e+03 8.72790e+02
2.63240e+03 8.98200e+02
2.55619e+03 9.74390e+02
2.55619e+03 9.49000e+02
2.55619e+03 9.23590e+02
2.55619e+03 8.98200e+02
2.55619e+03 8.72790e+02
2.55619e+03 8.47400e+02
2.55619e+03 8.21990e+02
2.55619e+03 7.96600e+02
2.60699e+03 7.33110e+02
2.60699e+03 7.07700e+02
2.56891e+03 7.33110e+02
2.56891e+03 7.07700e+02
2.53080e+03 7.07700e+02
2.53080e+03 7.33110e+02
2.49270e+03 7.07700e+02
2.49270e+03 7.33110e+02
2.45461e+03 7.07700e+02
2.45461e+03 7.33110e+02
2.41650e+03 7.07700e+02
2.41650e+03 7.33110e+02
2.42920e+03 7.96600e+02
2.36570e+03 7.07700e+02
2.36570e+03 7.33110e+02
2.32760e+03 7.96600e+02
2.27680e+03 8.21990e+02
2.27680e+03 8.47400e+02
2.27680e+03 8.72790e+02
2.20061e+03 8.21990e+02
2.20061e+03 8.47400e+02
2.20061e+03 8.72790e+02
2.20061e+03 8.98200e+02
2.20061e+03 9.23590e+02
2.27680e+03 8.98200e+02
2.27680e+03 9.23590e+02
2.27680e+03 9.49000e+02
2.27680e+03 9.74390e+02
2.20061e+03 9.74390e+02
2.20061e+03 9.49000e+02
2.14980e+03 9.74390e+02
2.09900e+03 9.99800e+02
2.07359e+03 1.05061e+03
2.04820e+03 1.05061e+03
2.02279e+03 1.05061e+03
1.94660e+03 1.05061e+03
1.97199e+03 1.05061e+03
1.99740e+03 1.05061e+03
2.07359e+03 9.99800e+02
2.04820e+03 9.99800e+02
2.02279e+03 9.99800e+02
1.99740e+03 9.99800e+02
1.97199e+03 9.23590e+02
1.99740e+03 9.23590e+02
2.02279e+03 9.23590e+02
2.04820e+03 9.23590e+02
2.07359e+03 9.23590e+02
2.09900e+03 9.23590e+02
2.09900e+03 8.72790e+02
2.07359e+03 8.72790e+02
2.04820e+03 8.72790e+02
2.02279e+03 8.72790e+02
1.99740e+03 8.72790e+02
1.97199e+03 8.72790e+02
1.94660e+03 8.72790e+02
1.92119e+03 8.72790e+02
1.89580e+03 8.72790e+02
1.87039e+03 8.72790e+02
1.89580e+03 9.23590e+02
1.92119e+03 9.23590e+02
1.94660e+03 9.23590e+02
1.97199e+03 9.99800e+02
1.94660e+03 9.99800e+02
1.92119e+03 9.99800e+02
1.89580e+03 9.99800e+02
1.87039e+03 9.99800e+02
1.79420e+03 1.05061e+03
1.81961e+03 1.05061e+03
1.84500e+03 1.05061e+03
1.87039e+03 1.05061e+03
1.81961e+03 1.12680e+03
1.79420e+03 1.12680e+03
1.76881e+03 1.05061e+03
1.74340e+03 1.05061e+03
1.71801e+03 1.05061e+03
1.66721e+03 1.05061e+03
1.69260e+03 1.05061e+03
1.76881e+03 1.12680e+03
1.74340e+03 1.12680e+03
1.71801e+03 1.12680e+03
1.66721e+03 1.17760e+03
1.69260e+03 1.17760e+03
1.71801e+03 1.17760e+03
1.74340e+03 1.17760e+03
1.69260e+03 1.12680e+03
1.66721e+03 1.12680e+03
1.64180e+03 1.12680e+03
1.56561e+03 1.02520e+03
1.56561e+03 9.99800e+02
1.54020e+03 9.74390e+02
1.54020e+03 9.99800e+02
1.51480e+03 9.74390e+02
1.48939e+03 9.74390e+02
1.46400e+03 9.99800e+02
1.51480e+03 9.99800e+02
1.54020e+03 1.02520e+03
1.56561e+03 1.05061e+03
1.54020e+03 1.05061e+03
1.56561e+03 1.07600e+03
1.56561e+03 1.10141e+03
1.56561e+03 1.12680e+03
1.54020e+03 1.12680e+03
1.56561e+03 1.15221e+03
1.54020e+03 1.15221e+03
1.54020e+03 1.17760e+03
1.51480e+03 1.17760e+03
1.51480e+03 1.15221e+03
1.48939e+03 1.15221e+03
1.46400e+03 1.17760e+03
1.46400e+03 1.15221e+03
1.48939e+03 1.17760e+03
1.54020e+03 1.27920e+03
1.51480e+03 1.27920e+03
1.48939e+03 1.27920e+03
1.46400e+03 1.30461e+03
1.51480e+03 1.30461e+03
1.54020e+03 1.30461e+03
1.56561e+03 1.30461e+03
1.54020e+03 1.33000e+03
1.54020e+03 1.35539e+03
1.56561e+03 1.33000e+03
1.56561e+03 1.35539e+03
1.54020e+03 1.38080e+03
1.56561e+03 1.38080e+03
1.56561e+03 1.40619e+03
1.54020e+03 1.43160e+03
1.54020e+03 1.45699e+03
1.51480e+03 1.45699e+03
1.46400e+03 1.48240e+03
1.48939e+03 1.48240e+03
1.51480e+03 1.48240e+03
1.54020e+03 1.48240e+03
1.56561e+03 1.45699e+03
1.56561e+03 1.43160e+03
1.64180e+03 1.50779e+03
1.66721e+03 1.50779e+03
1.66721e+03 1.55859e+03
1.69260e+03 1.55859e+03
1.71801e+03 1.55859e+03
1.74340e+03 1.55859e+03
1.64180e+03 1.63480e+03
1.66721e+03 1.63480e+03
1.69260e+03 1.63480e+03
1.71801e+03 1.63480e+03
1.74340e+03 1.63480e+03
1.76881e+03 1.63480e+03
1.79420e+03 1.63480e+03
1.76881e+03 1.68561e+03
1.74340e+03 1.68561e+03
1.71801e+03 1.68561e+03
1.69260e+03 1.68561e+03
1.66721e+03 1.68561e+03
1.74340e+03 1.76180e+03
1.71801e+03 1.76180e+03
1.69260e+03 1.76180e+03
1.66721e+03 1.76180e+03
1.64180e+03 1.76180e+03
1.71801e+03 1.81260e+03
1.74340e+03 1.81260e+03
1.76881e+03 1.76180e+03
1.79420e+03 1.76180e+03
1.81961e+03 1.76180e+03
1.92119e+03 1.88881e+03
1.94660e+03 1.88881e+03
1.97199e+03 1.93961e+03
1.97199e+03 1.88881e+03
1.99740e+03 1.88881e+03
2.02279e+03 1.88881e+03
2.04820e+03 1.88881e+03
2.12439e+03 1.93961e+03
2.07359e+03 1.88881e+03
2.07359e+03 1.81260e+03
2.04820e+03 1.81260e+03
2.02279e+03 1.81260e+03
1.99740e+03 1.81260e+03
1.99740e+03 1.76180e+03
1.94660e+03 1.68561e+03
1.97199e+03 1.68561e+03
1.99740e+03 1.68561e+03
2.02279e+03 1.68561e+03
2.04820e+03 1.68561e+03
2.07359e+03 1.68561e+03
2.09900e+03 1.68561e+03
2.09900e+03 1.76180e+03
2.07359e+03 1.76180e+03
2.04820e+03 1.76180e+03
2.02279e+03 1.76180e+03
1.97199e+03 1.81260e+03
1.94660e+03 1.81260e+03
1.97199e+03 1.76180e+03
1.94660e+03 1.76180e+03
1.92119e+03 1.76180e+03
1.81961e+03 1.68561e+03
1.79420e+03 1.68561e+03
1.81961e+03 1.63480e+03
1.84500e+03 1.63480e+03
1.87039e+03 1.63480e+03
1.76881e+03 1.55859e+03
1.79420e+03 1.55859e+03
1.81961e+03 1.55859e+03
1.84500e+03 1.55859e+03
1.87039e+03 1.55859e+03
1.92119e+03 1.50779e+03
1.97199e+03 1.50779e+03
1.94660e+03 1.50779e+03
1.79420e+03 1.43160e+03
1.76881e+03 1.43160e+03
1.79420e+03 1.50779e+03
1.76881e+03 1.50779e+03
1.74340e+03 1.50779e+03
1.71801e+03 1.50779e+03
1.69260e+03 1.50779e+03
1.74340e+03 1.43160e+03
1.71801e+03 1.43160e+03
1.69260e+03 1.43160e+03
1.66721e+03 1.43160e+03
1.64180e+03 1.38080e+03
1.66721e+03 1.38080e+03
1.69260e+03 1.38080e+03
1.71801e+03 1.38080e+03
1.74340e+03 1.38080e+03
1.71801e+03 1.30461e+03
1.74340e+03 1.30461e+03
1.76881e+03 1.30461e+03
1.79420e+03 1.30461e+03
1.87039e+03 1.38080e+03
1.84500e+03 1.38080e+03
1.81961e+03 1.38080e+03
1.79420e+03 1.38080e+03
1.76881e+03 1.38080e+03
1.69260e+03 1.30461e+03
1.66721e+03 1.30461e+03
1.64180e+03 1.25381e+03
1.66721e+03 1.25381e+03
1.69260e+03 1.25381e+03
1.71801e+03 1.25381e+03
1.74340e+03 1.25381e+03
1.76881e+03 1.25381e+03
1.79420e+03 1.25381e+03
1.81961e+03 1.25381e+03
1.84500e+03 1.25381e+03
1.76881e+03 1.17760e+03
1.79420e+03 1.17760e+03
1.81961e+03 1.17760e+03
1.84500e+03 1.17760e+03
1.87039e+03 1.17760e+03
1.84500e+03 1.12680e+03
1.87039e+03 1.12680e+03
1.92119e+03 1.12680e+03
1.94660e+03 1.12680e+03
1.97199e+03 1.12680e+03
1.99740e+03 1.12680e+03
2.02279e+03 1.12680e+03
2.04820e+03 1.12680e+03
1.94660e+03 1.17760e+03
1.97199e+03 1.17760e+03
1.99740e+03 1.17760e+03
2.02279e+03 1.17760e+03
2.04820e+03 1.17760e+03
2.07359e+03 1.17760e+03
2.07359e+03 1.12680e+03
2.09900e+03 1.12680e+03
2.12439e+03 1.12680e+03
2.14980e+03 1.12680e+03
2.09900e+03 1.05061e+03
2.12439e+03 1.05061e+03
2.14980e+03 1.05061e+03
2.20061e+03 1.05061e+03
2.20061e+03 1.07600e+03
2.20061e+03 1.10141e+03
2.20061e+03 1.12680e+03
2.20061e+03 1.15221e+03
2.20061e+03 1.17760e+03
2.20061e+03 1.20301e+03
2.20061e+03 1.22840e+03
2.14980e+03 1.25381e+03
2.09900e+03 1.17760e+03
2.12439e+03 1.17760e+03
2.14980e+03 1.17760e+03
2.27680e+03 1.07600e+03
2.27680e+03 1.10141e+03
2.27680e+03 1.12680e+03
2.27680e+03 1.15221e+03
2.27680e+03 1.17760e+03
2.27680e+03 1.20301e+03
2.27680e+03 1.22840e+03
2.20061e+03 1.30461e+03
2.20061e+03 1.33000e+03
2.20061e+03 1.35539e+03
2.20061e+03 1.38080e+03
2.20061e+03 1.40619e+03
2.27680e+03 1.33000e+03
2.27680e+03 1.35539e+03
2.27680e+03 1.38080e+03
2.27680e+03 1.40619e+03
2.27680e+03 1.43160e+03
2.27680e+03 1.45699e+03
2.27680e+03 1.48240e+03
2.20061e+03 1.48240e+03
2.20061e+03 1.45699e+03
2.20061e+03 1.43160e+03
2.14980e+03 1.38080e+03
2.12439e+03 1.38080e+03
2.09900e+03 1.38080e+03
1.94660e+03 1.30461e+03
1.97199e+03 1.30461e+03
1.99740e+03 1.30461e+03
2.02279e+03 1.30461e+03
2.04820e+03 1.30461e+03
2.07359e+03 1.30461e+03
2.09900e+03 1.30461e+03
2.12439e+03 1.30461e+03
2.14980e+03 1.30461e+03
2.12439e+03 1.25381e+03
2.09900e+03 1.25381e+03
2.07359e+03 1.25381e+03
2.04820e+03 1.25381e+03
2.02279e+03 1.25381e+03
1.99740e+03 1.25381e+03
1.97199e+03 1.25381e+03
1.94660e+03 1.25381e+03
1.92119e+03 1.25381e+03
1.87039e+03 1.25381e+03
1.81961e+03 1.30461e+03
1.84500e+03 1.30461e+03
1.87039e+03 1.30461e+03
1.92119e+03 1.38080e+03
1.94660e+03 1.38080e+03
1.97199e+03 1.38080e+03
1.97199e+03 1.43160e+03
1.94660e+03 1.43160e+03
1.99740e+03 1.38080e+03
2.02279e+03 1.38080e+03
2.04820e+03 1.38080e+03
2.07359e+03 1.38080e+03
2.09900e+03 1.43160e+03
2.07359e+03 1.43160e+03
2.04820e+03 1.43160e+03
2.02279e+03 1.43160e+03
1.99740e+03 1.43160e+03
1.99740e+03 1.50779e+03
2.02279e+03 1.50779e+03
2.04820e+03 1.50779e+03
2.07359e+03 1.50779e+03
2.09900e+03 1.50779e+03
2.20061e+03 1.68561e+03
2.22600e+03 1.68561e+03
2.25141e+03 1.68561e+03
2.27680e+03 1.68561e+03
2.30221e+03 1.68561e+03
2.32760e+03 1.68561e+03
2.32760e+03 1.76180e+03
2.30221e+03 1.76180e+03
2.27680e+03 1.76180e+03
2.25141e+03 1.76180e+03
2.22600e+03 1.76180e+03
2.20061e+03 1.76180e+03
2.17520e+03 1.76180e+03
2.20061e+03 1.81260e+03
2.22600e+03 1.81260e+03
2.25141e+03 1.81260e+03
2.27680e+03 1.81260e+03
2.30221e+03 1.81260e+03
2.32760e+03 1.81260e+03
2.32760e+03 1.88881e+03
2.30221e+03 1.88881e+03
2.25141e+03 1.93961e+03
2.27680e+03 1.93961e+03
2.30221e+03 1.93961e+03
2.27680e+03 1.88881e+03
2.25141e+03 1.88881e+03
2.22600e+03 1.88881e+03
2.20061e+03 1.88881e+03
2.17520e+03 1.88881e+03
2.14980e+03 1.93961e+03
2.17520e+03 1.93961e+03
2.20061e+03 1.93961e+03
2.22600e+03 1.93961e+03
2.30221e+03 2.01580e+03
2.27680e+03 2.01580e+03
2.25141e+03 2.01580e+03
2.22600e+03 2.01580e+03
2.20061e+03 2.01580e+03
2.17520e+03 2.01580e+03
2.14980e+03 2.01580e+03
2.12439e+03 2.01580e+03
2.09900e+03 2.01580e+03
2.04820e+03 2.06660e+03
2.02279e+03 2.06660e+03
1.99740e+03 2.06660e+03
1.99740e+03 2.14279e+03
2.07359e+03 2.21900e+03
2.09900e+03 2.24439e+03
2.14980e+03 2.21900e+03
2.26859e+03 2.23439e+03
2.14980e+03 2.24439e+03
2.12439e+03 2.24439e+03
2.09900e+03 2.21900e+03
2.04820e+03 2.14279e+03
2.02279e+03 2.14279e+03
1.97199e+03 2.06660e+03
1.94660e+03 2.06660e+03
1.92119e+03 2.06660e+03
1.84500e+03 2.01580e+03
1.89580e+03 2.06660e+03
1.87039e+03 2.14279e+03
1.89580e+03 2.14279e+03
1.92119e+03 2.14279e+03
1.94660e+03 2.14279e+03
1.97199e+03 2.14279e+03
2.04820e+03 2.21900e+03
2.04820e+03 2.24439e+03
2.02279e+03 2.21900e+03
1.99740e+03 2.21900e+03
2.02279e+03 2.24439e+03
1.99740e+03 2.24439e+03
1.97199e+03 2.21900e+03
1.94660e+03 2.21900e+03
1.97199e+03 2.24439e+03
1.94660e+03 2.24439e+03
1.92119e+03 2.24439e+03
1.89580e+03 2.21900e+03
1.89580e+03 2.24439e+03
1.87039e+03 2.21900e+03
1.84500e+03 2.24439e+03
1.87039e+03 2.24439e+03
1.84500e+03 2.21900e+03
1.81961e+03 2.21900e+03
1.79420e+03 2.21900e+03
1.71801e+03 2.24439e+03
1.71801e+03 2.21900e+03
1.66721e+03 2.21900e+03
1.66721e+03 2.24439e+03
1.64180e+03 2.21900e+03
1.54020e+03 2.06660e+03
1.51480e+03 2.01580e+03
1.48939e+03 2.01580e+03
1.46400e+03 2.06660e+03
1.48939e+03 2.06660e+03
1.51480e+03 2.06660e+03
1.48939e+03 2.14279e+03
1.51480e+03 2.14279e+03
1.54020e+03 2.14279e+03
1.56561e+03 2.21900e+03
1.56561e+03 2.24439e+03
1.54020e+03 2.24439e+03
1.51480e+03 2.24439e+03
1.51480e+03 2.21900e+03
1.48939e+03 2.21900e+03
1.46400e+03 2.21900e+03
1.46400e+03 2.14279e+03
1.43859e+03 2.14279e+03
1.41320e+03 2.14279e+03
1.38779e+03 2.14279e+03
1.36240e+03 2.14279e+03
1.41320e+03 2.21900e+03
1.43859e+03 2.21900e+03
1.46400e+03 2.24439e+03
1.43859e+03 2.24439e+03
1.41320e+03 2.24439e+03
1.38779e+03 2.21900e+03
1.38779e+03 2.24439e+03
1.36240e+03 2.21900e+03
1.36240e+03 2.24439e+03
1.33699e+03 2.24439e+03
1.31160e+03 2.24439e+03
1.26080e+03 2.24439e+03
1.26080e+03 2.21900e+03
1.28619e+03 2.24439e+03
1.31160e+03 2.21900e+03
1.26080e+03 2.16820e+03
1.26080e+03 2.14279e+03
1.23539e+03 2.14279e+03
1.23539e+03 2.16820e+03
1.21000e+03 2.16820e+03
1.23539e+03 2.21900e+03
1.21000e+03 2.21900e+03
1.10840e+03 2.24439e+03
1.10840e+03 2.21900e+03
1.08301e+03 2.24439e+03
1.13381e+03 2.16820e+03
1.10840e+03 2.16820e+03
1.08301e+03 2.16820e+03
1.08301e+03 2.14279e+03
1.10840e+03 2.14279e+03
1.13381e+03 2.14279e+03
1.15920e+03 2.16820e+03
1.18461e+03 2.16820e+03
1.21000e+03 2.14279e+03
1.18461e+03 2.14279e+03
1.15920e+03 2.14279e+03
1.23539e+03 2.06660e+03
1.26080e+03 2.06660e+03
1.23539e+03 2.04119e+03
1.21000e+03 2.06660e+03
1.21000e+03 2.04119e+03
1.18461e+03 2.06660e+03
1.18461e+03 2.04119e+03
1.18461e+03 2.01580e+03
1.21000e+03 2.01580e+03
1.23539e+03 2.01580e+03
1.18461e+03 1.93961e+03
1.21000e+03 1.93961e+03
1.23539e+03 1.93961e+03
1.36240e+03 2.01580e+03
1.38779e+03 2.06660e+03
1.41320e+03 2.06660e+03
1.43859e+03 2.06660e+03
1.46400e+03 2.01580e+03
1.43859e+03 2.01580e+03
1.41320e+03 2.01580e+03
1.38779e+03 2.01580e+03
1.38779e+03 1.93961e+03
1.41320e+03 1.93961e+03
1.43859e+03 1.93961e+03
1.46400e+03 1.93961e+03
1.48939e+03 1.93961e+03
1.51480e+03 1.93961e+03
1.59100e+03 2.01580e+03
1.61641e+03 2.01580e+03
1.64180e+03 2.01580e+03
1.66721e+03 2.01580e+03
1.69260e+03 2.01580e+03
1.71801e+03 2.01580e+03
1.74340e+03 2.01580e+03
1.74340e+03 1.93961e+03
1.71801e+03 1.93961e+03
1.69260e+03 1.93961e+03
1.66721e+03 1.93961e+03
1.61641e+03 1.88881e+03
1.59100e+03 1.88881e+03
1.61641e+03 1.93961e+03
1.64180e+03 1.93961e+03
1.74340e+03 1.88881e+03
1.71801e+03 1.88881e+03
1.69260e+03 1.88881e+03
1.66721e+03 1.88881e+03
1.64180e+03 1.88881e+03
1.69260e+03 1.81260e+03
1.66721e+03 1.81260e+03
1.64180e+03 1.81260e+03
1.61641e+03 1.81260e+03
1.51480e+03 1.68561e+03
1.48939e+03 1.68561e+03
1.46400e+03 1.68561e+03
1.51480e+03 1.76180e+03
1.48939e+03 1.76180e+03
1.46400e+03 1.76180e+03
1.43859e+03 1.76180e+03
1.41320e+03 1.76180e+03
1.38779e+03 1.76180e+03
1.36240e+03 1.76180e+03
1.38779e+03 1.68561e+03
1.41320e+03 1.68561e+03
1.43859e+03 1.68561e+03
1.36240e+03 1.58400e+03
1.38779e+03 1.58400e+03
1.36240e+03 1.55859e+03
1.38779e+03 1.55859e+03
1.41320e+03 1.58400e+03
1.43859e+03 1.55859e+03
1.46400e+03 1.55859e+03
1.48939e+03 1.45699e+03
1.46400e+03 1.45699e+03
1.43859e+03 1.45699e+03
1.43859e+03 1.48240e+03
1.41320e+03 1.48240e+03
1.38779e+03 1.48240e+03
1.36240e+03 1.45699e+03
1.36240e+03 1.43160e+03
1.38779e+03 1.45699e+03
1.41320e+03 1.45699e+03
1.38779e+03 1.43160e+03
1.36240e+03 1.40619e+03
1.36240e+03 1.38080e+03
1.38779e+03 1.40619e+03
1.38779e+03 1.38080e+03
1.36240e+03 1.35539e+03
1.36240e+03 1.33000e+03
1.38779e+03 1.35539e+03
1.38779e+03 1.33000e+03
1.36240e+03 1.30461e+03
1.38779e+03 1.27920e+03
1.41320e+03 1.30461e+03
1.43859e+03 1.30461e+03
1.43859e+03 1.27920e+03
1.41320e+03 1.27920e+03
1.31160e+03 1.17760e+03
1.31160e+03 1.15221e+03
1.31160e+03 1.12680e+03
1.38779e+03 1.17760e+03
1.41320e+03 1.17760e+03
1.43859e+03 1.15221e+03
1.43859e+03 1.17760e+03
1.41320e+03 1.15221e+03
1.38779e+03 1.15221e+03
1.36240e+03 1.15221e+03
1.36240e+03 1.12680e+03
1.36240e+03 1.10141e+03
1.38779e+03 1.12680e+03
1.38779e+03 1.10141e+03
1.38779e+03 1.07600e+03
1.36240e+03 1.07600e+03
1.36240e+03 1.05061e+03
1.38779e+03 1.05061e+03
1.36240e+03 1.02520e+03
1.38779e+03 1.02520e+03
1.41320e+03 9.99800e+02
1.43859e+03 9.99800e+02
1.43859e+03 9.74390e+02
1.41320e+03 9.74390e+02
1.38779e+03 9.99800e+02
1.38779e+03 9.74390e+02
1.36240e+03 9.99800e+02
1.31160e+03 9.74390e+02
1.31160e+03 9.99800e+02
1.31160e+03 1.05061e+03
1.31160e+03 1.07600e+03
1.23539e+03 1.12680e+03
1.18461e+03 1.17760e+03
1.21000e+03 1.17760e+03
1.23539e+03 1.17760e+03
1.21000e+03 1.12680e+03
1.18461e+03 1.12680e+03
1.15920e+03 1.12680e+03
1.13381e+03 1.12680e+03
1.10840e+03 1.12680e+03
1.08301e+03 1.12680e+03
1.10840e+03 1.17760e+03
1.13381e+03 1.17760e+03
1.15920e+03 1.17760e+03
1.08301e+03 1.25381e+03
1.10840e+03 1.25381e+03
1.13381e+03 1.25381e+03
1.15920e+03 1.25381e+03
1.18461e+03 1.25381e+03
1.21000e+03 1.25381e+03
1.23539e+03 1.25381e+03
1.23539e+03 1.30461e+03
1.21000e+03 1.30461e+03
1.18461e+03 1.30461e+03
1.15920e+03 1.30461e+03
1.13381e+03 1.30461e+03
1.10840e+03 1.30461e+03
1.18461e+03 1.43160e+03
1.21000e+03 1.43160e+03
1.23539e+03 1.43160e+03
1.23539e+03 1.38080e+03
1.21000e+03 1.38080e+03
1.18461e+03 1.38080e+03
1.15920e+03 1.38080e+03
1.13381e+03 1.38080e+03
1.10840e+03 1.38080e+03
1.08301e+03 1.38080e+03
1.10840e+03 1.43160e+03
1.13381e+03 1.43160e+03
1.15920e+03 1.43160e+03
1.08301e+03 1.50779e+03
1.10840e+03 1.50779e+03
1.13381e+03 1.50779e+03
1.15920e+03 1.50779e+03
1.18461e+03 1.50779e+03
1.18461e+03 1.55859e+03
1.21000e+03 1.55859e+03
1.23539e+03 1.55859e+03
1.23539e+03 1.50779e+03
1.21000e+03 1.50779e+03
1.15920e+03 1.55859e+03
1.13381e+03 1.55859e+03
1.10840e+03 1.55859e+03
1.08301e+03 1.63480e+03
1.10840e+03 1.63480e+03
1.13381e+03 1.63480e+03
1.15920e+03 1.63480e+03
1.18461e+03 1.63480e+03
1.21000e+03 1.63480e+03
1.23539e+03 1.63480e+03
1.23539e+03 1.68561e+03
1.21000e+03 1.68561e+03
1.18461e+03 1.68561e+03
1.15920e+03 1.68561e+03
1.13381e+03 1.68561e+03
1.10840e+03 1.68561e+03
1.18461e+03 1.81260e+03
1.21000e+03 1.81260e+03
1.23539e+03 1.81260e+03
1.23539e+03 1.76180e+03
1.21000e+03 1.76180e+03
1.18461e+03 1.76180e+03
1.15920e+03 1.76180e+03
1.13381e+03 1.76180e+03
1.10840e+03 1.76180e+03
1.08301e+03 1.76180e+03
1.10840e+03 1.81260e+03
1.13381e+03 1.81260e+03
1.15920e+03 1.81260e+03
1.08301e+03 1.88881e+03
1.10840e+03 1.88881e+03
1.13381e+03 1.88881e+03
1.15920e+03 1.88881e+03
1.18461e+03 1.88881e+03
1.23539e+03 1.88881e+03
1.21000e+03 1.88881e+03
1.15920e+03 1.93961e+03
1.13381e+03 1.93961e+03
1.10840e+03 1.93961e+03
1.08301e+03 2.01580e+03
1.10840e+03 2.04119e+03
1.08301e+03 2.04119e+03
1.10840e+03 2.01580e+03
1.13381e+03 2.01580e+03
1.15920e+03 2.04119e+03
1.15920e+03 2.01580e+03
1.13381e+03 2.04119e+03
1.10840e+03 2.06660e+03
1.13381e+03 2.06660e+03
1.15920e+03 2.06660e+03
1.05760e+03 2.21900e+03
1.03221e+03 2.21900e+03
1.05760e+03 2.24439e+03
1.00680e+03 2.21900e+03
1.00680e+03 2.24439e+03
9.81410e+02 2.21900e+03
9.81410e+02 2.24439e+03
9.56000e+02 2.24439e+03
9.30610e+02 2.21900e+03
9.30610e+02 2.24439e+03
9.56000e+02 2.21900e+03
1.03221e+03 2.14279e+03
1.00680e+03 2.14279e+03
9.81410e+02 2.14279e+03
1.03221e+03 2.06660e+03
1.00680e+03 2.06660e+03
9.81410e+02 2.06660e+03
9.56000e+02 2.06660e+03
1.00680e+03 2.01580e+03
9.81410e+02 2.01580e+03
9.56000e+02 2.01580e+03
9.30610e+02 2.01580e+03
9.05200e+02 2.01580e+03
8.79800e+02 2.01580e+03
8.54390e+02 2.01580e+03
8.79800e+02 2.06660e+03
9.05200e+02 2.06660e+03
9.30610e+02 2.06660e+03
9.56000e+02 2.14279e+03
9.30610e+02 2.14279e+03
9.05200e+02 2.14279e+03
8.79800e+02 2.14279e+03
8.54390e+02 2.14279e+03
8.03590e+02 2.16820e+03
7.78200e+02 2.16820e+03
8.79800e+02 2.19359e+03
8.54390e+02 2.19359e+03
8.03590e+02 2.24439e+03
7.78200e+02 2.24439e+03
7.52790e+02 2.24439e+03
7.27400e+02 2.24439e+03
7.01990e+02 2.24439e+03
6.76600e+02 2.24439e+03
6.51190e+02 2.24439e+03
6.76600e+02 2.16820e+03
7.01990e+02 2.16820e+03
7.27400e+02 2.16820e+03
7.52790e+02 2.16820e+03
7.27400e+02 2.14279e+03
7.01990e+02 2.14279e+03
6.76600e+02 2.14279e+03
6.51190e+02 2.14279e+03
6.25800e+02 2.14279e+03
6.00390e+02 2.14279e+03
5.75000e+02 2.14279e+03
6.00390e+02 2.06660e+03
6.25800e+02 2.06660e+03
6.51190e+02 2.06660e+03
6.76600e+02 2.06660e+03
7.01990e+02 2.06660e+03
7.27400e+02 2.06660e+03
7.27400e+02 2.01580e+03
7.01990e+02 2.01580e+03
6.76600e+02 2.01580e+03
6.51190e+02 2.01580e+03
6.25800e+02 2.01580e+03
6.00390e+02 2.01580e+03
5.75000e+02 2.01580e+03
6.00390e+02 1.93961e+03
6.25800e+02 1.93961e+03
6.51190e+02 1.93961e+03
6.76600e+02 1.93961e+03
7.01990e+02 1.93961e+03
7.27400e+02 1.93961e+03
7.27400e+02 1.88881e+03
7.01990e+02 1.88881e+03
6.76600e+02 1.88881e+03
6.51190e+02 1.88881e+03
6.25800e+02 1.88881e+03
6.00390e+02 1.88881e+03
5.75000e+02 1.88881e+03
6.51190e+02 1.81260e+03
6.25800e+02 1.81260e+03
6.00390e+02 1.81260e+03
6.00390e+02 1.76180e+03
5.75000e+02 1.76180e+03
6.25800e+02 1.76180e+03
6.51190e+02 1.76180e+03
6.76600e+02 1.76180e+03
6.76600e+02 1.81260e+03
7.01990e+02 1.81260e+03
7.27400e+02 1.81260e+03
7.27400e+02 1.76180e+03
7.01990e+02 1.76180e+03
6.51190e+02 1.68561e+03
6.25800e+02 1.68561e+03
6.00390e+02 1.68561e+03
5.75000e+02 1.63480e+03
6.00390e+02 1.63480e+03
6.25800e+02 1.63480e+03
6.51190e+02 1.63480e+03
6.76600e+02 1.63480e+03
7.01990e+02 1.63480e+03
6.76600e+02 1.68561e+03
7.01990e+02 1.68561e+03
7.27400e+02 1.68561e+03
7.27400e+02 1.63480e+03
7.27400e+02 1.55859e+03
7.01990e+02 1.55859e+03
6.76600e+02 1.55859e+03
6.51190e+02 1.55859e+03
6.00390e+02 1.55859e+03
6.25800e+02 1.55859e+03
7.27400e+02 1.50779e+03
7.01990e+02 1.50779e+03
6.76600e+02 1.50779e+03
6.51190e+02 1.50779e+03
6.25800e+02 1.50779e+03
6.00390e+02 1.50779e+03
5.75000e+02 1.50779e+03
6.00390e+02 1.43160e+03
6.25800e+02 1.43160e+03
6.51190e+02 1.43160e+03
6.00390e+02 1.38080e+03
5.75000e+02 1.38080e+03
6.25800e+02 1.38080e+03
6.51190e+02 1.38080e+03
6.76600e+02 1.38080e+03
6.76600e+02 1.43160e+03
7.01990e+02 1.43160e+03
7.27400e+02 1.43160e+03
7.27400e+02 1.38080e+03
7.01990e+02 1.38080e+03
6.00390e+02 1.30461e+03
6.00390e+02 1.25381e+03
5.75000e+02 1.25381e+03
6.25800e+02 1.30461e+03
6.51190e+02 1.30461e+03
6.76600e+02 1.30461e+03
7.01990e+02 1.30461e+03
7.27400e+02 1.30461e+03
7.52790e+02 1.25381e+03
7.27400e+02 1.25381e+03
7.01990e+02 1.25381e+03
6.76600e+02 1.25381e+03
6.51190e+02 1.25381e+03
6.25800e+02 1.25381e+03
6.00390e+02 1.17760e+03
6.25800e+02 1.17760e+03
6.51190e+02 1.17760e+03
6.76600e+02 1.17760e+03
7.01990e+02 1.17760e+03
7.27400e+02 1.17760e+03
7.52790e+02 1.17760e+03
7.27400e+02 1.10141e+03
7.27400e+02 1.05061e+03
6.25800e+02 8.98200e+02
6.51190e+02 8.72790e+02
6.25800e+02 8.72790e+02
5.75000e+02 8.72790e+02
5.49610e+02 8.98200e+02
5.49610e+02 8.72790e+02
6.51190e+02 7.33110e+02
6.51190e+02 7.07700e+02
6.76600e+02 7.33110e+02
6.76600e+02 7.07700e+02
7.78200e+02 7.96600e+02
8.03590e+02 7.96600e+02
8.03590e+02 8.21990e+02
8.79800e+02 7.96600e+02
7.78200e+02 8.98200e+02
8.54390e+02 8.72790e+02
8.79800e+02 8.72790e+02
9.05200e+02 8.72790e+02
9.30610e+02 8.72790e+02
8.79800e+02 1.05061e+03
9.05200e+02 1.05061e+03
9.30610e+02 1.12680e+03
9.05200e+02 1.12680e+03
8.79800e+02 1.12680e+03
8.54390e+02 1.12680e+03
8.79800e+02 1.17760e+03
9.05200e+02 1.17760e+03
9.30610e+02 1.25381e+03
9.05200e+02 1.25381e+03
8.79800e+02 1.25381e+03
8.54390e+02 1.25381e+03
8.79800e+02 1.30461e+03
9.05200e+02 1.30461e+03
9.05200e+02 1.38080e+03
8.79800e+02 1.38080e+03
8.54390e+02 1.38080e+03
8.79800e+02 1.43160e+03
9.05200e+02 1.43160e+03
8.54390e+02 1.50779e+03
8.79800e+02 1.50779e+03
9.05200e+02 1.50779e+03
8.79800e+02 1.55859e+03
9.05200e+02 1.55859e+03
9.30610e+02 1.55859e+03
8.54390e+02 1.63480e+03
8.79800e+02 1.63480e+03
9.05200e+02 1.63480e+03
9.30610e+02 1.63480e+03
9.30610e+02 1.68561e+03
9.05200e+02 1.68561e+03
8.79800e+02 1.68561e+03
9.05200e+02 1.76180e+03
8.79800e+02 1.76180e+03
8.54390e+02 1.76180e+03
9.05200e+02 1.81260e+03
8.79800e+02 1.81260e+03
8.54390e+02 1.88881e+03
8.79800e+02 1.88881e+03
9.05200e+02 1.88881e+03
8.79800e+02 1.93961e+03
9.05200e+02 1.93961e+03
9.30610e+02 1.93961e+03
9.56000e+02 1.93961e+03
9.81410e+02 1.93961e+03
1.00680e+03 1.93961e+03
1.00680e+03 1.88881e+03
9.81410e+02 1.88881e+03
9.56000e+02 1.88881e+03
9.30610e+02 1.88881e+03
1.00680e+03 1.81260e+03
9.81410e+02 1.81260e+03
9.56000e+02 1.81260e+03
9.30610e+02 1.81260e+03
1.00680e+03 1.76180e+03
9.81410e+02 1.76180e+03
9.56000e+02 1.76180e+03
9.30610e+02 1.76180e+03
9.56000e+02 1.68561e+03
9.81410e+02 1.68561e+03
1.00680e+03 1.68561e+03
9.56000e+02 1.63480e+03
9.81410e+02 1.63480e+03
1.00680e+03 1.63480e+03
1.00680e+03 1.55859e+03
9.81410e+02 1.55859e+03
9.56000e+02 1.55859e+03
1.03221e+03 1.50779e+03
1.00680e+03 1.50779e+03
9.81410e+02 1.50779e+03
9.56000e+02 1.50779e+03
9.30610e+02 1.50779e+03
9.30610e+02 1.43160e+03
9.56000e+02 1.43160e+03
9.81410e+02 1.43160e+03
1.00680e+03 1.43160e+03
1.03221e+03 1.43160e+03
1.00680e+03 1.38080e+03
9.81410e+02 1.38080e+03
9.56000e+02 1.38080e+03
9.30610e+02 1.38080e+03
9.30610e+02 1.30461e+03
9.56000e+02 1.30461e+03
9.81410e+02 1.30461e+03
1.00680e+03 1.30461e+03
9.56000e+02 1.25381e+03
9.81410e+02 1.25381e+03
1.00680e+03 1.25381e+03
1.00680e+03 1.17760e+03
9.81410e+02 1.17760e+03
9.56000e+02 1.17760e+03
9.30610e+02 1.17760e+03
9.56000e+02 1.12680e+03
9.81410e+02 1.12680e+03
1.03221e+03 1.12680e+03
1.00680e+03 1.12680e+03
9.30610e+02 1.05061e+03
9.56000e+02 1.05061e+03
9.81410e+02 1.05061e+03
1.00680e+03 1.05061e+03
1.03221e+03 1.05061e+03
1.10840e+03 1.05061e+03
1.13381e+03 1.05061e+03
1.15920e+03 1.05061e+03
1.18461e+03 1.05061e+03
1.21000e+03 1.05061e+03
1.23539e+03 1.05061e+03
1.23539e+03 9.99800e+02
1.08301e+03 9.99800e+02
9.56000e+02 8.72790e+02
1.00680e+03 8.72790e+02
9.81410e+02 8.72790e+02
9.05200e+02 7.96600e+02
9.30610e+02 7.96600e+02
9.56000e+02 7.96600e+02
9.81410e+02 7.96600e+02
1.00680e+03 7.96600e+02
1.08301e+03 8.72790e+02
1.10840e+03 8.72790e+02
1.13381e+03 8.72790e+02
1.15920e+03 8.72790e+02
1.18461e+03 8.72790e+02
1.21000e+03 8.72790e+02
1.23539e+03 8.72790e+02
1.23539e+03 9.23590e+02
1.10840e+03 7.96600e+02
1.13381e+03 7.96600e+02
1.15920e+03 7.96600e+02
1.18461e+03 7.96600e+02
1.21000e+03 7.96600e+02
1.23539e+03 7.96600e+02
1.26080e+03 8.72790e+02
1.28619e+03 8.72790e+02
1.31160e+03 8.72790e+02
1.36240e+03 8.72790e+02
1.38779e+03 8.72790e+02
1.26080e+03 7.96600e+02
1.28619e+03 7.96600e+02
1.31160e+03 7.96600e+02
1.38779e+03 7.96600e+02
1.41320e+03 7.96600e+02
1.41320e+03 8.72790e+02
1.43859e+03 8.72790e+02
1.46400e+03 8.72790e+02
1.48939e+03 8.72790e+02
1.51480e+03 8.72790e+02
1.54020e+03 8.72790e+02
1.59100e+03 8.72790e+02
1.56561e+03 8.72790e+02
1.43859e+03 7.96600e+02
1.46400e+03 7.96600e+02
1.48939e+03 7.96600e+02
1.51480e+03 7.96600e+02
1.54020e+03 7.96600e+02
1.56561e+03 7.96600e+02
1.59100e+03 7.96600e+02
1.74340e+03 7.07700e+02
1.76881e+03 7.07700e+02
1.74340e+03 7.33110e+02
1.76881e+03 7.33110e+02
1.81961e+03 7.07700e+02
1.81961e+03 7.33110e+02
1.85770e+03 7.07700e+02
1.85770e+03 7.33110e+02
1.93391e+03 7.33110e+02
1.93391e+03 7.07700e+02
1.97199e+03 7.07700e+02
1.97199e+03 7.33110e+02
2.01010e+03 7.07700e+02
2.01010e+03 7.33110e+02
2.04820e+03 7.07700e+02
2.04820e+03 7.33110e+02
1.89580e+03 7.96600e+02
1.92119e+03 7.96600e+02
1.94660e+03 7.96600e+02
1.97199e+03 7.96600e+02
1.99740e+03 7.96600e+02
2.02279e+03 7.96600e+02
2.04820e+03 7.96600e+02
2.07359e+03 7.96600e+02
2.09900e+03 7.96600e+02
2.08631e+03 7.33110e+02
2.08631e+03 7.07700e+02
2.13711e+03 7.07700e+02
2.13711e+03 7.33110e+02
2.17520e+03 7.07700e+02
2.17520e+03 7.33110e+02
2.20061e+03 7.96600e+02
2.21330e+03 7.07700e+02
2.21330e+03 7.33110e+02
2.25141e+03 7.07700e+02
2.25141e+03 7.33110e+02
2.28949e+03 7.07700e+02
2.28949e+03 7.33110e+02
2.32760e+03 7.07700e+02
2.32760e+03 7.33110e+02
2.32760e+03 8.21990e+02
2.32760e+03 8.47400e+02
2.32760e+03 8.72790e+02
2.32760e+03 8.98200e+02
2.32760e+03 9.74390e+02
2.32760e+03 9.49000e+02
2.32760e+03 9.23590e+02
2.40381e+03 8.47400e+02
2.40381e+03 8.21990e+02
2.42920e+03 8.21990e+02
2.42920e+03 8.47400e+02
2.40381e+03 8.72790e+02
2.42920e+03 8.72790e+02
2.40381e+03 8.98200e+02
2.42920e+03 8.98200e+02
2.50539e+03 8.21990e+02
2.50539e+03 8.47400e+02
2.50539e+03 8.72790e+02
2.50539e+03 8.98200e+02
2.50539e+03 9.23590e+02
2.50539e+03 9.49000e+02
2.50539e+03 9.74390e+02
2.42920e+03 9.23590e+02
2.40381e+03 9.23590e+02
2.40381e+03 9.49000e+02
2.42920e+03 9.49000e+02
2.42920e+03 9.74390e+02
2.40381e+03 9.74390e+02
2.32760e+03 1.05061e+03
2.32760e+03 1.07600e+03
2.32760e+03 1.10141e+03
2.32760e+03 1.12680e+03
2.32760e+03 1.22840e+03
2.32760e+03 1.20301e+03
2.32760e+03 1.17760e+03
2.32760e+03 1.15221e+03
2.40381e+03 1.07600e+03
2.42920e+03 1.05061e+03
2.42920e+03 1.07600e+03
2.42920e+03 1.10141e+03
2.42920e+03 1.12680e+03
2.40381e+03 1.10141e+03
2.40381e+03 1.12680e+03
2.42920e+03 1.15221e+03
2.50539e+03 1.07600e+03
2.50539e+03 1.10141e+03
2.50539e+03 1.12680e+03
2.50539e+03 1.15221e+03
2.50539e+03 1.17760e+03
2.50539e+03 1.20301e+03
2.50539e+03 1.22840e+03
2.42920e+03 1.17760e+03
2.40381e+03 1.15221e+03
2.40381e+03 1.17760e+03
2.42920e+03 1.20301e+03
2.42920e+03 1.22840e+03
2.40381e+03 1.20301e+03
2.40381e+03 1.22840e+03
2.32760e+03 1.30461e+03
2.32760e+03 1.33000e+03
2.32760e+03 1.35539e+03
2.32760e+03 1.38080e+03
2.32760e+03 1.40619e+03
2.32760e+03 1.48240e+03
2.32760e+03 1.45699e+03
2.32760e+03 1.43160e+03
2.40381e+03 1.35539e+03
2.40381e+03 1.33000e+03
2.42920e+03 1.30461e+03
2.42920e+03 1.33000e+03
2.42920e+03 1.35539e+03
2.40381e+03 1.38080e+03
2.42920e+03 1.38080e+03
2.40381e+03 1.40619e+03
2.42920e+03 1.40619e+03
2.40381e+03 1.43160e+03
2.42920e+03 1.43160e+03
2.40381e+03 1.45699e+03
2.40381e+03 1.48240e+03
2.42920e+03 1.48240e+03
2.42920e+03 1.45699e+03
2.50539e+03 1.38080e+03
2.50539e+03 1.35539e+03
2.50539e+03 1.33000e+03
2.55619e+03 1.30461e+03
2.55619e+03 1.33000e+03
2.55619e+03 1.35539e+03
2.55619e+03 1.38080e+03
2.55619e+03 1.40619e+03
2.55619e+03 1.43160e+03
2.55619e+03 1.45699e+03
2.50539e+03 1.40619e+03
2.50539e+03 1.43160e+03
2.50539e+03 1.45699e+03
2.50539e+03 1.48240e+03
2.55619e+03 1.48240e+03
2.63240e+03 1.33000e+03
2.63240e+03 1.35539e+03
2.63240e+03 1.38080e+03
2.63240e+03 1.40619e+03
2.63240e+03 1.43160e+03
2.63240e+03 1.45699e+03
2.63240e+03 1.48240e+03
2.55619e+03 1.55859e+03
2.53080e+03 1.55859e+03
2.50539e+03 1.55859e+03
2.48000e+03 1.55859e+03
2.45461e+03 1.55859e+03
2.42920e+03 1.55859e+03
2.55619e+03 1.63480e+03
2.53080e+03 1.63480e+03
2.50539e+03 1.63480e+03
2.48000e+03 1.63480e+03
2.45461e+03 1.63480e+03
2.42920e+03 1.63480e+03
2.40381e+03 1.63480e+03
2.48000e+03 1.68561e+03
2.45461e+03 1.68561e+03
2.42920e+03 1.68561e+03
2.40381e+03 1.76180e+03
2.42920e+03 1.76180e+03
2.45461e+03 1.76180e+03
2.48000e+03 1.76180e+03
2.50539e+03 1.76180e+03
2.50539e+03 1.68561e+03
2.53080e+03 1.68561e+03
2.55619e+03 1.68561e+03
2.53080e+03 1.76180e+03
2.55619e+03 1.76180e+03
2.68320e+03 1.81260e+03
2.70859e+03 1.81260e+03
2.70859e+03 1.86340e+03
2.68320e+03 1.86340e+03
2.65779e+03 1.86340e+03
2.63240e+03 1.86340e+03
2.70859e+03 1.93961e+03
2.68320e+03 1.93961e+03
2.65779e+03 1.93961e+03
2.63240e+03 1.93961e+03
2.60699e+03 1.93961e+03
2.32760e+03 1.93961e+03
2.32760e+03 2.01580e+03
2.45461e+03 2.14279e+03
2.48000e+03 2.14279e+03
2.50539e+03 2.14279e+03
2.48000e+03 2.16820e+03
2.45461e+03 2.16820e+03
2.42920e+03 2.14279e+03
2.40381e+03 2.14279e+03
2.42920e+03 2.16820e+03
2.40381e+03 2.16820e+03
2.37840e+03 2.16820e+03
2.35301e+03 2.16820e+03
2.37840e+03 2.14279e+03
2.35301e+03 2.14279e+03
2.32760e+03 2.14279e+03
2.32760e+03 2.16820e+03
2.32760e+03 2.21900e+03
2.32760e+03 2.24439e+03
2.35301e+03 2.24439e+03
2.37840e+03 2.24439e+03
2.35301e+03 2.21900e+03
2.37840e+03 2.21900e+03
2.40381e+03 2.24439e+03
2.42920e+03 2.24439e+03
2.40381e+03 2.21900e+03
2.42920e+03 2.21900e+03
2.45461e+03 2.24439e+03
2.48000e+03 2.24439e+03
2.45461e+03 2.21900e+03
2.48000e+03 2.21900e+03
2.50539e+03 2.24439e+03
2.50539e+03 2.21900e+03
2.50539e+03 2.16820e+03
2.53080e+03 2.16820e+03
2.53080e+03 2.21900e+03
2.55619e+03 2.24439e+03
2.53080e+03 2.24439e+03
2.55619e+03 2.21900e+03
2.58160e+03 2.24439e+03
2.60699e+03 2.24439e+03
2.58160e+03 2.21900e+03
2.60699e+03 2.21900e+03
2.63240e+03 2.24439e+03
2.65779e+03 2.24439e+03
2.63240e+03 2.21900e+03
2.65779e+03 2.21900e+03
2.68320e+03 2.24439e+03
2.68320e+03 2.21900e+03
2.68320e+03 2.16820e+03
2.70859e+03 2.16820e+03
2.73400e+03 2.16820e+03
2.75939e+03 2.19359e+03
2.73400e+03 2.19359e+03
2.73400e+03 2.21900e+03
2.75939e+03 2.24439e+03
2.73400e+03 2.24439e+03
2.70859e+03 2.24439e+03
2.70859e+03 2.21900e+03
2.75939e+03 2.21900e+03
2.78480e+03 2.24439e+03
2.78480e+03 2.21900e+03
2.81020e+03 2.21900e+03
2.81020e+03 2.24439e+03
2.83561e+03 2.24439e+03
2.86100e+03 2.24439e+03
2.83561e+03 2.21900e+03
2.86100e+03 2.21900e+03
2.88641e+03 2.24439e+03
2.93721e+03 2.19359e+03
2.99619e+03 2.23439e+03
2.93721e+03 2.24439e+03
2.91180e+03 2.24439e+03
2.88641e+03 2.21900e+03
2.91180e+03 2.21900e+03
2.91180e+03 2.19359e+03
2.88641e+03 2.19359e+03
2.86100e+03 2.19359e+03
2.83561e+03 2.19359e+03
2.83561e+03 2.16820e+03
2.81020e+03 2.19359e+03
2.78480e+03 2.19359e+03
2.81020e+03 2.16820e+03
2.78480e+03 2.16820e+03
2.75939e+03 2.16820e+03
2.70859e+03 2.09199e+03
2.70859e+03 2.06660e+03
2.73400e+03 2.06660e+03
2.73400e+03 2.09199e+03
2.75939e+03 2.09199e+03
2.78480e+03 2.09199e+03
2.75939e+03 2.06660e+03
2.78480e+03 2.06660e+03
2.81020e+03 2.09199e+03
2.83561e+03 2.06660e+03
2.83561e+03 2.09199e+03
2.81020e+03 2.06660e+03
2.83561e+03 2.04119e+03
2.81020e+03 2.04119e+03
2.78480e+03 2.04119e+03
2.75939e+03 2.04119e+03
2.73400e+03 2.04119e+03
2.70859e+03 2.04119e+03
2.68320e+03 2.06660e+03
2.65779e+03 2.06660e+03
2.68320e+03 2.04119e+03
2.70859e+03 1.96500e+03
2.73400e+03 1.93961e+03
2.73400e+03 1.96500e+03
2.75939e+03 1.96500e+03
2.75939e+03 1.93961e+03
2.78480e+03 1.93961e+03
2.78480e+03 1.96500e+03
2.81020e+03 1.96500e+03
2.83561e+03 1.93961e+03
2.83561e+03 1.96500e+03
2.81020e+03 1.93961e+03
2.81020e+03 1.86340e+03
2.78480e+03 1.86340e+03
2.75939e+03 1.86340e+03
2.73400e+03 1.86340e+03
2.73400e+03 1.81260e+03
2.75939e+03 1.81260e+03
2.78480e+03 1.81260e+03
2.81020e+03 1.81260e+03
2.83561e+03 1.81260e+03
2.83561e+03 1.86340e+03
2.91180e+03 1.93961e+03
2.93721e+03 1.93961e+03
2.96260e+03 1.93961e+03
2.98801e+03 1.93961e+03
3.01340e+03 1.93961e+03
3.03881e+03 1.93961e+03
3.06420e+03 1.93961e+03
3.01340e+03 1.86340e+03
2.98801e+03 1.86340e+03
2.96260e+03 1.86340e+03
2.93721e+03 1.86340e+03
3.01340e+03 1.81260e+03
2.98801e+03 1.81260e+03
2.96260e+03 1.81260e+03
2.93721e+03 1.81260e+03
2.91180e+03 1.81260e+03
2.83561e+03 1.73641e+03
2.81020e+03 1.73641e+03
2.70859e+03 1.73641e+03
2.73400e+03 1.73641e+03
2.75939e+03 1.73641e+03
2.78480e+03 1.73641e+03
2.83561e+03 1.68561e+03
2.81020e+03 1.68561e+03
2.78480e+03 1.68561e+03
2.75939e+03 1.68561e+03
2.73400e+03 1.68561e+03
2.70859e+03 1.68561e+03
2.68320e+03 1.68561e+03
2.70859e+03 1.60939e+03
2.73400e+03 1.60939e+03
2.75939e+03 1.60939e+03
2.78480e+03 1.60939e+03
2.81020e+03 1.60939e+03
2.83561e+03 1.60939e+03
2.88641e+03 1.53320e+03
2.88641e+03 1.50779e+03
2.88641e+03 1.48240e+03
2.88641e+03 1.45699e+03
2.88641e+03 1.38080e+03
2.88641e+03 1.40619e+03
2.88641e+03 1.43160e+03
2.81020e+03 1.53320e+03
2.81020e+03 1.50779e+03
2.81020e+03 1.48240e+03
2.81020e+03 1.45699e+03
2.81020e+03 1.43160e+03
2.81020e+03 1.40619e+03
2.81020e+03 1.38080e+03
2.81020e+03 1.35539e+03
2.75939e+03 1.35539e+03
2.70859e+03 1.35539e+03
2.73400e+03 1.35539e+03
2.70859e+03 1.30461e+03
2.73400e+03 1.30461e+03
2.75939e+03 1.30461e+03
2.81020e+03 1.27920e+03
2.81020e+03 1.25381e+03
2.88641e+03 1.22840e+03
2.88641e+03 1.20301e+03
2.88641e+03 1.17760e+03
2.88641e+03 1.15221e+03
2.88641e+03 1.12680e+03
2.93721e+03 1.10141e+03
2.93721e+03 1.12680e+03
2.93721e+03 1.15221e+03
2.93721e+03 1.17760e+03
2.93721e+03 1.20301e+03
3.01340e+03 1.12680e+03
3.01340e+03 1.15221e+03
3.01340e+03 1.17760e+03
3.01340e+03 1.20301e+03
3.01340e+03 1.22840e+03
3.01340e+03 1.25381e+03
3.01340e+03 1.27920e+03
2.93721e+03 1.22840e+03
2.93721e+03 1.25381e+03
2.93721e+03 1.27920e+03
2.88641e+03 1.25381e+03
2.88641e+03 1.27920e+03
2.93721e+03 1.35539e+03
2.93721e+03 1.38080e+03
2.93721e+03 1.40619e+03
2.93721e+03 1.43160e+03
2.93721e+03 1.45699e+03
2.93721e+03 1.48240e+03
2.93721e+03 1.50779e+03
2.93721e+03 1.53320e+03
2.98801e+03 1.58400e+03
2.98801e+03 1.60939e+03
2.96260e+03 1.60939e+03
2.93721e+03 1.58400e+03
2.96260e+03 1.58400e+03
2.93721e+03 1.60939e+03
2.91180e+03 1.68561e+03
2.93721e+03 1.68561e+03
2.96260e+03 1.68561e+03
2.98801e+03 1.68561e+03
3.01340e+03 1.60939e+03
3.03881e+03 1.58400e+03
3.03881e+03 1.60939e+03
3.06420e+03 1.58400e+03
3.06420e+03 1.60939e+03
3.06420e+03 1.68561e+03
3.03881e+03 1.68561e+03
3.01340e+03 1.68561e+03
2.93721e+03 1.73641e+03
2.96260e+03 1.73641e+03
2.98801e+03 1.73641e+03
3.01340e+03 1.73641e+03
3.03881e+03 1.73641e+03
3.06420e+03 1.73641e+03
3.03881e+03 1.81260e+03
3.06420e+03 1.81260e+03
3.06420e+03 1.86340e+03
3.03881e+03 1.86340e+03
3.16580e+03 1.93961e+03
3.19119e+03 1.93961e+03
3.19119e+03 1.96500e+03
3.16580e+03 2.04119e+03
3.19119e+03 2.04119e+03
3.21660e+03 2.04119e+03
3.24199e+03 2.04119e+03
3.34359e+03 2.26980e+03
3.31820e+03 2.04119e+03
3.29279e+03 2.04119e+03
3.26740e+03 2.04119e+03
3.31820e+03 1.96500e+03
3.34359e+03 1.93961e+03
3.31820e+03 1.93961e+03
3.29279e+03 1.93961e+03
3.29279e+03 1.96500e+03
3.26740e+03 1.96500e+03
3.24199e+03 1.93961e+03
3.21660e+03 1.93961e+03
3.21660e+03 1.96500e+03
3.24199e+03 1.96500e+03
3.26740e+03 1.93961e+03
3.34359e+03 1.86340e+03
3.31820e+03 1.83801e+03
3.34359e+03 1.83801e+03
3.31820e+03 1.86340e+03
3.29279e+03 1.86340e+03
3.26740e+03 1.86340e+03
3.19119e+03 1.86340e+03
3.21660e+03 1.86340e+03
3.24199e+03 1.86340e+03
3.29279e+03 1.83801e+03
3.31820e+03 1.81260e+03
3.29279e+03 1.81260e+03
3.26740e+03 1.81260e+03
3.24199e+03 1.81260e+03
3.21660e+03 1.81260e+03
3.19119e+03 1.81260e+03
3.16580e+03 1.81260e+03
3.19119e+03 1.73641e+03
3.21660e+03 1.68561e+03
3.19119e+03 1.68561e+03
3.16580e+03 1.68561e+03
3.21660e+03 1.73641e+03
3.24199e+03 1.73641e+03
3.26740e+03 1.73641e+03
3.29279e+03 1.73641e+03
3.31820e+03 1.73641e+03
3.31820e+03 1.68561e+03
3.29279e+03 1.68561e+03
3.26740e+03 1.68561e+03
3.21660e+03 1.60939e+03
3.24199e+03 1.60939e+03
3.26740e+03 1.60939e+03
3.29279e+03 1.60939e+03
3.31820e+03 1.60939e+03
3.24199e+03 1.68561e+03
3.19119e+03 1.60939e+03
3.14039e+03 1.53320e+03
3.14039e+03 1.50779e+03
3.19119e+03 1.45699e+03
3.21660e+03 1.45699e+03
3.14039e+03 1.48240e+03
3.14039e+03 1.45699e+03
3.14039e+03 1.43160e+03
3.01340e+03 1.38080e+03
3.01340e+03 1.40619e+03
3.01340e+03 1.43160e+03
3.01340e+03 1.45699e+03
3.01340e+03 1.48240e+03
3.01340e+03 1.50779e+03
3.01340e+03 1.53320e+03
3.06420e+03 1.53320e+03
3.06420e+03 1.50779e+03
3.06420e+03 1.48240e+03
3.06420e+03 1.45699e+03
3.06420e+03 1.43160e+03
3.06420e+03 1.40619e+03
3.06420e+03 1.38080e+03
3.14039e+03 1.40619e+03
3.19119e+03 1.38080e+03
3.19119e+03 1.35539e+03
3.19119e+03 1.33000e+03
3.19119e+03 1.30461e+03
3.14039e+03 1.27920e+03
3.14039e+03 1.25381e+03
3.14039e+03 1.22840e+03
3.14039e+03 1.20301e+03
3.06420e+03 1.27920e+03
3.06420e+03 1.25381e+03
3.06420e+03 1.22840e+03
3.06420e+03 1.20301e+03
3.06420e+03 1.17760e+03
3.06420e+03 1.15221e+03
3.14039e+03 1.12680e+03
3.14039e+03 1.15221e+03
3.14039e+03 1.17760e+03
3.19119e+03 1.15221e+03
3.19119e+03 1.17760e+03
3.19119e+03 1.20301e+03
3.19119e+03 1.22840e+03
3.19119e+03 1.25381e+03
3.19119e+03 1.27920e+03
3.26740e+03 1.17760e+03
3.26740e+03 1.20301e+03
3.26740e+03 1.22840e+03
3.26740e+03 1.25381e+03
3.26740e+03 1.27920e+03
3.26740e+03 1.30461e+03
3.26740e+03 1.33000e+03
3.26740e+03 1.35539e+03
3.26740e+03 1.38080e+03
3.31820e+03 1.33000e+03
3.31820e+03 1.30461e+03
3.39439e+03 1.17760e+03
3.39439e+03 1.20301e+03
3.39439e+03 1.22840e+03
3.39439e+03 1.25381e+03
3.39439e+03 1.27920e+03
3.39439e+03 1.30461e+03
3.39439e+03 1.33000e+03
3.31820e+03 1.27920e+03
3.31820e+03 1.25381e+03
3.31820e+03 1.22840e+03
3.31820e+03 1.20301e+03
3.31820e+03 1.17760e+03
3.31820e+03 1.15221e+03
3.26740e+03 1.10141e+03
3.24199e+03 1.10141e+03
3.24199e+03 1.07600e+03
3.24199e+03 1.05061e+03
3.26740e+03 1.02520e+03
3.26740e+03 9.99800e+02
3.24199e+03 9.74390e+02
3.24199e+03 9.99800e+02
3.24199e+03 1.02520e+03
3.26740e+03 1.07600e+03
3.26740e+03 1.05061e+03
3.31820e+03 1.02520e+03
3.31820e+03 9.99800e+02
3.26740e+03 9.74390e+02
3.24199e+03 9.49000e+02
3.19119e+03 1.02520e+03
3.19119e+03 9.99800e+02
3.19119e+03 9.74390e+02
3.19119e+03 9.49000e+02
3.19119e+03 9.23590e+02
3.19119e+03 8.98200e+02
3.26740e+03 8.72790e+02
3.26740e+03 8.47400e+02
3.26740e+03 8.21990e+02
3.26740e+03 7.96600e+02
3.24199e+03 7.96600e+02
3.24199e+03 8.21990e+02
3.19119e+03 8.72790e+02
3.19119e+03 8.47400e+02
3.19119e+03 8.21990e+02
3.19119e+03 7.96600e+02
3.24199e+03 8.47400e+02
3.24199e+03 8.72790e+02
3.24199e+03 8.98200e+02
3.24199e+03 9.23590e+02
3.26740e+03 9.49000e+02
3.26740e+03 9.23590e+02
3.26740e+03 8.98200e+02
3.39439e+03 8.21990e+02
3.39439e+03 8.47400e+02
3.39439e+03 8.72790e+02
3.39439e+03 8.98200e+02
3.39439e+03 9.23590e+02
3.39439e+03 9.49000e+02
3.39439e+03 9.74390e+02
3.39439e+03 9.99800e+02
3.39439e+03 1.02520e+03
3.31820e+03 9.74390e+02
3.31820e+03 9.49000e+02
3.31820e+03 9.23590e+02
3.31820e+03 8.98200e+02
3.31820e+03 8.72790e+02
3.31820e+03 8.47400e+02
3.31820e+03 8.21990e+02
3.31820e+03 7.96600e+02
3.31820e+03 7.33110e+02
3.31820e+03 7.07700e+02
3.28010e+03 7.07700e+02
3.28010e+03 7.33110e+02
3.24199e+03 7.33110e+02
3.24199e+03 7.07700e+02
3.20391e+03 7.07700e+02
3.20391e+03 7.33110e+02
3.12770e+03 7.07700e+02
3.12770e+03 7.33110e+02
3.08961e+03 7.07700e+02
3.08961e+03 7.33110e+02
3.05150e+03 7.07700e+02
3.05150e+03 7.33110e+02
3.06420e+03 7.96600e+02
