100 1000 
2141200 8000 65033.169756 65033.169756 
2107403 8000 83718.417816 84711.905780 
1840969 8000 60930.988032 109445.313546 
2217151 8000 79127.643466 117468.244424 
2164343 8000 91917.231873 59030.552970 
2158091 8000 92347.056597 112718.700900 
2223692 8000 62035.453190 88676.328787 
2113995 8000 55592.006846 118582.516079 
1669402 8000 80869.900369 88301.311834 
1846084 8000 110655.809446 84622.220315 
1485698 8000 53830.731248 95542.124714 
1628333 8000 100574.692964 86876.695121 
1686024 8000 79623.107699 93502.627658 
2244889 8000 56961.381447 80829.173955 
1948452 8000 86194.850841 78326.986132 
1536462 8000 63456.584273 106883.470988 
1853838 8000 80074.430748 116417.619487 
1986043 8000 85452.952309 88644.817350 
2155053 8000 86402.546821 82877.952891 
1435703 8000 102699.900384 78179.239527 
1740862 8000 89315.888243 94941.530731 
1830706 8000 50773.109168 67957.676868 
1687608 8000 108233.121204 75151.360976 
1666265 8000 98724.942302 52441.183016 
2237235 8000 62994.321209 55405.040315 
1566314 8000 50767.483858 87554.674743 
2061436 8000 90940.200963 58356.318556 
1592113 8000 94541.418282 44308.620500 
2110304 8000 98208.130308 63856.169704 
1479013 8000 92121.207343 48359.403786 
1723130 8000 47031.693038 86952.849378 
1888824 8000 56305.162070 69478.916479 
1559456 8000 84654.632781 73031.627850 
1402362 8000 71077.245656 100017.067293 
1479901 8000 42007.869156 65984.439057 
1459359 8000 51081.935803 77096.893745 
1898083 8000 49867.321623 82683.875107 
1859829 8000 76485.786854 89016.363861 
2013552 8000 45474.478217 80051.253107 
1909519 8000 90384.174763 89018.941373 
1891834 8000 80686.691016 109829.262661 
1544585 8000 84957.607030 45395.416753 
2116415 8000 84145.741787 104371.051108 
2194426 8000 85361.982800 99331.852708 
2042697 8000 66315.270710 108788.562431 
1936576 8000 47729.418153 83057.170294 
1810348 8000 98153.237761 78181.635055 
1714556 8000 76497.644456 90868.844033 
1374042 8000 88662.747555 45297.351524 
1504878 8000 81204.313557 97887.173593 
1843254 8000 79412.581202 62386.574199 
1578148 8000 75656.039762 79891.274654 
1557988 8000 84232.772236 47585.267970 
1655721 8000 65893.380680 98465.336501 
1812125 8000 97300.948189 88289.458375 
2210475 8000 64381.304937 105982.290101 
1396759 8000 56550.677569 110575.791330 
1703038 8000 82021.201807 93741.341260 
1562645 8000 87775.497631 60176.405768 
1444648 8000 82182.717197 97396.194535 
1898165 8000 82972.124030 113121.563619 
1627211 8000 92068.048334 73699.612742 
2012772 8000 74141.351351 67523.970903 
1939489 8000 63860.755378 64509.452372 
1529233 8000 82712.982724 79247.352647 
1935370 8000 92513.698160 101696.284726 
1552478 8000 66711.127790 115766.306691 
1497012 8000 85889.022310 48198.412476 
1444604 8000 88049.223177 106901.725032 
1380954 8000 62710.983606 69310.933935 
1369874 8000 50854.149527 87853.543749 
1940815 8000 85066.449768 95786.273199 
2253906 8000 66086.916723 83706.495652 
1708404 8000 96892.208267 59754.592872 
1849153 8000 93235.465164 91961.634923 
2143143 8000 48206.909474 93096.294803 
1781490 8000 81472.976822 102244.132068 
2228610 8000 105671.585070 84041.762506 
1479404 8000 101770.233900 93284.374956 
1990010 8000 67468.085786 87018.288465 
1866115 8000 104297.330869 72781.967258 
1680386 8000 54396.224180 99151.555522 
1563322 8000 69195.176595 111607.151408 
1465357 8000 46345.561263 68715.700802 
2090026 8000 70911.090634 63809.379107 
1483706 8000 62174.625982 68453.491820 
1947339 8000 47774.682656 93263.332925 
1513649 8000 54609.389264 111397.953042 
1365939 8000 56642.183010 87383.063737 
1555403 8000 94113.799216 99613.160667 
1759941 8000 79175.210816 88967.850485 
1899775 8000 109949.012377 97017.126941 
1973427 8000 74843.085561 65265.219750 
1696356 8000 90571.180338 84310.002815 
1851890 8000 70797.354002 71102.246721 
2122850 8000 92758.111550 98890.664372 
1777909 8000 93546.775558 72798.549356 
2106843 8000 95783.099852 88333.603129 
2095496 8000 97887.700245 80524.466754 
1730312 8000 68972.370030 89200.309378 
56 97932.499914 65274.022251 
84 107086.281571 101062.631701 
30 80720.794867 75316.644957 
61 53234.223819 105420.599696 
32 80674.591427 84161.203295 
86 15328.903598 52291.071160 
14 76697.563512 83688.911886 
23 74896.736699 84780.232388 
51 65134.914477 86057.745732 
60 86729.316645 100068.306100 
60 114946.840786 86874.748773 
49 79331.749418 85505.580410 
49 96238.529527 67071.810757 
27 80725.650387 85592.733670 
20 78208.856685 82943.473046 
91 99181.999144 139731.543605 
46 58678.268476 71816.637547 
12 76822.672995 83118.927744 
40 92937.033757 83058.968933 
68 113160.140512 106564.403821 
63 67884.235353 65964.282942 
13 76846.470397 83581.684306 
62 71707.550968 127157.611529 
34 80502.262914 78668.874478 
16 77425.958021 83336.120499 
14 77286.744719 82997.847997 
77 74353.638144 115108.757156 
5 76682.811436 82760.766566 
72 58685.495602 49384.517495 
35 69892.382324 86113.816467 
86 46013.573015 138311.507074 
60 94908.719679 92272.934896 
89 141532.283911 112527.891390 
66 121215.464506 83816.927639 
77 106011.446322 34282.195348 
67 79881.954437 59310.991135 
77 93714.988396 36191.518549 
61 58338.263120 95051.830832 
7 76754.107066 82538.808770 
47 67421.359740 93907.275473 
86 75695.645577 24068.914726 
99 127663.766541 69925.576292 
39 75073.873285 70463.192282 
98 77556.850457 153868.849366 
67 65772.792436 130250.164093 
27 75944.897139 81994.782315 
44 68612.789726 70134.016362 
89 121704.261789 52767.884737 
71 102026.286283 28712.164161 
82 42748.209522 93429.012057 
3 76676.700163 82838.150335 
34 82452.990736 78727.251232 
21 75255.962366 80951.557100 
30 68343.475740 78047.147304 
46 79859.922073 86348.793452 
24 79112.395668 83257.500718 
7 76824.373404 82702.923239 
87 110235.379407 91239.516405 
64 110662.189444 94223.529456 
2 76660.334627 82798.682327 
31 78282.881103 81605.734938 
75 32909.143914 98444.425204 
77 84784.788426 98849.980371 
84 35459.590254 76136.784675 
44 74283.715588 89482.332957 
87 125963.221123 55749.683499 
22 74594.652180 82381.303365 
70 87056.248259 41423.724324 
9 76791.396744 82779.981341 
77 127188.002374 99018.254383 
14 77621.770074 83081.675033 
79 36020.312771 56486.838585 
13 76464.398665 82994.195909 
37 80130.927001 78593.352259 
69 86524.731889 38331.306895 
44 75040.598550 78991.927647 
82 98927.216860 110079.259951 
69 52607.584071 78936.493004 
12 76197.811119 82880.244628 
23 79261.360553 82659.729990 
69 44623.814600 69798.499103 
99 118478.515740 62414.880223 
96 29763.601593 40607.870164 
44 93574.435667 85782.324502 
42 76167.519740 82980.336196 
77 60550.271237 115403.397118 
72 72112.868668 122709.791913 
43 69036.704453 106163.396357 
94 78459.659022 57308.464065 
19 74566.939291 82557.245606 
22 77537.100133 81814.136477 
92 6316.242545 62977.133958 
71 92044.477650 64119.008080 
56 105484.095548 90097.075726 
100 147232.851788 100207.541884 
90 119693.385394 56917.920058 
72 45099.789528 116606.346326 
33 73276.290170 86928.148635 
33 81888.945887 86055.916990 
31 74913.797214 79382.499381 
51 77124.900090 60964.945124 
68 100561.670357 64155.396760 
5 76751.339943 82847.989773 
92 139545.764956 117440.945704 
19 75991.750342 81765.620115 
26 74960.638580 83771.044979 
74 114241.231117 55623.524309 
93 108265.107462 139603.168791 
88 114052.158569 118899.246676 
82 126474.216847 78641.179621 
44 81166.555597 68056.925601 
3 76613.882401 82795.252446 
21 76262.220168 83948.246553 
86 52973.168044 126638.026738 
8 76711.122723 83070.229081 
78 88916.783437 59315.377360 
7 76624.342100 82880.146681 
50 83042.772800 105702.037815 
3 76648.973393 82782.147372 
42 83993.551656 76381.771557 
67 96483.872740 98595.626695 
55 65890.394804 78150.084966 
9 76386.113833 82893.347074 
71 53054.751134 91450.646916 
32 82125.195869 68966.601131 
72 122450.830189 86746.167809 
89 62142.033813 143519.985594 
83 101051.717344 25147.705111 
29 75857.830473 81233.572590 
23 77169.388288 85276.846115 
77 84599.055183 57774.425806 
81 45580.283878 130797.704953 
15 77641.187015 82561.475882 
24 77948.887060 85232.099027 
28 73712.668608 83129.668723 
74 31413.913030 62736.293271 
29 74813.415484 80946.108764 
76 74367.831632 40256.821975 
99 109811.971915 13437.925551 
86 113646.600060 61656.010468 
22 78043.177122 80821.797788 
61 65417.546316 102038.313487 
38 70912.051893 80490.857336 
100 73527.273063 152343.189101 
89 130915.171787 111442.202554 
41 76621.134122 96564.366025 
71 96172.700082 109142.222124 
13 76011.589554 83084.890866 
38 92967.374687 83900.103623 
23 77353.387023 81947.924967 
58 100274.206110 101792.327184 
6 76547.855255 82938.240185 
19 75933.174045 83869.270787 
69 36027.394115 69750.911479 
17 75214.380876 82786.027671 
77 123667.021792 63486.486797 
30 69591.572513 79450.167744 
5 76762.823072 82783.940671 
21 77312.981611 82879.035977 
24 76840.402133 86216.868424 
28 73255.661710 89157.600080 
39 69586.966177 84998.602813 
14 75785.576019 82988.653591 
81 112263.811508 34641.428360 
64 80339.533964 117563.486050 
32 82350.314544 73939.650635 
97 15963.962787 48036.332785 
67 112374.163821 62568.599388 
66 89740.723760 70087.103285 
36 64939.909893 78225.913101 
89 62454.730858 46818.508831 
98 84848.259311 17252.002984 
20 75459.936964 85369.207244 
93 142352.514099 95266.025842 
68 48105.744252 67369.787313 
29 75020.741582 82936.121479 
24 75201.929006 85550.477679 
46 64613.543876 110373.190210 
52 54578.632768 65760.532197 
66 89804.364448 77113.066254 
60 98558.042333 51509.880398 
48 63647.121277 64875.652573 
45 76918.977684 74942.055179 
77 50593.686746 131839.556766 
32 71226.242668 83835.136945 
90 116803.040317 95699.894523 
31 71638.726724 83106.922889 
51 71500.445363 97790.646915 
68 27751.141358 70026.579010 
85 42540.337872 99588.312834 
25 74417.930625 83176.677541 
73 109566.455924 54722.723377 
41 82550.716362 94917.600425 
65 96452.323131 101011.729932 
47 74135.501977 78938.069559 
4 76553.395128 82776.108886 
27 74266.786192 88212.548279 
77 30589.181192 82898.661468 
19 75558.807581 85151.370494 
19 77214.240580 81621.956927 
12 75798.784127 82835.663637 
13 77161.850150 81496.620575 
70 94891.886541 66828.162053 
31 76064.622714 82947.154799 
48 79213.661296 95049.944275 
98 38494.435349 144923.011074 
53 88628.544549 90638.888736 
100 107200.191019 24800.247953 
30 75154.115400 88973.697553 
71 42477.498174 85022.516443 
6 76746.168986 82918.927878 
73 112446.335618 85798.252092 
7 76503.916193 82621.547262 
16 77439.625459 81609.692442 
22 78754.187789 83452.549731 
77 97839.244622 114520.153355 
76 87222.872907 83374.560918 
78 128810.136078 77758.308107 
77 122132.426647 74932.063662 
99 109528.067571 121871.327171 
50 78461.231573 107191.368723 
65 78450.116053 126006.983021 
62 56654.042763 107711.524091 
93 120780.720156 23458.888971 
74 37442.510595 91071.815687 
14 75861.139028 82799.214791 
21 75680.001283 82224.628745 
50 97432.471229 89823.795093 
44 81974.213525 93343.326932 
20 77237.524611 84363.681831 
41 86360.254881 72720.212692 
41 84105.819423 90862.262758 
97 137774.616108 105692.818610 
49 66886.655626 102386.012142 
26 76969.720905 81939.889687 
82 113671.952453 34497.784074 
33 75586.981154 87418.668275 
89 59155.026539 113165.808355 
7 76503.354031 83004.581047 
20 77919.686293 82516.379764 
93 84920.628055 148098.033630 
78 21031.035424 62230.329894 
72 76984.311511 105505.329527 
92 49188.864553 42277.037160 
61 85224.908761 63005.804718 
98 90105.231712 138366.512386 
83 30329.407348 83434.281358 
51 85977.950769 73437.458543 
29 79610.620988 81190.594500 
39 70682.663999 94240.544134 
87 46597.104957 127571.267285 
24 75137.937723 85284.985850 
69 44081.535522 70867.076827 
18 76684.743173 82158.545349 
96 49610.487771 43242.882708 
4 76695.656484 82761.371388 
6 76699.243675 82791.859446 
46 77564.354920 82206.322402 
75 71446.014383 135770.396584 
3 76660.372373 82802.430234 
51 99004.524588 91347.911767 
44 88469.536693 57770.297871 
24 78020.038514 80789.830307 
77 66169.990458 119954.593511 
91 136529.157927 71778.879354 
35 68546.979172 80749.564266 
89 74259.211870 27047.709938 
92 107317.527844 45172.368673 
75 128057.908672 106265.329608 
58 60825.288729 103951.076942 
64 60420.363557 110703.608319 
54 94673.276801 68545.397727 
72 91592.678489 43046.650719 
12 76675.317167 82496.929911 
29 72287.274078 86244.489259 
55 51944.028690 96156.924073 
36 80652.413695 92160.956734 
47 76617.225699 69396.966568 
73 82302.046962 34337.770096 
10 76167.995423 82979.586422 
98 128317.079446 122223.891272 
89 115474.856408 25399.532665 
51 93958.624529 89985.266042 
45 97868.184033 92788.434049 
99 0.000000 62399.549556 
57 77172.975623 92972.773177 
25 76309.585259 81789.093148 
97 2984.486807 64612.639738 
85 51614.890362 120760.486066 
95 137603.400336 61559.578158 
43 85480.415141 59494.988270 
11 76641.533251 82765.559984 
10 76538.588248 83204.757508 
71 95530.745373 85559.034236 
45 63248.041648 78050.450756 
69 79418.695155 42323.731968 
16 77400.557960 81928.488411 
69 124458.868214 112793.134342 
16 76091.016198 83178.260223 
87 52136.127080 134595.884706 
54 50059.418641 82824.022564 
75 70835.137107 132754.817335 
81 32678.604814 100755.273059 
42 91906.426077 88148.248367 
62 65648.201876 111959.840126 
99 11060.165311 71156.121062 
97 127538.458877 88620.381831 
32 77341.709149 90336.292611 
99 9508.712924 74680.191999 
76 84436.022830 37908.230228 
25 72887.116642 82618.949013 
80 113243.680301 104336.959017 
68 34849.150856 64046.930699 
66 50740.595592 88505.726105 
83 53668.015368 120857.460156 
2 76636.961415 82813.611083 
64 47165.632588 64765.131533 
71 72918.362013 91823.920966 
98 51733.258462 147698.544938 
11 76500.325308 82481.010718 
98 91894.874428 115392.436850 
77 98343.556495 51871.590543 
12 76315.121319 83367.800018 
1 76651.544653 82815.637713 
72 106531.086721 57107.861462 
47 69365.693723 77127.444976 
26 80595.125013 82046.204186 
47 73464.851165 80600.076766 
72 97615.615414 87520.907826 
67 66106.731927 90508.729212 
81 101562.747559 42321.520791 
94 102271.094148 47576.757495 
20 74864.581596 82913.236971 
16 76040.927872 83633.047544 
14 77027.348852 81512.468321 
81 32242.200028 71514.872556 
14 75964.665374 82177.742919 
27 78049.193921 77114.559725 
94 109369.897446 117324.255099 
49 92639.704795 82774.484860 
26 77209.142302 81455.241551 
8 76833.447954 82519.787129 
27 73381.941589 82866.274366 
68 72317.334716 106611.949345 
52 67457.912407 59557.190276 
79 102250.623640 44870.147863 
77 97155.202957 82923.553107 
36 86405.670350 87334.315955 
4 76656.782915 82788.237622 
83 47595.096660 45945.055918 
8 76740.134882 82931.712508 
62 70129.257713 93262.674149 
94 48816.539773 144925.517193 
100 97017.336675 119434.132015 
22 74236.027191 82388.106613 
32 76083.587159 85450.778400 
80 80340.299650 39212.413270 
1 76651.371720 82812.106267 
86 121150.907647 70154.626021 
14 77793.700658 83175.917279 
73 87073.091101 33289.028931 
12 76443.867724 82352.584682 
57 63815.516465 107686.625742 
40 85537.250850 93197.788529 
81 56975.942323 85304.701433 
1 76650.188366 82819.792316 
77 54624.022800 120443.915059 
57 104828.922838 84356.224824 
17 75513.788857 84682.698084 
30 76233.494136 83043.613874 
41 67947.775406 89980.916991 
21 78964.164043 81989.579440 
3 76657.094218 82793.334883 
89 72182.229080 145737.437978 
15 77216.097654 81744.825267 
26 75761.208378 79312.253987 
68 75916.474531 124597.897722 
13 77014.326499 82615.496422 
75 125656.629513 113723.874636 
60 107286.119226 105524.739739 
26 75355.366533 80864.831068 
31 71804.648251 77869.622476 
61 89461.882732 116916.046280 
32 79868.097108 86810.533390 
83 105208.801761 36265.314701 
71 91308.977805 66262.450239 
30 72933.956062 85584.434547 
73 129032.536575 105921.962660 
13 75695.503961 82214.046534 
72 58586.811145 125989.079372 
23 73236.073354 80850.843695 
43 71261.083694 88428.897524 
100 132910.832553 109667.256380 
54 92717.135899 67320.775840 
11 76877.653866 82739.435249 
40 82097.624889 75486.515483 
70 59877.068767 132910.549371 
61 49171.184591 85659.821041 
67 60953.620792 102576.205142 
39 55755.690790 73610.597169 
53 91335.335724 66980.450851 
64 112232.315296 85018.080795 
19 75312.222387 85270.532514 
30 73202.340142 82821.447704 
64 90406.872404 73028.552961 
77 63444.532554 65610.710237 
95 119835.678082 35081.745839 
28 77205.965343 81008.539734 
21 75628.987169 82725.049618 
71 118574.041873 74617.826542 
31 79440.084977 72704.771431 
11 76875.806106 82820.886325 
44 87386.039101 73278.532777 
64 116188.063603 103855.837926 
16 76852.860332 83177.629089 
17 77282.685913 82465.943730 
89 113162.540653 29271.170719 
94 73683.228834 32664.747789 
13 76269.266779 82115.645437 
22 78694.306061 78599.122889 
69 86835.460327 99075.721989 
5 76781.297390 82808.237647 
25 72733.504633 83369.116409 
84 41557.697974 107420.355507 
72 89508.077099 77355.084074 
49 78423.700267 77831.070843 
89 94319.227637 17072.676240 
62 90927.638799 106320.606595 
5 76649.852978 82833.059397 
23 75835.566619 86562.015406 
78 67786.557003 117304.725866 
26 75106.559859 83756.289453 
11 77166.789631 83002.827048 
83 57987.922490 130335.020715 
86 121094.155056 62676.012385 
28 77628.286240 81679.530944 
68 95549.452558 66366.391700 
1 76646.265144 82817.285476 
82 66600.022689 107783.184978 
55 81639.226575 87413.476241 
1 76654.249215 82816.987594 
62 31683.732905 68619.744309 
73 64945.824455 44256.929194 
78 80526.219397 56590.658840 
12 76743.660431 83092.213710 
64 75567.512942 69846.325088 
14 76019.349845 82625.305807 
28 75913.984211 78021.092127 
72 63180.145957 96506.833387 
66 77040.155812 102358.302826 
33 81647.006529 73092.878002 
50 73099.152961 84535.155956 
86 55380.919687 147529.020186 
23 79228.177807 80841.579929 
99 93726.248561 144873.880251 
76 61396.785518 57446.609541 
20 74107.831645 81982.550869 
49 88926.335003 86477.699927 
13 76983.411455 82666.077015 
75 55331.101912 69009.915372 
45 72727.830188 76017.406115 
11 76493.224962 82819.963168 
85 70561.099576 139135.732268 
62 58111.229496 87553.781701 
58 82128.623465 112610.595186 
2 76666.686807 82817.333374 
27 77138.328862 79236.110607 
78 55299.334085 57033.798222 
11 76171.566061 82785.754775 
88 114630.354232 54433.416137 
82 79886.443647 48607.457342 
85 64392.926937 134707.437853 
96 24074.236082 77727.923343 
41 73848.738662 84406.579401 
78 112638.527744 65786.375014 
23 79734.401905 82320.769514 
40 78352.240544 72823.856070 
83 69674.300076 55227.864671 
66 80968.470608 94383.977989 
57 97232.815225 106524.902083 
12 76640.691396 82052.986082 
66 59549.369711 111831.229765 
49 71191.246061 74510.629884 
84 110429.323246 25205.025056 
1 76652.812713 82812.068123 
60 111141.120384 72998.576829 
35 85643.566145 86354.919175 
64 72622.817005 99470.502369 
87 55097.936391 43954.082538 
33 85980.428247 80463.165984 
71 66806.234775 65686.681539 
85 133104.303613 107856.917951 
21 73911.490730 83348.955777 
72 89620.745025 45524.387289 
99 148202.165917 123596.237443 
97 116675.365336 90790.379501 
91 49652.036000 141684.439983 
65 69239.344777 117809.982684 
76 109953.343897 76630.031517 
27 75255.279267 87570.112663 
85 28151.882714 84564.945545 
62 74424.196325 97798.391599 
82 83155.731126 122014.850057 
94 50182.290138 128943.891059 
21 76909.216154 82427.323829 
87 107912.369157 42445.482145 
38 74645.675528 87073.394913 
75 100598.271122 73007.400944 
5 76541.678297 82788.979408 
4 76682.585774 82767.111287 
37 69436.350169 74772.025720 
97 55243.266737 155706.319402 
62 123781.388921 103582.244536 
43 70997.539853 85799.928271 
76 31829.367050 60285.153855 
17 76176.452494 83118.804008 
50 81102.874274 75715.644750 
75 67619.047667 42485.214773 
92 24093.855912 87250.233232 
32 77170.832313 82085.729732 
35 78933.582556 74554.410180 
89 84084.231949 134265.556991 
15 77672.556791 83403.854139 
45 84207.153556 81982.065453 
69 58182.444513 113683.954406 
25 79462.950467 82380.472874 
15 76830.474187 82357.324781 
11 76726.573267 82748.437415 
37 77238.709836 88279.312476 
100 122113.571936 28299.187614 
79 137127.015674 108468.864652 
7 76842.541825 82586.331215 
73 80762.562393 53702.173950 
12 76516.942559 83246.276283 
82 25305.246156 82871.784682 
62 51493.993786 83316.288726 
56 59652.620295 71478.028580 
30 80270.690289 78411.676679 
28 73883.319103 80705.395318 
16 76795.898258 82528.690535 
48 76828.156815 81454.372282 
22 77653.229525 79940.345074 
92 30365.296566 78110.785044 
15 77055.084081 81774.210143 
56 106224.443566 98194.304285 
96 65557.669346 54462.587081 
6 76653.694582 82967.338559 
60 71965.363632 119060.307382 
8 76819.075413 82440.821211 
26 73699.738885 81570.991449 
13 77299.036307 82043.814819 
39 90192.040303 91364.837469 
67 111669.338775 102379.519813 
35 75406.237938 78424.965180 
56 80553.346200 67748.200956 
59 93899.935120 87003.416930 
47 65171.910396 110683.700820 
18 75432.594813 83884.390710 
15 76774.721205 83424.741483 
98 37885.516115 148327.485721 
23 74668.743778 85189.484139 
73 87065.816822 118298.355895 
5 76597.826870 82745.810944 
75 101758.545219 36693.208791 
75 83625.627805 34199.161907 
34 75009.852678 82895.009554 
45 74709.792932 82705.543727 
87 138041.983527 87441.350831 
4 76654.009232 82859.653623 
21 76602.113752 80363.821406 
86 100265.034639 134496.398295 
43 77017.911988 68891.584085 
57 76443.871259 62385.373870 
42 99281.886673 94437.412557 
24 77243.624812 83804.511166 
96 98800.284938 39191.103469 
91 92287.565482 23972.881089 
51 81238.709339 100382.027165 
72 110266.504224 93043.805996 
13 76092.499543 82240.542011 
62 75890.988693 109420.134614 
25 78760.525669 82001.504169 
65 50934.578539 72284.221946 
58 103601.493425 82156.018509 
66 64302.188793 103687.937131 
88 103419.100713 92181.726198 
65 41509.798150 75982.069467 
58 47412.154099 84587.311982 
36 68461.396901 82506.811972 
22 75409.926899 83660.655826 
69 97792.913785 78403.350994 
7 76603.947631 82731.267215 
15 76828.547986 83853.244710 
40 77068.466879 84757.506272 
20 75433.637658 85339.238511 
86 106822.428660 51094.348011 
87 43359.826971 53614.092538 
36 74070.291223 83376.933913 
73 51319.086130 54201.330334 
12 75967.639876 82836.578534 
58 77699.549376 61226.975596 
49 76639.985355 94102.626392 
80 35331.970073 84967.923977 
18 75280.386616 83919.174805 
49 65308.492526 111406.443955 
4 76631.418036 82860.071022 
59 81255.757709 56801.248800 
28 79217.421958 78552.921198 
65 47188.979750 56353.476044 
31 72702.510246 82670.748458 
67 104424.065266 94790.722786 
85 43564.543304 100899.711202 
34 67885.482160 84383.270437 
52 97129.732425 65969.316741 
6 76598.146921 82875.455264 
33 71075.565933 90465.140603 
47 88854.035904 102965.585208 
80 109818.110447 23260.330667 
68 93706.470275 59876.486536 
68 44154.334210 100092.066545 
41 78062.414464 83928.783537 
33 71875.454244 80782.457028 
96 35119.128871 98051.498404 
35 84582.783194 86659.445552 
11 77044.419575 83068.996453 
88 119010.960821 70359.734403 
3 76684.312907 82837.855812 
89 66726.369901 113564.496763 
9 76206.199104 82725.804382 
21 78235.440944 82999.579142 
17 75432.533455 83991.660142 
49 84019.522586 93417.964946 
83 125444.705000 62736.109561 
6 76702.588760 82719.159415 
88 38921.753238 65551.788452 
93 107242.972269 51917.252708 
28 77961.042884 87311.883569 
18 76241.937859 84028.985233 
35 69803.982789 93714.237858 
59 85975.657381 116522.399346 
83 42898.901271 49651.070588 
25 78132.017909 85478.063199 
12 77008.812955 83352.104237 
30 78327.797661 85338.058134 
31 76913.066198 85407.448808 
48 85616.347884 86570.466799 
78 51432.236165 49536.862337 
37 79565.498477 73775.187836 
19 78438.777026 83386.624408 
15 76313.394710 82781.098190 
56 91831.437612 92845.260778 
51 101934.130960 85689.656152 
73 110484.582066 91987.440401 
97 132696.335002 70801.878644 
9 76982.660452 82883.661122 
84 55455.128425 46184.702666 
7 76686.939366 82614.115855 
77 47195.829565 67371.630092 
14 77017.665558 81686.083596 
68 65317.013472 112628.034796 
96 115830.838565 7741.835023 
38 78384.032417 94784.220018 
8 76980.602335 82773.469973 
24 75329.801040 83742.116186 
16 76235.056369 82071.502539 
91 85380.923286 28889.793010 
76 31844.625091 56753.235761 
28 76905.909511 83502.465146 
44 98467.752815 86948.008212 
32 83032.145612 84346.096422 
63 95384.568588 71364.387975 
5 76697.220674 82657.360102 
28 76439.053055 82723.503109 
51 80430.160632 104193.848255 
82 94005.633975 39291.801803 
34 80521.423052 71757.283067 
43 88887.989555 68360.304484 
75 102585.166750 121100.747717 
27 77992.374012 83164.857921 
37 69052.134705 75328.539097 
64 29999.401799 66092.617483 
78 73179.328656 41028.440989 
79 95922.827924 46605.852567 
40 77256.443534 89835.036394 
21 78419.651247 81119.124030 
59 71618.157861 65891.387047 
39 88614.465529 84446.687923 
78 38495.184592 116527.664792 
21 75428.976199 85311.523029 
74 95607.011704 120070.246567 
24 74303.545676 81064.175851 
12 77181.411267 82211.505089 
47 91788.676348 73143.964591 
97 102073.058841 42642.043212 
11 76946.798993 82983.562966 
20 75128.946200 84716.895286 
78 78487.474372 122262.992845 
62 52120.014561 85931.230837 
74 47772.402324 48666.698057 
84 125311.144259 81706.005724 
32 69809.186412 86116.544071 
9 76930.091417 83014.391509 
56 50189.066573 68055.255625 
15 76050.066019 82747.634961 
94 96147.083802 39846.929828 
11 76449.588567 82429.578649 
75 32117.495310 66181.925287 
15 77652.473022 82735.445134 
76 56253.827201 106709.835698 
46 84122.840767 86275.103768 
53 95334.834822 53081.530046 
73 90843.312729 68983.754664 
36 72756.504801 92005.486871 
80 53791.319358 55688.213935 
56 90109.790086 60348.570421 
48 100263.963585 84715.850817 
13 77054.368591 82844.384424 
30 73972.713436 85631.538447 
26 75859.465982 83211.179492 
28 73083.966339 81749.131023 
88 126583.005140 127254.379458 
83 118733.928288 116336.181580 
82 101958.846222 39301.236637 
11 76671.877471 82463.957135 
32 72080.303890 91990.780548 
66 42380.922854 63521.709620 
16 77313.604078 82591.461939 
31 70814.558815 92240.756910 
95 21055.260820 87207.772020 
38 81594.133729 70934.725596 
57 82336.455807 106339.169640 
1 76653.944731 82816.298191 
45 76156.335647 104395.960282 
32 75612.320303 79913.668479 
44 86032.139890 87775.574168 
98 25592.609145 41298.209892 
83 91144.478636 133947.650933 
45 87154.810970 66210.353936 
37 71400.197740 78740.525876 
73 101364.117081 66139.075852 
22 75476.556566 82807.327070 
25 77563.993875 82393.086749 
78 42781.036965 113138.077779 
39 79253.377157 95952.029729 
61 77401.908345 107334.097887 
59 113403.971621 89600.144239 
81 113557.382780 61885.231675 
61 74740.016954 72867.107621 
73 109983.636682 84596.125019 
73 45759.182648 56867.701666 
100 123274.612058 22802.220235 
64 81470.502702 83762.051690 
8 76495.115595 83102.997784 
71 36826.003922 81904.744865 
41 81284.152711 65781.047829 
97 122537.985445 84644.366253 
62 57260.088025 105268.451441 
29 80180.195426 78523.024071 
45 63946.309060 67530.086053 
27 71063.411183 81323.341526 
41 80062.980467 89679.268553 
39 70052.296046 81822.184628 
29 76496.143171 83177.255770 
62 111254.045404 67886.916534 
75 44820.493767 100489.835486 
24 78961.865753 82305.170238 
56 110979.477964 97106.097526 
4 76611.883118 82844.085543 
65 83085.503780 59779.800593 
83 55844.696043 34515.690152 
41 62104.199334 76776.332157 
64 93327.748625 42231.855258 
75 117914.628800 79213.018774 
3 76669.851830 82832.997060 
49 69801.251254 90891.086710 
71 58470.584134 104131.732606 
63 61092.604947 131068.713867 
18 75361.885181 83822.631891 
30 71115.531637 81179.850267 
22 76227.396538 85305.977790 
56 68442.036295 80650.317007 
11 76720.521264 82519.928579 
24 79026.214292 81364.114266 
20 77228.040601 82563.414955 
69 61417.342529 87613.613798 
92 75630.577209 20656.240219 
40 73655.706782 73806.654966 
4 76689.637879 82845.547620 
91 141391.379320 109258.402916 
17 78132.351145 83009.900554 
93 40900.796422 37394.546480 
17 76919.363817 82784.715089 
90 113136.327014 100900.399327 
73 65691.707366 110434.937105 
6 76448.198329 82733.018809 
35 68636.627768 85106.969932 
63 67109.838742 103622.180261 
91 106367.770593 29615.224349 
90 129924.870082 57958.510484 
67 116093.740785 63798.020077 
8 76524.707105 82926.641620 
83 34933.365473 71993.614206 
13 76323.656896 82677.569779 
8 76565.786897 82863.379026 
82 120716.924974 56028.979180 
30 81501.497219 83474.819842 
65 115272.143322 77566.529802 
54 94708.761492 51637.677693 
100 75425.402912 148078.531969 
10 76202.767850 82824.199288 
70 105691.360620 55453.157175 
85 104745.333132 114275.168771 
79 70183.292680 50975.100562 
52 83017.168320 87719.622965 
27 79353.769538 82611.293659 
80 104164.229170 31320.384506 
31 74277.387639 85900.155891 
98 64891.889562 24865.120387 
27 79347.918686 82211.813614 
75 105669.336049 120750.624856 
68 55242.278376 113412.252718 
11 77024.133835 82556.247976 
91 40290.571402 133481.986844 
35 81649.455948 86388.691141 
84 60694.681557 120098.500153 
76 51707.206907 87312.227453 
99 8736.638531 46155.233745 
1 76654.508080 82814.801377 
98 129841.091018 121865.187404 
87 130861.885838 97539.516361 
45 77503.585886 77106.170498 
1 76649.763043 82821.017105 
65 91122.083881 87277.299178 
71 76059.439101 39528.063166 
9 76398.203941 83151.417440 
30 82531.454921 78883.765340 
27 79995.754085 83895.977514 
37 65059.713294 78493.677053 
28 78952.074107 80287.791220 
17 77187.045666 82817.097618 
9 76885.410065 82501.796245 
73 96337.633308 125478.632099 
70 91989.440394 53159.017598 
61 80540.149327 73953.324920 
41 78652.764478 75609.024285 
44 83030.720343 75844.799388 
3 76686.882756 82770.742038 
79 40238.376254 117039.951130 
69 80742.512981 55120.175526 
53 100396.209998 103741.027204 
42 75776.575112 78189.954310 
90 53347.904334 109559.909471 
16 77913.448870 83400.306938 
13 76195.836041 83860.141224 
97 2580.034319 57785.555086 
17 75963.791498 82209.592959 
14 76097.464436 82109.077513 
84 127450.913512 101077.094780 
4 76679.637261 82756.069229 
61 114128.573277 80952.261568 
5 76765.461047 82773.178477 
96 26921.108958 123606.263078 
46 90791.675910 99174.251607 
54 87942.625199 88670.309305 
27 79430.381092 86513.997683 
81 119463.698726 89110.747781 
50 73728.714329 71392.131090 
34 84574.376069 78617.017168 
67 99304.014380 44695.159973 
12 76522.245644 82988.786998 
25 74686.608539 84583.202306 
58 67064.810496 62462.412250 
75 90903.405999 45303.939097 
3 76683.801005 82842.045976 
14 76265.978313 83389.430850 
46 88647.528484 99234.323206 
26 81975.860421 84199.752901 
36 80386.879815 80967.207693 
93 112729.141620 47027.669821 
64 106804.458733 112308.853794 
85 115822.185239 71557.397394 
42 76573.123840 85438.301233 
48 76732.050658 65105.698187 
34 82623.389873 89286.507525 
56 70424.815481 84848.004977 
89 109716.012113 44842.491335 
17 76646.923640 81981.169258 
3 76692.742819 82836.621233 
17 75681.652082 82548.102420 
64 107337.843835 59588.733691 
88 31793.395040 75965.716456 
34 81662.099098 77496.775431 
21 76418.848159 81324.010960 
35 63348.911500 77214.884967 
31 74765.730847 81432.543845 
27 72325.405342 83394.152960 
42 66908.474225 97453.393630 
76 98475.063858 71915.939936 
4 76563.822225 82806.413130 
14 77028.585118 82036.525937 
96 72454.239056 56690.132849 
54 78042.379612 99985.748861 
29 81148.736078 74816.890491 
59 83567.912406 102139.426664 
4 76646.092130 82849.347272 
81 105734.300780 58584.092372 
16 75836.842565 83231.542943 
27 74480.710866 85868.272545 
6 76640.816961 82884.540824 
72 60718.601035 43839.358237 
41 64937.170382 89439.689311 
10 76470.892453 83267.496018 
86 8617.417882 62712.294996 
69 91828.101962 109446.899841 
14 76351.089817 81944.442504 
94 81261.437587 125769.359790 
73 37826.332211 95940.040576 
79 45981.811596 120927.628494 
44 68368.143609 106766.730706 
30 71609.867469 89351.077710 
84 73864.758301 136946.864959 
79 117740.344876 72996.771363 
80 103005.714115 59660.777734 
27 79331.072633 83255.235740 
62 89472.240304 62697.956331 
78 113176.184076 67581.264590 
23 74824.693996 81907.547560 
42 77766.840841 83622.571967 
99 108363.235694 135295.647949 
80 48024.843095 121151.293135 
17 78399.110566 83411.342454 
87 27400.298569 100588.090418 
55 88777.076329 51619.159222 
97 113476.297645 10949.162381 
39 63961.491100 80506.025569 
18 76908.553423 84137.158109 
19 76395.921809 84677.416679 
34 78200.482108 85250.694476 
33 71321.406451 80394.876123 
73 32923.038515 69220.690929 
23 78735.588856 83025.076522 
97 113218.555731 42350.397062 
27 76125.648373 84369.946339 
96 118427.048365 124806.582882 
19 78104.727315 80534.020522 
59 41656.916909 62594.199075 
51 72652.833128 84191.076841 
92 108681.933130 14866.323309 
14 76084.353888 82600.487489 
85 52491.496756 137138.367855 
36 65045.092053 81282.685862 
44 64053.029898 69875.666149 
84 51786.465647 74361.775778 
4 76639.694359 82879.487852 
63 102309.557089 106445.351584 
96 126153.503551 37144.842129 
80 95237.483965 127746.477401 
2 76659.413621 82819.170634 
76 33047.011709 52322.340859 
73 128545.109110 96843.074384 
71 55266.296079 52827.257038 
94 19514.077299 85443.170406 
99 13643.560118 101713.130514 
71 125518.654175 108355.770341 
75 48355.775885 107265.334480 
99 84136.664892 46236.329770 
33 85448.007337 87754.687614 
87 101672.187635 23633.602018 
62 70185.590504 87541.727416 
55 102017.065783 62440.662461 
87 134099.944712 118725.174063 
16 75929.676367 83622.487851 
64 61288.760603 97881.963220 
87 41539.653042 106477.479889 
77 98474.528650 100737.566101 
40 80979.729375 88950.121092 
75 94427.550011 36230.938122 
47 73715.498460 66018.606280 
96 106259.825382 137812.584272 
45 92261.672601 68743.559613 
33 76789.724627 90138.097933 
21 78626.879766 82792.526988 
4 76655.877900 82777.448679 
18 77207.725222 83257.272828 
4 76602.642925 82817.261842 
89 90441.201770 121314.265627 
65 100749.534594 69514.096949 
87 120761.027563 119277.752008 
3 76694.435489 82821.353394 
49 96035.123416 71666.817376 
100 72563.844250 144658.700965 
33 81393.180487 71114.882687 
26 73357.175052 83269.922187 
14 77315.343182 83380.036854 
65 85117.231529 72391.092945 
88 37987.284015 95500.776686 
64 106747.004125 96984.635381 
12 77298.613934 83177.644779 
57 112556.540602 99589.227568 
20 77598.900991 84327.652742
