100 500
26047.7246 4362 125853.0975 74966.03
27225.7868 5385 71641.2075 69828.58
20927.4322 5213 191876.7 19256.7075
34745.9883 5015 176807.66 11436.92
19906.1059 4996 25712.63 52753.1
26061.5348 5059 106482.3125 113163.1725
28065.4808 5522 36511.0275 72945.3975
17180.2567 4876 80339.1825 32591.525
31473.0799 4471 163723.9975 127208.635
15739.1797 4849 91690.295 167469.535
21671.5563 5051 64244.24 197576.485
27829.8057 7252 42451.235 26645.9925
19381.4678 4043 164819.7375 149347.86
21626.8031 6791 105321.98 156279.6925
25492.0877 5058 88746.315 112394.19
23431.4811 5932 157133.875 74630.385
23439.3347 6122 115058.955 41036.31
29333.8263 4859 177051.1425 114608.9025
20514.2418 5500 42538.8775 18619.055
27130.7127 4083 22445.365 34472.8375
24158.2185 5738 37455.785 133800.37
24945.1065 6018 117411.125 195679.2625
28870.3623 4785 137310.2625 47076.455
25143.7776 5000 79512.605 64196.5725
34012.8315 5978 4817.93 190400.4175
19678.5473 4003 154092.3075 27916.1175
23595.84 6426 52778.7725 10574.0125
26484.7561 4747 106361.135 4003.9725
22233.3966 6160 85539.29 121246.1525
34064.0529 3166 146459.79 158078.805
22480.028 3371 183992.5875 117056.19
18084.576 4657 98099.6925 103758.3325
25521.7842 5879 34090.085 35143.035
21695.4609 5614 105564.47 145984.585
28349.8097 2041 143089.4475 74498.6825
35673.6657 5327 161843.4225 182409.0375
22455.6093 5806 153102.815 72132.925
16339.6509 4286 56086.2125 99096.9575
27227.6543 3090 24829.13 153309.275
21634.9894 6110 90655.58 68638.6225
34926.9624 3485 129529.4575 14749.5225
28723.6843 5862 90606.5125 36302.5025
34138.0327 5859 123074.14 120535.6625
21725.9748 5734 142239.1475 174935.5525
20498.4736 6784 114834.955 83547.5275
15160.3783 5562 100814.6725 76586.7225
28252.0829 5037 163305.6925 43387.63
25453.1124 5025 158554.905 159673.5225
27735.2373 4278 193986.0475 39878.9625
26758.5116 4512 177311.87 170230.1925
29602.2329 3647 73563.05 35023.275
19134.7912 6415 180667.2725 177935.2375
24497.9444 4820 83760.355 14181.6025
26774.1665 3989 177033.25 11638.815
28137.5841 3382 177406.19 119963.3775
30039.0715 5424 30438.8675 117726.235
18107.4887 5513 1539.0575 48320.55
19180.508 4198 6705.5075 97142.17
31552.9658 6349 102522.6575 109991.035
32180.0258 6238 117574.7925 47471.455
25066.9539 4822 181924.3725 15391.8275
22033.6962 4385 37635.225 16380.08
32436.7554 5424 105019.2675 172284.3525
22220.9481 5740 109444.0275 128907.7575
22193.9021 5444 22267.405 1611.61
24679.0883 5643 94372.8625 73807.52
21556.5569 4184 25252.245 162912.4275
19244.8426 5917 82691.5125 194554.0025
34355.0838 4702 6000.81 109708.0025
18537.9808 4869 164285.68 74041.475
28763.5583 6193 106079.845 31325.52
32250.7365 5143 22447.9075 184962.21
25778.0532 4780 146605.21 153896.26
27677.0014 3911 51894.7375 133186.76
18468.0857 4453 18645.1275 23674.8925
33206.1736 5283 50863.5125 108077.32
28640.0865 5897 128918.105 132136.6475
21298.2609 6320 160696.9725 198449.68
35238.7945 5415 51244.7975 151808.88
31131.9427 5484 121772.745 3073.5925
26400.0185 4457 29973.6325 52053.6625
29135.8195 5646 111273.89 99215.2125
17745.7725 4839 112653.5125 7990.905
25178.3042 4362 137164.6675 53258.05
28828.103 4754 198163.815 39606.6425
21892.0226 5118 123251.105 41762.5775
27064.0812 5182 154721.81 150118.3875
25082.5331 4518 150650.14 58571.0275
18862.3814 5165 28342.635 48532.1725
23189.423 5157 47996.96 117877.075
20740.9116 4578 66127.8725 11347.91
17135.9576 2798 131161.9025 166478.7875
21391.7088 5467 1384.6275 114613.67
28144.6799 4699 88430.4325 65229.0825
27561.7745 5568 127.76 30090.9675
34324.7984 5163 112214.4925 119517.6725
18865.4817 4847 128209.2925 21219.875
24356.463 5155 46511.5475 132914.825
18116.0526 4876 177945.41 167507.305
17938.4108 6815 13400.255 11198.0975
376 36886.935 15783.3675
564 170666.04 70191.8425
306 1669.4875 55537.5775
436 167876.245 112056.5675
544 56162.65 9669.9675
328 97027.4525 57546.67
504 72427.4475 37489.61
255 126020.565 76374.5
336 128476.4225 127304.495
579 24550.125 154060.93
390 44659.7125 19034.22
382 102657.795 153437.7125
289 162540.8675 91703.7725
566 169336.3575 115708.0825
248 33861.4225 71475.225
327 180642.795 107415.71
412 69435.5675 122523.775
408 179232.9275 132898.9875
529 190729.4375 31811.77
405 27087.6625 100876.23
361 141167.9 121531.405
555 169995.9 140359.2675
452 166760.4975 164884.6725
375 21104.86 127683.1725
438 36018.05 185567.805
347 38365.65 104049.8575
518 77833.3 184815.2325
463 27886.2475 24132.2775
539 193194.9125 93457.11
348 32639.76 104682.6225
302 89812.1075 135192.43
526 177134.725 115414.525
418 72385.35 106197.465
405 65625.45 152505.4975
340 167536.14 7322.565
326 48348.9925 198531.895
388 128861.9425 112503.085
286 67219.7375 172647.4275
290 42054.4975 41660.8575
322 154654.39 108628.3675
455 2280.07 101309.275
179 82774.5275 172282.5875
241 79678.84 124679.7675
375 40795.295 174030.1625
396 98504.99 191022.4925
494 156552.435 153598.0825
454 191361.945 105090.5175
429 3196.81 172539.26
425 189607.7675 196821.115
523 168084.0425 117238.09
440 126711.2375 131765.7225
280 17385.675 193249.1225
441 79532.2575 48695.6075
422 159709.57 127916.95
350 111172.9325 133929.765
544 94219.75 43529.805
345 72831.0425 140702.5075
471 59793.1975 146985.8425
467 77654.0525 3109.4275
359 112393.5325 56893.8525
328 189511.6625 181585.595
355 93970.8225 68726.1875
415 67664.575 112882.165
253 178955.3275 135938.56
456 66671.375 158872.41
431 21454.23 117015.565
434 161310.205 184406.7625
369 87097.31 174882.5525
419 38684.325 192956.6525
338 134824.915 77976.315
430 117925.3575 170076.075
228 178042.4625 4262.125
325 158774.4475 100997.2625
295 140428.26 136126.0975
441 81165.415 17352.8875
357 126584.485 64338.1425
391 177384.325 113274.0225
372 81438.5225 125330.5725
355 128129.4775 6630.9775
359 140955.0375 161073.1425
377 163798.6575 91297.9475
494 29449.5275 190878.3225
454 84134.525 147708.525
375 10312.4175 149769.825
292 33836.785 44166.98
367 192885.29 61863.2425
521 89830.3375 48979.39
398 140906.9675 80678.05
460 36687.765 95793.1425
240 59464.2325 77047.155
341 153831.4125 99121.75
324 188840.6675 166411.5975
415 56744.7 66917.53
510 170090.975 126228.8025
538 101907.2125 16351.71
385 158443.2975 123139.4875
431 192097.25 107695.4875
442 126853.5375 195977.24
440 188111.8375 18982.53
400 89112.5175 73302.66
416 125214.115 166807.11
479 137665.22 35035.4525
483 54279.4275 69647.385
296 1243.8675 126539.135
461 35785.635 191328.7425
491 20676.72 176084.5775
452 123169.6025 45662.7775
299 99545.605 154794.0125
576 189580.11 123415.7225
395 196471.7025 63099.6725
535 198405.26 40990.8875
279 35195.7125 57788.3925
217 80714.5575 38146.6275
423 102787.7825 120473.8825
356 86106.6225 61014.455
306 61739.21 68167.6975
361 41968.8 140074.7225
338 172879.2225 189109.585
284 24139.03 193103.7425
390 31757.6775 67926.0225
420 67108.5375 199510.745
454 93315.08 123096.08
401 49340.5425 54224.485
504 62411.8125 17645.87
289 185231.27 14479.275
450 66055.38 73223.6675
339 114009.1 194210.3475
503 22350.8 189400.5025
281 173527.2175 148763.9725
354 23105.7775 87054.9675
469 89159.3625 107147.905
435 146557.855 107933.5775
352 77092.4775 164611.5775
352 135069.895 28660.28
300 8750.7875 52758.0625
514 0.0 9412.4325
434 23713.0325 102864.91
495 146689.9925 40768.305
444 192632.7975 140103.6375
376 132030.815 143189.8925
360 89330.5825 53706.7925
466 95510.37 130169.665
287 141709.3725 22378.5275
367 192674.08 157017.455
460 65218.6275 185977.28
369 160450.045 120105.975
271 6674.6125 85765.7175
590 129297.1325 97112.9375
428 94265.6275 117859.195
372 24557.6825 76312.1775
321 137268.255 180385.105
495 124404.195 22809.085
368 34749.6 15056.76
516 184513.9775 117324.895
403 16661.765 133315.91
397 25140.2075 39395.795
415 129271.61 5579.95
568 139494.3525 7440.1425
217 177953.6375 191672.2725
531 11959.15 101376.8875
332 16016.5125 114267.07
353 133314.1075 22504.785
359 51456.935 30212.3325
448 130021.5625 92856.5025
587 19246.73 167686.335
324 146815.18 54816.9175
423 69976.8375 20593.39
384 110440.945 30801.5425
517 62139.8 16917.97
460 141634.475 144318.485
295 181716.0825 165637.905
328 47144.515 10838.1425
611 67038.9875 150993.5125
228 114678.7675 9610.825
234 64857.295 182923.1
381 134859.455 192652.445
311 71487.1875 181698.18
436 76483.48 102220.9575
483 50958.89 3335.51
357 68923.585 134269.83
426 130309.4225 158829.5975
342 69391.9125 170382.14
216 136032.17 39621.7575
392 92894.685 6896.44
336 115291.1925 58271.3025
227 72645.165 124693.7975
423 180723.235 150604.225
434 82079.2525 198317.65
367 46438.1175 3547.915
375 61002.135 59371.3475
405 182447.905 193441.7675
323 30626.5925 55165.845
435 91919.3775 36398.135
338 11781.6875 81943.05
398 199870.8775 71248.93
495 80785.88 93095.64
537 40318.11 41051.6625
511 64995.3175 94880.565
318 28423.7375 1951.6475
435 90198.0175 41011.5
491 39771.2575 16558.3575
283 28679.4075 17232.475
250 77362.78 19990.625
532 133653.865 55529.9625
391 62221.56 29420.0025
632 113309.055 148336.355
357 107368.1075 104062.88
293 52154.0025 95186.725
410 6398.4775 90270.6125
376 139529.405 117124.8675
349 176527.6175 13150.2725
492 169321.8075 26550.5725
496 140502.43 26254.21
444 32247.0725 169048.915
289 192721.175 39230.8225
365 40589.4625 37724.2825
409 81083.5575 8832.7375
414 129931.8 10162.1525
415 131860.195 87398.71
427 89230.03 141323.715
420 109078.7975 91393.37
399 89969.0475 162969.5625
218 67074.3025 195616.035
415 35986.2825 50125.73
505 158801.0525 143957.2925
514 48846.995 181273.0475
432 73920.5125 26289.0575
485 87490.9675 173611.3475
481 145423.8625 13444.84
363 160203.6225 181108.665
384 140026.805 47074.9575
457 195206.5425 170536.5875
492 114173.5675 14234.1175
190 96528.9475 8055.4725
305 55318.125 51772.155
668 32775.185 109458.5525
495 98113.545 88410.7025
441 27526.555 94888.535
272 157948.05 14534.07
440 84140.0375 60717.4975
358 143874.6575 27471.8525
419 56403.98 95313.15
388 170388.0375 60425.045
320 170075.96 6147.525
320 46314.9675 152386.1525
490 183713.565 119222.6175
470 14150.35 40779.735
477 8704.7725 60443.9775
448 2720.93 48056.18
525 30487.2875 53411.0775
396 107962.0475 59542.6425
526 51649.855 184254.19
457 107597.125 83257.595
363 13341.2525 114206.07
381 189398.99 77809.43
348 18437.625 166002.6675
295 72662.8575 54479.8975
501 184091.035 45.975
434 111494.915 94757.9125
426 155255.225 64897.825
403 41319.2225 120514.9875
408 124600.3375 142238.3325
486 93426.285 119288.675
377 150331.675 66291.1675
459 141349.045 9305.605
390 168349.42 199922.6825
498 18941.4425 107893.775
366 33212.635 19471.27
303 197817.18 174877.6525
223 307.5025 161718.645
414 174227.52 99105.95
387 188385.725 106715.9575
378 56267.13 22165.105
413 83041.6025 119857.0
357 124699.465 28231.185
417 28755.3625 54436.8075
444 121731.1925 151304.865
475 132303.465 38376.53
407 56190.095 10923.6175
360 187703.77 9006.72
414 55881.5525 109890.075
396 62949.785 86631.85
375 183010.8675 12186.2275
300 61432.97 6723.435
452 14278.265 76869.71
445 6859.985 61749.065
285 38193.285 24792.155
407 81341.775 169387.0125
463 38561.0325 196767.155
363 124267.205 123096.03
466 171921.4075 156333.7
463 176174.8925 31917.2725
363 34816.435 107476.465
447 112360.6225 79449.77
433 162668.335 181860.0825
549 175348.66 11281.355
413 159119.9325 81518.105
346 1711.0625 54338.3825
362 9512.8875 169666.6025
407 41717.535 50591.32
456 17267.7825 37364.2925
476 167782.14 49943.965
466 77679.6825 70225.8025
505 68315.38 145631.39
456 65047.05 41005.6475
498 158963.4375 1444.7025
369 11688.145 130649.9775
359 117709.255 152793.78
350 40799.43 87972.4675
353 199491.175 155374.8525
337 58426.57 163808.75
400 66226.86 61334.7125
516 129334.745 55903.4575
281 68600.6125 58432.835
385 45711.98 112048.6625
325 123635.695 8221.65
473 168707.455 53607.155
442 6655.5675 136031.91
529 152975.3525 98129.41
351 442.0575 140023.8875
566 130478.7375 35778.26
552 41726.745 77525.5775
433 107680.3125 28553.6975
554 71724.13 139691.97
483 65439.8175 39225.5525
422 81117.8 188778.3375
392 3691.275 168675.3025
334 111472.8925 1601.515
481 175934.47 30293.735
427 67332.035 87140.85
480 101015.7825 69349.0025
347 128947.045 100546.98
336 30515.5975 173662.8225
357 40154.7075 39244.615
446 25934.775 174741.8225
467 197913.2475 176886.07
358 62310.66 80027.6775
508 107337.7225 190380.375
463 120121.3125 98175.54
472 9226.8775 148066.6425
350 139647.9175 27413.24
505 92024.935 185993.945
340 109564.095 179049.415
274 100209.1975 85842.3175
300 144487.7475 118289.6925
480 118031.9275 132077.15
476 35648.7 122397.3075
418 145076.19 151948.035
423 12100.8525 27548.05
381 104824.16 183966.725
508 73264.51 180895.5575
330 97209.6275 26391.655
327 55233.2925 54585.4975
333 43222.8925 146343.815
225 43697.785 89339.185
302 148652.1775 151423.2775
434 72769.5275 97204.37
463 152342.105 135182.315
483 105197.425 42997.69
430 32753.4575 3911.7625
469 164145.8975 69714.8525
253 39132.735 79707.29
552 164107.29 86554.1725
447 121460.485 34299.37
287 75382.7825 197852.4425
274 120788.4475 27350.9575
454 107699.0375 197486.2925
369 185690.5625 112928.28
300 2299.2 22300.48
317 100515.6975 68039.455
291 91213.13 46714.3125
394 10125.55 156095.595
390 110372.9725 82007.4625
438 33075.9075 159032.0075
521 134464.8275 139718.8075
486 29236.0275 60449.65
459 77084.72 96471.975
503 34412.055 5294.0725
407 161270.11 42652.36
406 130806.695 153805.87
327 131466.9425 63715.675
387 106483.085 106738.87
532 138645.9975 21697.7125
368 180093.73 159116.51
489 167062.94 165637.2225
375 184690.8125 110925.94
363 53960.07 54526.44
322 44847.435 150246.235
440 112680.81 62722.2775
387 134546.78 49158.8225
530 108403.865 168157.3675
418 9782.67 47008.54
422 45224.535 46690.7425
361 140347.3275 64229.98
543 156353.725 20706.4725
403 89850.175 182342.93
407 175038.735 174959.4325
540 32849.675 28404.1875
414 95258.79 167193.415
326 51424.65 171231.1425
300 126226.99 81906.33
479 128833.68 15735.9875
402 111973.0 190281.3325
505 158228.3525 140144.9175
350 8908.68 102064.335
455 144115.3275 26554.32
413 105417.0925 59960.21
412 10938.665 119045.075
414 164949.9025 135665.67
325 175371.1525 193922.8075
398 42351.6925 36080.105
354 20413.53 27876.3525
435 33555.7225 27073.31
391 1970.5775 133081.545
504 55872.055 114807.1575
484 152516.76 53908.815
386 190832.915 117475.48
517 89298.9025 87111.3175
346 92706.4825 21847.6675
561 135992.9825 99361.2825
527 142867.0625 33506.475
486 14675.065 130195.14
231 185662.995 110743.775
349 83839.695 64782.89
401 27619.4625 193414.52
464 143260.05 153157.1975
376 82877.41 2368.9425
433 24515.275 93286.78
416 69001.54 119062.9925
502 133971.5525 158180.5875
435 146246.2725 98009.545
504 152682.585 180657.0125
467 155567.27 22170.4325
510 15524.915 164027.41
372 107265.0775 44778.965
529 196509.765 16053.97
278 91193.435 68956.2175
382 150004.5975 166417.085
451 111126.1275 103036.825
513 199494.275 123260.7875
230 13202.695 169759.8925
416 29613.62 130155.79
387 138220.4425 51286.74
401 4233.855 104653.8475
386 76065.67 48114.155
419 80053.88 95252.95
401 197293.9225 12289.1725
327 4816.8025 190513.6125
294 182413.46 109590.705
347 12983.3225 136469.065
203 84801.265 56324.065
418 176325.14 198255.5375
468 150273.3625 190937.2425
358 117656.2825 25138.63
224 76493.975 168551.035
403 59980.9275 169680.2475
335 35.16 142142.55
288 187393.2225 62264.1475
345 17724.4275 96498.02
383 181392.945 64859.2
430 114969.595 160656.4825
548 178394.32 114474.3575
290 245.645 189357.805
433 145464.7725 140632.175
398 197135.2 176984.0625
321 81994.56 10643.92
473 67488.605 155361.4875
395 79148.7875 132430.79
328 96746.4025 29531.15
575 4987.7975 61754.4975
341 25639.1725 119254.0075
393 152597.2525 57799.99
419 197524.26 143971.0075
534 20308.5375 75561.065
384 185005.7625 36881.465
425 72729.07 132747.5525
400 64050.87 90101.57
454 98302.315 156516.4475
484 102430.92 110111.04
288 127457.1725 51938.3375
409 96111.895 3486.1025
432 178911.31 25654.54
345 17250.66 88387.9925
524 123477.2275 159315.365
501 143412.035 116386.78
385 164895.5875 82599.4075
357 120480.125 54025.4225
314 179421.6125 161125.735
435 83941.63 172490.9475
364 146794.0025 56574.105
362 100352.0925 51639.83
415 81953.665 78434.47
408 34348.9775 66464.0225
367 58211.3 111363.7775
612 29546.2275 4565.555
512 187337.4475 130769.745
481 157683.1025 157032.425
454 85940.935 136894.6425
445 96005.905 88748.1
373 29374.9 118011.8225
