100 100 
178 315 32.921612 32.921612 
163 315 28.489439 35.228174 
216 315 29.975804 34.002695 
256 315 27.250858 39.175696 
198 315 21.117501 46.550991 
193 315 32.718446 31.008901 
161 315 21.886108 40.601098 
203 315 32.196476 32.882530 
156 315 34.620288 31.171857 
192 315 24.250910 37.419500 
228 315 31.036392 34.395381 
101 315 34.235221 30.844394 
237 315 34.002808 34.928796 
149 315 27.028117 34.405525 
134 315 22.927866 39.474899 
224 315 23.260875 42.110224 
134 315 21.706721 40.038770 
185 315 23.281713 39.343614 
228 315 26.063120 39.072883 
143 315 25.829914 35.297229 
130 315 23.827582 37.123697 
124 315 37.304162 30.265629 
162 315 23.046496 38.047900 
196 315 20.429019 47.991841 
146 315 38.249885 31.516431 
204 315 24.264984 39.775657 
237 315 31.365204 34.230776 
150 315 22.936967 37.590317 
54 315 23.015772 35.979628 
79 315 23.159332 36.045535 
192 315 23.715835 38.239350 
300 315 34.118229 34.829386 
186 315 21.489235 42.117795 
171 315 25.003383 36.311289 
161 315 23.485752 39.127171 
211 315 30.240839 34.199794 
236 315 29.384767 33.509627 
124 315 33.378244 31.940912 
171 315 22.127077 40.216717 
188 315 26.773112 35.449663 
167 315 28.368061 34.311492 
233 315 22.620565 46.796783 
63 315 23.062460 35.487339 
199 315 33.782620 33.230242 
271 315 32.102985 36.175758 
71 315 23.249977 36.991446 
163 315 38.878756 30.936263 
206 315 23.302873 40.611823 
219 315 33.904599 32.162992 
150 315 21.205046 41.677718 
89 315 20.536660 41.287705 
155 315 26.068109 34.767910 
195 315 21.250147 40.360829 
116 315 23.075174 37.805285 
148 315 29.043487 32.043988 
182 315 20.766872 44.623701 
122 315 25.645486 34.877127 
113 315 21.363091 39.650946 
160 315 22.423723 40.317683 
175 315 36.702482 32.267275 
222 315 24.517241 37.676134 
168 315 23.276234 38.580107 
172 315 22.016057 39.677374 
142 315 28.203915 33.313361 
89 315 31.169084 29.806680 
244 315 28.285961 37.276821 
118 315 29.277544 31.937371 
119 315 37.907026 29.685595 
50 315 24.345956 32.449366 
252 315 26.305819 39.033829 
207 315 32.455354 33.008876 
140 315 37.862104 29.927190 
101 315 22.135827 36.801510 
134 315 31.495462 32.562545 
201 315 21.093587 41.398274 
219 315 30.310463 34.853358 
255 315 26.746776 35.885888 
185 315 33.939402 30.702396 
216 315 25.217964 40.092125 
89 315 26.316729 34.113378 
262 315 37.813558 34.631804 
152 315 22.572750 40.059670 
190 315 28.703953 33.741928 
243 315 30.651293 34.445259 
258 315 35.959307 33.570184 
147 315 21.115959 39.474072 
221 315 36.549250 32.008248 
199 315 29.459080 33.647831 
227 315 35.140788 32.551788 
174 315 24.531703 38.806625 
141 315 20.564418 40.466627 
107 315 17.965897 45.332180 
222 315 31.839180 32.829391 
207 315 31.307244 32.930891 
238 315 25.434610 39.108659 
272 315 30.766582 35.484030 
217 315 32.162373 34.330903 
158 315 26.702981 35.171713 
179 315 33.512116 31.060411 
132 315 28.658949 33.324606 
3 36.955881 51.976625 
2 33.950168 44.475658 
3 39.333332 50.587508 
5 47.924578 61.008790 
5 42.734438 62.848599 
1 29.200157 38.340942 
5 32.943278 67.671008 
2 32.892058 45.755518 
1 29.185744 38.135135 
3 33.872464 52.934172 
2 35.373202 43.957451 
5 44.634703 7.257466 
5 52.452070 55.242888 
2 33.980976 45.583995 
3 39.621787 50.444904 
1 29.810787 38.135022 
2 33.202336 44.561738 
1 29.547869 38.576753 
2 34.767704 45.043198 
1 29.444993 38.374925 
2 34.316301 45.746179 
4 46.404656 53.647511 
3 36.065933 52.273002 
3 37.165524 50.311409 
2 34.194483 45.702718 
3 39.806589 49.660539 
5 47.450587 59.908653 
5 60.816566 35.955535 
5 17.743117 5.937082 
2 34.442889 45.451047 
3 36.524186 51.371780 
5 30.329654 68.706379 
1 29.420791 38.544447 
4 30.120568 61.101369 
5 49.842777 58.771297 
5 40.014678 63.300747 
5 42.210689 62.124724 
2 34.933844 45.183691 
1 29.119832 38.284326 
4 34.365477 60.959960 
3 39.930678 48.871986 
1 29.068149 38.096733 
2 34.714072 44.974275 
3 35.750530 51.072771 
3 39.878092 48.150282 
2 33.517130 46.296747 
2 32.198446 45.732353 
2 33.222421 45.664272 
4 45.217336 54.123363 
5 58.397291 46.868825 
3 38.636762 51.067431 
2 34.939734 45.239871 
1 29.515170 38.317493 
4 46.621808 51.419428 
4 42.454941 57.539073 
4 45.797830 50.394455 
5 59.275063 41.465979 
1 28.932591 38.195160 
3 38.793678 49.323769 
2 34.268988 43.694499 
3 41.518829 50.896176 
3 38.457756 51.130800 
5 36.619003 64.878080 
1 29.493531 37.599141 
5 0.000000 26.341216 
1 29.476270 38.555015 
1 29.228713 37.892147 
4 43.507342 56.161764 
2 35.302926 44.272315 
4 38.162633 57.535924 
4 42.157600 57.202634 
4 49.052806 52.304883 
5 56.862925 46.908557 
2 34.839386 45.515638 
5 44.276532 62.424406 
1 29.465418 38.362584 
3 40.559310 50.055822 
4 41.806487 56.323762 
5 40.405976 63.109721 
4 42.368889 56.437962 
2 33.397242 46.269170 
4 46.180194 55.284047 
5 57.533543 45.503843 
5 40.934200 62.100723 
5 51.621961 55.719270 
5 33.502262 68.160602 
1 29.518736 38.889060 
1 29.175682 38.190246 
3 38.395704 50.595380 
4 28.602014 61.289186 
5 41.162096 64.517438 
3 35.030095 51.674295 
4 33.963191 60.287396 
4 37.824449 57.654396 
3 36.533754 52.039185 
1 29.626731 38.228665 
5 55.825395 51.382233 
4 45.595871 51.149867 
1 29.602822 38.282051 
5 49.386318 60.101267
