16 50 
7500 5000 530270.178338 530270.178338 
7500 5000 506881.911708 520001.110135 
7500 5000 512878.453164 532436.112860 
7500 5000 527498.355212 537001.037346 
7500 5000 521012.425221 537107.993786 
7500 5000 516898.748012 535242.902624 
7500 5000 665641.340889 476670.500192 
7500 5000 755906.779714 489621.286716 
7500 5000 519208.970404 535146.948724 
7500 5000 703398.418920 466419.796905 
0 5000 522083.065272 538443.502722 
7500 5000 563032.998627 531469.807276 
7500 5000 926680.562433 460985.318480 
7500 5000 546598.713599 532304.205360 
7500 5000 612141.606644 423500.363374 
7500 5000 581064.721305 501849.346367 
146 652581.344634 505875.784538 
87 652530.847501 505857.001675 
672 651639.800619 506204.824036 
1337 646619.286586 508814.895814 
31 652523.327943 505850.890949 
559 652007.388386 506087.224792 
2370 627731.859184 540190.067562 
1089 649115.739253 508137.346848 
33 652524.961618 505851.406552 
32 652522.560279 505850.518662 
3495 525433.351101 647849.440140 
904 650647.807464 506923.847808 
1466 646738.583674 509862.780112 
143 652474.103550 505865.979816 
615 652706.891979 506153.969892 
564 653049.939718 506351.273347 
226 652477.424108 505920.365734 
3016 622744.597677 546437.587202 
253 652455.972928 505964.742708 
195 652633.760713 505892.315572 
38 652520.379622 505851.589099 
807 652874.801679 506275.454774 
551 651901.099781 506249.116481 
304 652338.660390 505904.978847 
814 652125.256131 506666.599270 
337 652270.676376 505959.893787 
4368 794542.061383 664892.381354 
577 651826.574217 506248.631854 
482 652236.950792 506047.034351 
495 652076.394769 505981.584213 
231 652457.386837 505882.405949 
322 652332.221378 505948.922585 
685 652162.340944 506145.732561 
4912 0.000000 626138.169441 
325 652543.954642 505952.310071 
366 652465.075550 506031.716177 
3671 570710.628885 610623.703382 
2213 637085.331099 518459.613080 
705 656319.303961 507553.459265 
328 652206.110903 505984.988475 
1681 648107.027953 509678.310746 
1117 651296.723061 508158.934461 
275 652830.968144 505997.449720 
500 652807.296808 506036.902854 
2241 704116.166028 553988.026529 
733 656367.079187 507854.852843 
222 652766.927508 505990.391929 
49 652531.496975 505852.005714 
1464 645277.392734 509424.061575 
222 652525.128083 505904.208418
