16 50
11658.7443 5360 19029.07 13336.0525
12088.8244 4970 6359.2425 81216.21
12854.671 4954 96740.4225 32504.6975
11232.7463 4933 37955.795 46081.36
12445.094 5064 26289.1175 68796.4475
12347.2502 5617 27.275 75057.945
13345.1772 3817 51396.1675 57390.4025
10803.5294 5205 72515.7775 96256.945
12780.8564 3991 82660.785 78844.745
11513.2735 6534 56647.835 53082.9875
12079.4347 5218 58943.505 53141.42
13260.4513 4677 21776.94 50604.05
13012.4058 5122 76346.135 77250.9275
12315.5353 4863 39463.6625 55330.395
14034.0336 4282 23742.2125 32148.85
11691.6794 3790 26740.015 38441.89
673 11574.3475 4085.81
569 31073.495 64305.2325
599 69577.3525 29461.23
525 60725.43 28291.285
764 28224.52 25598.8925
697 82620.3525 19695.315
881 68903.745 73535.1025
421 34587.96 67231.98
552 34725.115 48867.76
625 28383.86 36483.145
872 31649.7275 33657.7675
561 58609.145 3687.4725
657 73576.1925 87214.4275
931 38423.23 21367.2225
575 0.0 1838.365
833 78970.8875 48289.1
393 72051.4875 78566.08
639 20199.37 52881.8075
679 53738.1875 97890.875
808 61091.7675 54326.965
753 93326.1075 4946.4925
641 11801.535 55483.8375
634 72008.1025 10145.035
611 53586.0425 27055.0875
472 18048.9075 69404.3675
511 21621.585 87677.255
574 53506.4925 9008.3475
599 71918.255 17715.1675
448 95540.19 33994.0825
735 59171.1425 57276.76
799 47232.2925 33400.1525
474 54303.7825 69193.8225
852 58189.8525 52357.9425
844 22379.1875 89668.8125
895 90473.2825 49984.79
549 54863.2875 43707.435
650 77561.3175 53431.1625
574 19925.2175 5402.6325
727 33157.605 99155.12
495 60100.3475 82224.1475
629 5018.6825 5284.565
744 35879.5725 65800.44
616 82303.24 27543.08
543 12039.745 51760.095
725 31036.49 84054.81
382 86572.8775 36853.1325
585 8444.365 91539.215
1014 35841.1 71491.0175
622 11237.7975 57463.4775
501 4364.3475 30408.3725
