100 100 
231 312 33.420917 33.420917 
201 312 32.600176 33.322903 
215 312 28.393014 38.064640 
224 312 32.174859 35.726032 
140 312 26.938206 40.313517 
208 312 34.068593 33.652596 
120 312 34.561669 30.081757 
241 312 44.471346 30.943435 
215 312 27.758401 41.276237 
180 312 31.623017 33.911261 
224 312 26.348706 41.325759 
157 312 31.950173 33.709682 
187 312 25.686905 41.966109 
50 312 31.110678 30.401899 
220 312 31.235528 36.592083 
191 312 28.731029 38.805689 
200 312 31.326398 34.564040 
98 312 36.091770 29.875699 
166 312 33.307992 31.427458 
143 312 36.446774 30.308107 
184 312 26.871590 46.832930 
170 312 39.724782 30.062108 
57 312 30.207000 31.520949 
235 312 26.796010 47.393275 
183 312 29.178712 34.480835 
145 312 25.014756 48.826811 
279 312 35.918659 34.284259 
123 312 25.356046 49.876304 
131 312 37.748429 29.229837 
236 312 34.713072 34.057084 
186 312 26.181518 44.434339 
140 312 23.868397 48.701457 
264 312 32.237750 34.014282 
215 312 38.997951 30.985680 
209 312 29.214946 37.753308 
120 312 39.195322 29.120753 
127 312 38.808091 28.492119 
257 312 40.446237 31.144870 
137 312 36.287619 30.442995 
145 312 25.835064 42.110394 
201 312 39.991835 31.676219 
200 312 25.485346 45.556658 
200 312 38.170073 30.374447 
201 312 26.638470 42.904840 
243 312 27.045188 43.112557 
198 312 34.327790 31.114052 
153 312 25.008502 45.903786 
170 312 28.326403 37.240313 
170 312 24.434935 42.200753 
143 312 25.012174 43.945143 
156 312 26.326601 43.402584 
209 312 26.586332 48.971640 
174 312 24.718947 47.061504 
127 312 35.671188 31.217341 
293 312 29.861402 40.072022 
93 312 23.027579 43.791538 
129 312 30.893975 31.484878 
226 312 37.949065 30.746401 
247 312 29.170459 44.221989 
178 312 25.921438 47.014306 
157 312 33.240274 33.283048 
267 312 41.918735 31.818911 
171 312 30.491770 33.441770 
195 312 33.070198 32.906947 
253 312 32.419952 33.779089 
108 312 41.919780 27.320655 
165 312 27.670788 37.823366 
215 312 36.486279 31.387866 
179 312 34.106213 30.569184 
172 312 25.848698 46.534184 
167 312 30.124535 35.061486 
115 312 26.220428 36.953924 
202 312 27.899243 41.336284 
143 312 25.315463 42.854128 
194 312 24.424811 43.644569 
167 312 28.519262 36.350500 
241 312 27.344975 46.825959 
193 312 30.802378 34.783737 
267 312 29.529116 37.662184 
230 312 34.053316 32.080197 
139 312 31.978747 31.041560 
58 312 28.138991 35.031851 
177 312 32.310986 33.500522 
300 312 28.743704 48.330194 
148 312 25.101985 48.533032 
94 312 35.561540 30.827725 
156 312 37.492985 30.830131 
246 312 26.937764 42.520602 
244 312 35.011892 33.548518 
133 312 23.651340 46.529122 
283 312 28.328881 48.507555 
111 312 35.955322 30.714951 
212 312 37.639383 31.547322 
225 312 33.141149 32.736969 
165 312 34.482378 31.797457 
253 312 27.130773 45.755369 
227 312 25.756602 44.710304 
222 312 27.129545 38.478664 
254 312 29.218216 37.943731 
263 312 32.725301 33.245644 
1 32.746332 38.856497 
1 32.327749 38.722960 
2 39.176043 42.494763 
3 46.909766 46.368718 
4 51.687799 53.988189 
2 37.431236 43.993884 
1 32.860625 38.713237 
3 46.431843 44.942043 
2 37.153272 43.864258 
1 32.558986 38.616329 
3 43.564146 49.062973 
5 56.368393 53.170297 
3 44.980923 45.419768 
5 50.139323 59.018068 
4 50.834557 50.054728 
5 0.077594 34.996792 
2 37.897999 44.754311 
5 3.560911 31.900057 
5 47.147690 62.185461 
2 39.129675 43.530642 
4 47.335326 56.407729 
4 46.968057 53.224507 
3 43.729832 50.366642 
2 38.729772 43.375148 
1 32.312378 38.876541 
5 50.660500 60.731153 
2 38.013512 44.922428 
2 39.217279 43.070903 
2 38.361605 43.380714 
2 38.211861 43.931258 
3 44.534632 47.991382 
5 49.299070 63.654756 
4 55.846646 43.982944 
4 43.684044 58.892382 
1 32.458631 38.913081 
2 38.315269 43.324809 
4 48.190542 55.336975 
4 49.053474 54.709783 
3 46.528604 46.048935 
3 44.803087 49.657537 
1 32.489602 39.068787 
4 45.483041 55.248051 
2 39.309212 44.124709 
5 55.200407 56.581439 
1 32.728921 38.890636 
4 46.790402 57.109942 
2 38.277540 44.561086 
5 61.955757 44.077498 
4 54.102793 45.150002 
3 44.124211 49.724700 
5 58.199497 53.223710 
3 43.325648 48.439706 
3 45.487068 45.949005 
5 49.326026 61.905797 
5 0.000000 41.011018 
2 37.951479 44.300615 
3 44.785182 47.729067 
5 62.175455 46.920707 
2 38.979338 42.117002 
3 44.675976 47.695848 
5 58.755218 52.166605 
1 32.473843 39.186430 
2 37.698916 44.731165 
4 41.878256 58.990321 
5 60.835974 47.288657 
4 52.505080 50.275789 
5 59.586992 51.779564 
5 45.550294 65.020606 
4 51.238304 51.453427 
2 38.605272 43.574020 
5 56.064488 54.680971 
1 32.799959 39.015834 
3 43.565536 48.768278 
4 51.091629 52.916866 
5 16.599062 9.025317 
1 32.485481 38.883488 
1 32.675401 38.967158 
1 32.345350 38.649364 
3 44.198322 48.423304 
4 53.015994 47.435965 
2 38.961396 42.867587 
3 43.272497 49.254100 
5 25.467497 4.943779 
3 44.293137 47.009051 
3 44.824473 47.746551 
1 32.417491 38.766904 
3 44.322833 47.057683 
2 38.218990 43.787488 
2 38.509178 43.419404 
3 45.717918 46.032834 
4 45.533460 58.344264 
2 39.731123 43.135553 
2 38.339927 43.667690 
3 43.882777 49.426778 
3 44.361430 48.933239 
5 48.551146 65.141181 
2 39.109657 44.070757 
5 60.102299 46.138532 
4 50.991633 49.148143 
4 53.547467 43.794987
