100 1000
12322.0994 4879 39220.365 70386.4275
11325.3559 5084 33161.1475 16522.345
12931.7397 4175 40263.7925 16157.9125
13299.1726 4684 36366.1825 96916.0975
12003.4521 5171 48993.93 5070.5875
11922.3201 5319 78056.86 86205.6525
12597.6419 4011 71087.525 67944.045
12640.4787 5126 22980.445 50727.2475
9042.5237 3738 35612.515 38506.875
11225.2455 5592 76622.8 90578.7125
11312.0746 5612 52791.4075 16661.1125
12057.451 6598 62517.865 71679.9175
12733.7886 4853 68108.225 80812.2675
14543.5805 4842 42084.0675 36527.98
11907.8492 4700 85608.345 76143.6925
9452.9176 4683 54088.545 57956.21
12710.9536 3835 56409.995 49534.785
12623.6303 4472 24977.0 51390.88
10595.0038 4152 39914.235 31547.33
11351.5033 5619 19527.5 69439.1025
13087.1621 5592 36490.5275 99079.485
12296.3008 5326 85659.3825 37223.1875
12091.6571 5453 48422.655 8227.5225
11455.0128 4659 90425.59 48663.8525
11940.8925 5705 17929.36 42224.5525
10297.624 4537 92494.91 98480.4875
12157.6901 5321 82914.1075 21038.13
11947.0207 4561 3046.44 96468.445
13374.566 6145 51133.7975 10496.205
12419.6537 5549 54735.285 97923.3975
11740.3675 4774 5192.7725 88869.7325
9671.2255 4416 72278.425 70367.2975
12985.0957 5547 27406.135 28255.6225
10048.9398 4106 20648.7275 87816.895
12772.6884 5736 3166.83 5327.19
9945.8521 5908 17746.0075 66431.7075
13395.827 4893 47621.1975 5845.265
12896.2502 4477 82784.455 24389.685
12213.916 4020 56398.9775 66420.4025
13133.4231 5426 68768.09 17532.02
12662.9135 5126 1096.8 61099.3925
10564.8575 4519 7294.5325 86148.745
13077.9148 5133 0.0 44636.23
13123.5767 3915 61033.645 16670.6925
13143.7697 5270 23008.5225 84872.465
11795.9581 4785 66636.615 9900.015
13845.5859 4241 46008.4325 47504.6525
10094.0857 5565 56341.34 42766.145
12039.5146 5330 31637.79 72181.145
11406.0081 4665 26673.445 34854.475
13348.6811 4171 29251.5775 73751.7725
13169.5808 5229 4812.75 97011.0775
11416.7835 6612 12752.8575 90936.8875
11355.296 5491 75989.3625 91288.305
13083.8142 4190 27015.495 95130.645
11381.0138 5548 33495.06 37142.07
11270.9018 5531 18871.75 64092.355
11418.2244 5777 62048.625 66157.725
11699.5857 7530 4908.0825 5535.5325
11707.0476 5006 44732.605 10334.7425
13666.9498 5919 81204.2425 56550.25
10888.6826 5860 38682.2575 32458.755
12652.3907 4820 7226.245 35728.5775
14569.5517 5941 45605.2475 69619.9175
10916.6852 4372 53677.035 51968.3875
12798.0993 3964 2251.115 19737.8575
12136.9927 5581 82873.4775 40309.115
12397.3096 5609 69176.685 39229.37
10626.8001 5305 98284.6725 25073.5525
11325.1892 4938 6299.98 66785.2875
12742.1593 4764 6929.1225 14196.53
11620.167 5326 74751.6225 49318.0025
10893.5786 3948 52311.2925 36641.7225
11816.1298 3909 96082.1525 29514.5075
10871.1658 6550 28011.44 89175.24
11105.0339 4536 93537.355 86578.7575
11719.2416 3357 26648.1125 27320.755
12319.0524 5740 41208.0925 74653.94
14134.0296 6815 53677.37 20805.7025
10249.6797 5657 64678.105 43564.69
11169.7064 4102 74646.955 34943.635
12889.0234 5923 52182.86 53217.2
9493.1114 3692 79744.69 70567.4225
11944.42 3267 69973.9325 2204.745
12699.8756 4599 54329.56 73822.54
11796.8211 5724 96690.3525 25534.7125
11370.635 5370 97069.105 5604.1775
12920.042 5040 31928.6575 63177.0575
11672.4373 5466 67945.5075 98587.61
11767.3343 4145 84885.3125 39549.335
10117.6733 3679 2938.99 97284.4675
12433.6844 5208 13942.86 23451.9725
11233.3066 5785 7758.055 15264.025
13290.0383 5702 584.24 14533.645
12631.2856 4875 66417.6475 89872.1525
10953.851 5734 87415.0375 42715.6275
12226.6433 4569 24848.4675 39253.005
10785.8307 4822 84785.635 44478.5875
10123.4084 5451 51736.135 18830.8925
11069.686 4112 46531.4525 45872.28
217 93079.6 91552.89
191 4538.5175 45585.82
163 29433.2775 72841.7075
215 96867.205 42114.475
150 79659.315 48266.14
235 67850.985 69220.2825
145 92762.89 31654.4175
169 14269.155 28313.47
238 72884.23 22237.255
199 38089.74 62914.115
156 11973.3175 61071.0425
153 85914.0825 43358.885
205 21563.65 84734.615
171 39326.4825 71504.1775
238 14561.895 68843.645
143 89058.365 15512.22
247 66278.87 79991.8
225 20051.5125 68824.61
270 50678.8025 84866.32
184 90846.3875 93488.175
206 35806.875 5519.5925
239 18703.21 32737.5925
141 65644.065 26781.29
189 17428.365 13741.4125
268 3148.56 99086.5675
185 12794.5525 94451.425
237 5931.22 68899.6575
153 19246.2 7191.7075
211 45974.5875 55069.59
206 42236.365 76183.2075
277 155.965 40380.8775
257 22162.63 20246.8025
232 20646.295 22819.475
236 67901.4625 7700.4025
228 45380.6825 59825.215
215 56586.24 60883.5575
155 70083.1875 6601.0075
234 27654.1075 21107.425
234 17422.5925 2569.1275
222 82557.445 6837.035
222 81428.12 16533.245
206 13213.7975 70778.66
226 63874.5125 64268.0325
236 61267.4275 57988.17
204 64547.195 53745.205
237 63851.4775 3795.7625
162 73286.4275 99075.635
143 68819.2075 20009.9475
165 55415.0325 56292.9525
144 20120.2425 20518.2775
183 94659.9925 48693.4325
190 84295.645 89579.6225
293 63672.1725 18838.585
173 17677.635 27097.78
164 32610.47 26282.125
226 80054.44 82322.34
229 23310.9925 25488.3225
115 82064.435 2710.135
175 32521.2 34314.4525
121 424.89 73799.4375
146 41985.5575 15257.505
178 28843.7825 79812.08
159 16770.2825 33694.195
236 52005.2975 41969.055
201 20634.0025 49370.4325
271 17797.9775 68908.395
235 46868.5775 4013.1725
223 78774.8025 21464.61
249 48510.99 78426.445
176 80613.9175 63157.9775
139 41510.7825 50528.405
180 18177.305 36292.6475
193 59097.1 76866.0025
185 91445.5075 64903.9325
112 29154.36 80766.8725
197 12207.465 32670.665
153 8592.75 39703.7675
268 12700.2425 15051.2375
240 79023.61 77103.595
143 47144.86 62541.1225
199 28492.285 34917.115
220 85602.6225 94759.9125
193 15957.6725 43995.635
267 33685.6725 83706.6825
195 40246.56 36274.7875
209 6671.9125 87589.18
254 10588.5275 26219.2475
183 54364.245 59756.04
237 89716.5175 6918.4875
237 80683.05 18989.215
215 34892.9125 52838.6575
180 36007.35 76427.0175
228 16176.7775 65034.95
230 3934.9725 20326.4
155 92045.33 65492.12
183 44508.855 92479.315
244 30800.8775 67237.12
179 95568.3025 41656.995
200 53671.2025 37598.02
221 86597.2975 70769.915
242 3582.0425 44991.7325
228 86057.58 78379.3825
241 37378.7825 22379.6925
138 78761.135 14408.6725
98 63521.3275 1025.8125
162 76145.105 24968.1375
184 99846.9375 72067.8425
183 45552.51 99532.65
172 78624.715 40402.4175
187 76337.935 37526.725
167 20540.605 66190.8075
256 81665.4025 24486.87
200 8677.865 80890.5675
152 6831.055 22109.8
128 90314.3225 37429.2875
243 29414.7125 75293.47
218 5047.3575 55553.48
238 90804.12 44710.9075
172 39162.4725 91616.0225
208 48806.1 43769.7075
238 78046.53 91984.26
218 15465.7125 60824.865
161 87090.515 89429.5525
129 31049.9025 12803.7275
167 93474.4875 20175.285
154 38165.2525 93819.45
263 14620.35 99038.9375
187 19447.5425 69442.9475
177 59659.245 10372.735
236 40671.8375 43479.4075
182 41470.875 60002.7975
245 85113.96 39230.5875
229 60226.585 20505.1525
169 47345.4125 31797.835
218 79010.755 17609.1925
189 89173.095 89727.3075
150 99757.1275 17749.9525
214 41362.9125 33981.5525
201 30255.565 72124.0625
143 49940.6475 41710.4075
169 61653.17 71616.5975
183 77865.88 83605.58
254 71821.6475 14946.5475
243 62718.155 70866.6275
245 50210.0175 73827.6675
152 5344.695 34695.1375
236 88324.0225 57860.59
280 76605.0 9556.4275
146 32125.725 8869.945
252 27710.6575 47066.325
241 23388.6275 52968.565
180 21076.1625 48442.6275
189 93420.115 29230.925
228 42347.745 6134.2825
226 10525.2475 89240.4975
205 76016.7825 29839.8475
238 46169.8475 29287.5525
223 87407.86 99652.4325
190 91311.4975 66524.8425
206 34454.52 54232.0675
184 14027.34 41975.5625
187 90994.6625 37643.99
185 48154.68 32794.945
198 30256.955 44447.07
177 5385.9375 87974.9
167 89341.6525 37492.5375
207 38758.095 83068.1
201 69189.425 43691.75
182 74621.655 60989.54
125 77494.17 55269.2975
238 61595.5625 44202.9725
212 83069.2725 4356.2125
226 48014.435 29379.3475
213 6054.235 69128.085
192 5154.98 21098.02
205 77376.4375 30419.4325
223 12420.0575 96800.62
164 71478.785 95845.285
205 18497.0925 4646.8225
214 67349.78 85855.675
190 42951.0625 92317.3775
217 22444.6025 76034.555
208 71777.155 42469.16
201 90886.8375 71568.915
242 40895.67 49217.76
230 850.2275 72457.7525
252 30123.51 37104.6125
242 94010.235 41615.6575
258 15540.0975 55636.1875
177 9294.04 68385.6225
169 45286.175 14862.12
194 30810.1075 44642.96
155 13614.4075 25374.88
251 20586.1 87411.9425
184 31353.095 73511.5825
204 96076.5175 80756.4025
146 29461.26 25384.3375
146 49932.545 9606.6925
247 56142.885 49315.7
143 92793.445 73962.365
221 25937.235 44825.86
149 89598.0375 35682.8125
226 15340.09 20491.6925
237 99113.55 3310.2675
211 28170.83 78714.1075
137 2055.2375 8239.3625
237 27355.005 82374.5
265 66853.41 87911.73
272 49545.23 80305.6225
219 28463.645 4982.3625
256 67842.77 41116.185
202 55827.2875 87326.4925
217 95156.45 21672.98
127 47294.36 45694.0325
254 38507.29 39798.0825
179 99516.2825 10873.015
165 78101.3525 33255.9625
241 14140.56 55824.5525
182 32829.38 94523.255
215 6569.415 82083.2775
134 21298.6375 49524.3125
217 92593.03 64979.3025
166 32480.545 76243.125
166 28225.465 5569.9825
181 17749.685 10809.8875
187 85317.465 59439.545
262 45245.12 10951.99
215 20395.97 47517.945
261 39269.7925 15742.585
261 53920.2475 96748.735
162 70682.4475 99358.2675
249 17617.395 11102.2675
186 13033.1025 65353.27
199 842.8375 76403.2175
234 98240.385 13440.5025
217 22938.795 87116.7725
203 90763.515 68165.0
231 38284.2925 49483.6875
193 43479.7975 47382.1925
212 37902.3125 73904.715
148 68338.69 87606.9525
269 32172.515 9020.73
215 28392.3 1159.9575
190 32500.7675 8305.08
242 93798.2875 11080.1125
166 59956.1675 71887.88
203 48505.355 95259.535
255 70070.7375 49367.125
164 11855.4875 28257.8175
228 56266.905 72075.9625
268 27156.1825 11802.55
245 22075.7275 12810.0675
211 4725.5475 72521.2875
208 27640.0675 70808.675
199 59647.8425 48397.9
234 35212.9925 2035.1725
191 15200.41 96072.8625
252 8356.84 49822.9975
190 47524.235 28187.4475
248 95311.635 60634.9775
197 7096.855 24071.9225
153 6424.1575 80230.7075
179 5610.0175 80110.0075
211 81549.435 87301.7425
155 90149.5025 56461.89
222 85275.805 4471.87
192 84344.7725 6058.6825
168 77774.25 19102.0875
217 77072.8125 79107.38
174 52501.4775 7002.4225
150 94808.68 46618.4525
215 12059.465 84364.5925
220 73919.8425 52655.815
200 22189.5575 23734.585
170 87218.0 79109.42
247 69658.535 31800.7975
175 96507.735 58267.055
112 65485.2625 83411.38
216 55947.5125 72052.8
196 91316.5225 50376.4425
267 63565.31 879.6025
182 97820.5775 35289.1025
189 1806.155 1390.855
216 12946.3275 33222.2275
256 88988.2275 7698.3125
214 3138.4775 67185.095
191 48258.39 11003.8875
194 74939.85 48122.975
190 61839.9075 44428.01
105 80168.625 41570.5775
163 44943.5175 88484.155
177 9526.5875 16139.7
167 90576.7675 80869.6325
183 79796.44 74196.9725
178 446.9175 23760.195
222 24109.965 65825.145
126 13222.7525 97765.0775
203 31535.2625 71952.895
225 27893.41 30599.4325
240 1383.0775 64228.4125
284 41336.8775 76501.37
168 36865.11 78525.77
190 19165.8925 28690.405
229 79660.1075 86013.6375
193 7504.765 55069.5675
230 5267.0875 63267.1325
164 36351.03 58039.77
193 74051.755 6419.765
148 57525.0325 62659.93
241 5099.81 63339.8075
202 34881.1575 18849.2325
290 53654.7975 11630.1725
147 5583.985 65265.5175
169 29203.82 92444.3325
200 63533.5375 29941.37
215 84172.54 8278.0375
156 13606.7575 1902.67
205 9489.4975 68254.605
229 55945.35 81597.2025
163 1646.2775 41620.585
221 79138.3325 53603.6875
201 38511.98 30714.49
125 58975.3725 91264.39
285 51746.1525 95344.3125
185 94827.61 69206.99
243 98835.3325 76375.805
203 94709.31 93575.035
179 37393.065 46096.6
185 39883.01 21521.0375
178 95623.29 73117.65
217 37333.6175 15864.0325
180 51459.6725 21918.0275
197 23077.9525 56380.25
169 61970.515 12660.845
240 74182.6775 40445.405
153 63873.48 74881.055
201 8677.775 76222.41
128 53756.3475 56421.73
197 97328.63 37374.2925
190 83569.8225 79074.4225
160 34483.42 69472.0125
304 83917.1275 42167.285
158 8475.3725 98849.8775
156 80188.8025 98087.67
158 30005.8275 50215.76
249 89933.7925 42899.85
246 66575.65 26256.375
184 93451.52 17658.7
220 85397.5375 54623.475
267 2628.2875 55391.6475
152 22292.0375 72563.13
179 89317.595 29379.2075
103 26425.09 55791.0125
128 57498.2275 83975.0125
215 14482.8775 48976.5175
172 28721.645 64969.175
175 8491.7025 83356.1175
222 50551.155 19021.4075
252 44337.43 70929.8825
144 90297.055 42260.465
264 42418.52 56530.9675
251 67875.2875 9150.255
227 66906.635 12094.6825
218 33060.12 4620.1325
269 63574.4375 67351.38
200 52679.85 23552.09
152 32211.35 81373.6575
189 37050.7425 15930.2025
208 31614.1975 95731.54
231 23529.5775 38843.5775
141 60485.1975 62328.185
188 57539.82 63845.81
187 16084.2975 29006.585
190 6995.4525 68503.255
245 49017.48 95190.09
188 8806.9375 73013.14
227 25535.0825 40497.695
208 54059.815 66333.94
235 53909.6525 91520.07
212 45838.51 9970.49
221 42183.7275 63587.17
186 71259.165 9909.4175
217 35939.695 32509.945
165 95584.9625 94469.1175
156 57941.175 15949.27
187 76585.6025 80965.425
231 82058.4325 95509.575
238 80037.23 70166.4875
233 72847.285 40918.455
151 10687.065 65335.0625
147 56145.6 71664.8625
173 42213.255 52043.9375
160 60414.5975 87494.145
268 20644.415 76082.07
204 74242.7 80919.7425
245 3816.815 44527.0075
149 650.4925 25253.8825
194 64928.355 92511.7075
204 49124.0725 31089.3575
177 71479.215 8582.1975
158 35708.1875 98428.3225
195 72282.0975 37573.875
200 63711.8175 15910.8075
210 17432.07 27451.2875
201 76314.745 20882.9275
206 50076.03 72844.8325
173 12443.795 3839.155
190 80725.2825 70358.86
220 62766.9875 15727.52
252 43053.21 13052.88
165 45248.8625 20003.815
173 13620.9125 68222.69
258 74366.6475 41180.875
201 56661.375 96830.1175
217 3702.565 26394.9325
223 7455.7 34620.6
198 29620.0725 62944.7375
319 68125.2675 3066.0075
195 70213.1975 76077.9225
225 45212.2225 26774.45
211 27414.68 21507.1225
202 17067.3875 47573.885
224 86069.0625 42627.25
180 49013.9025 56823.2225
153 82574.4075 94158.935
248 27912.995 4411.375
224 31694.1375 90692.4125
142 50737.8425 73828.8525
204 26403.2775 76936.1125
185 20188.2675 50034.8125
218 98969.1675 21849.8675
125 59256.2175 16166.405
221 7901.99 80281.875
209 5072.07 53794.9825
219 48220.8075 77801.28
232 51890.8075 98694.135
250 21988.085 60937.2425
208 16522.1775 20148.38
167 5569.48 73404.2675
217 19175.1575 69740.1075
212 1024.86 55585.5125
203 30900.0525 28207.79
243 98286.445 78426.73
221 21727.8025 37630.58
196 5113.4575 3240.87
160 96596.155 30235.03
197 48749.8825 1132.2875
125 66210.9675 63974.8525
216 66327.94 65127.695
247 22516.5425 66113.88
177 49540.49 6457.84
163 29368.7875 66987.4225
212 93730.0425 40965.4025
130 58395.36 63464.3175
154 89981.0525 65194.4075
216 48585.0825 54326.595
209 33698.265 72490.375
162 27568.2625 60792.2875
223 62367.025 35750.8925
189 381.6775 54094.9475
190 27840.1925 21886.2725
219 59677.9125 79257.8475
143 52338.79 51317.31
181 20157.91 3579.02
206 89474.92 20970.475
147 79529.81 49076.0175
197 88062.4075 98303.8825
161 18607.2775 26117.475
169 7345.5525 97781.805
199 98428.0525 8144.02
177 35146.7775 36141.7125
174 61917.8025 68886.0075
188 61782.865 77607.8775
216 89950.745 78518.03
277 3360.7975 31750.095
177 26029.505 34034.28
205 24823.4775 82025.4375
145 32407.7425 24268.43
225 92552.89 88914.215
197 94953.0825 80261.1525
175 56766.015 67650.34
245 30159.7475 49724.4
136 28552.475 86138.5275
196 24535.24 54132.5275
203 78482.615 64250.57
288 26766.22 12430.5625
148 58345.8125 87973.4575
243 82145.2725 91465.34
223 35322.495 7258.905
242 93597.46 8552.1725
207 38611.7625 33627.4625
257 23342.4025 86508.5725
252 28128.3975 21609.5625
190 88514.5275 92500.935
100 84975.2625 933.04
219 79046.61 19491.3275
180 34667.2225 5263.4875
192 49894.48 8186.345
176 19363.8575 6217.975
248 89873.715 9208.7425
248 6371.39 76565.8175
181 84498.9 18208.0275
186 89881.0025 55250.765
191 99415.5375 51.915
207 19088.2375 45058.8125
149 59724.4475 61712.88
138 82008.0 43237.19
200 98880.255 71514.15
287 87738.95 40734.7725
237 36318.3825 94770.52
201 59910.83 87468.07
206 31572.37 64855.785
189 73225.5425 35537.9575
137 45294.965 69740.8525
141 61423.47 93038.265
155 52251.8225 85873.12
234 72133.7975 87396.8275
160 76422.2125 72456.735
199 79801.5025 90580.675
266 5629.5525 18481.735
172 59735.1725 10910.7225
189 14701.7475 96237.2275
220 18060.51 13124.4025
189 26434.26 17919.01
212 1253.2125 26471.2625
200 80683.35 7364.35
174 34703.8275 68360.3425
207 59091.4825 43520.525
183 51928.135 61960.03
205 22920.4 43507.1625
207 68684.3975 968.6775
208 87158.525 43999.98
140 75001.8375 64008.64
209 96203.0375 98949.765
171 9290.3975 62987.55
210 5653.4425 10084.035
253 92654.3025 39312.7575
224 63390.48 90175.4575
154 75377.3725 45081.215
254 79798.3775 33142.39
204 51489.19 46086.1575
285 29865.3925 23051.5825
256 90473.0975 10938.0575
167 33699.9075 64606.865
96 20824.8375 17332.745
195 7442.59 89424.355
208 73082.715 95575.2525
257 19266.7775 78050.4025
190 46973.67 59010.375
268 64994.575 42966.2775
224 28397.605 39734.425
195 91389.2425 15052.8975
232 99031.7025 13942.0325
244 48513.525 19878.7325
287 71304.5875 8130.9125
205 49179.565 95236.375
170 37678.7975 50554.655
161 41303.625 1767.375
140 75572.72 51392.3325
248 98116.845 73392.89
258 13609.815 21557.38
258 72653.81 69185.67
201 55802.345 29466.27
211 69792.7025 62682.6275
213 20050.215 74192.3925
210 74761.705 13629.355
177 192.1225 89847.4225
284 85751.9975 45898.6425
270 76336.295 56338.75
233 40470.005 97858.1275
169 70544.2325 67840.53
198 8369.0275 31366.28
224 55595.28 59651.8725
141 5144.01 21560.8125
226 89232.695 40700.3725
159 8086.095 62584.8375
236 42475.065 27179.06
257 74233.865 75496.2675
176 34122.45 88019.77
262 97870.34 93991.655
220 93401.5525 44051.6525
172 48418.545 72568.2325
143 91141.115 15053.7425
201 95297.5825 29788.2725
200 23803.2425 50242.1125
183 16505.955 80659.8875
193 90440.2325 12979.27
259 31159.6425 50654.11
257 40698.4725 24353.015
147 60712.59 58782.2125
202 96221.1825 80524.295
215 4633.8575 59413.7075
197 57535.6675 17942.8225
213 4150.8725 68291.2275
190 72811.945 73025.0325
192 92013.7325 13865.805
252 64624.6825 37611.3575
190 25291.14 10793.1525
215 18522.58 17144.5875
246 28349.2825 8611.9425
186 57078.46 13736.235
194 48655.3375 80792.1675
174 26834.745 27291.255
163 56879.45 31146.02
146 72410.54 80851.1175
193 49098.4 73369.5725
227 95771.1025 41650.2975
209 92621.0925 40167.74
238 25187.54 13686.0275
232 18020.95 23923.71
266 20221.915 4323.0975
262 27645.835 15008.0775
193 32888.685 23897.7025
202 64517.4475 75343.035
225 10944.435 65144.0725
168 9513.8925 60415.895
182 8099.03 99490.16
256 76310.2725 58195.0525
261 46125.69 61624.76
178 61016.5675 16364.255
219 35243.4775 30939.465
180 62141.4825 8905.1375
221 87114.4575 6060.585
166 82002.92 64845.1725
201 92152.8475 14444.635
193 7811.9825 85977.955
225 90304.355 82011.245
177 60575.69 9932.7925
192 13842.56 20987.81
148 72657.5875 55465.28
215 87448.845 93549.4
222 9191.5375 10673.2925
212 90817.9525 42002.25
197 7661.72 38403.6975
250 47608.1475 3115.75
221 82962.96 48258.89
258 43149.29 91064.175
149 37473.88 25326.985
243 84138.4025 27995.195
204 95752.22 60618.01
81 24894.5075 72886.925
224 45555.165 99731.1225
284 34805.3475 24168.515
205 64529.3375 73293.95
222 55836.3075 79858.88
245 56269.52 65433.8875
167 92928.8075 87735.61
229 86517.3325 70199.21
211 73391.39 26646.54
144 32982.8 32168.345
183 46805.1975 35378.5
180 63676.745 88462.17
218 77247.0525 99114.365
108 66998.6275 17097.4325
292 20539.86 23968.3275
265 38735.1125 71066.49
177 73461.6 8789.0175
202 72341.3825 23426.29
235 67674.895 50697.1075
188 64180.8975 50371.87
235 90872.0075 53119.0325
203 21915.285 78141.1
174 62842.32 49494.9825
215 15285.1625 33394.81
210 86063.1775 53520.2325
131 26000.4725 66722.9975
205 41315.76 11086.215
234 58904.8 62446.17
206 54819.77 4369.32
348 91740.6875 9688.405
259 10205.91 81049.18
219 20903.6375 88896.8525
243 33693.205 55017.11
248 29191.6725 51463.6225
199 2736.0725 63328.1425
210 82504.3325 17454.5525
227 18180.74 26144.4675
232 8921.92 24215.9925
162 76612.3875 64202.56
180 2053.1425 58562.3325
150 28127.4775 11391.45
211 93338.6975 36465.05
153 46722.995 13919.93
154 60549.25 48260.135
170 89816.4375 44716.995
191 211.1825 81148.3
176 68784.5525 82920.7975
162 81584.835 8570.015
191 73750.24 47826.2475
199 71786.1525 60256.2775
175 40983.805 29388.82
233 44110.5975 16494.2375
217 86113.425 33430.305
274 27304.47 29126.8075
201 67936.1675 50003.6175
194 53383.235 41800.86
248 64289.3725 65826.3075
182 59606.675 99701.4275
184 62257.8225 30949.85
231 7939.2125 38606.14
159 48702.14 20253.675
221 33370.0675 40533.035
173 79092.8675 49419.5375
159 92874.745 6378.3825
224 5824.79 90640.6275
185 24798.8675 75214.495
146 63535.2475 1484.34
141 37508.895 92707.085
191 26671.1425 76770.665
179 16329.9725 83881.625
190 50700.5775 92273.1975
222 28409.5625 90530.5475
241 93779.6975 3963.0875
251 96898.365 83534.445
215 3506.3225 96672.17
167 42097.5675 62414.35
185 63413.8725 49123.5575
162 32307.465 65955.935
182 73129.8575 96996.36
221 81141.2475 75087.0325
219 14491.9325 81859.53
182 62019.7725 43378.275
229 2393.3225 64994.7425
100 54603.105 89677.175
235 6319.8925 25186.7475
87 15386.4675 35458.605
236 42250.6225 92804.58
251 64765.16 33617.5575
218 32247.615 25832.8325
128 97120.73 33307.185
242 2468.495 62065.015
151 85937.3525 43458.9225
243 80669.72 34750.6
141 38045.2575 82886.1575
110 64783.5975 63601.4625
210 18481.6225 43560.045
181 98919.6675 75787.915
174 22777.8325 72106.9375
186 22323.1925 70829.2275
214 69124.35 82060.7475
160 4479.835 80407.6725
186 14620.995 74928.9875
228 89240.46 20556.8075
184 70705.9925 12949.1325
220 9932.125 67691.7375
253 83247.885 40030.73
203 40326.4975 30550.58
244 64194.7725 59788.015
198 84981.68 9998.2475
100 71864.64 85726.78
190 71399.01 47571.13
213 27870.67 53687.66
199 38596.9925 57800.1425
286 15392.245 39448.5625
229 89726.6925 6060.075
212 53229.585 49600.9625
178 5728.81 44225.6425
189 73168.435 47506.855
201 8953.0075 59208.075
182 3671.095 55694.2675
226 27761.31 96803.0075
314 96238.7925 14518.395
200 49018.175 69456.91
164 32484.625 71338.8725
238 23071.75 12818.3775
225 9188.575 67179.9675
167 6862.255 4971.32
196 51964.59 99867.955
230 16338.9925 27994.1725
151 79129.9675 20058.31
148 36666.0675 3553.245
257 16871.8525 85001.98
246 56722.9775 18369.8525
166 63124.0675 78730.4425
124 48104.35 95898.585
225 2925.5125 90781.285
235 66920.165 16655.6775
214 42719.5725 34755.265
254 27775.685 47743.2
238 15543.1075 88926.49
179 79450.015 59596.3475
255 91105.025 5357.8775
211 37639.2525 50487.3925
219 46571.2625 74868.175
202 33073.665 38913.2825
200 71426.045 60913.34
161 44263.2325 15915.0175
143 46802.2725 79271.8
177 7510.3375 22741.345
265 58282.69 46582.8325
233 23977.565 14241.3775
237 27669.28 58400.265
195 42991.6925 78160.03
159 29249.185 44389.495
203 10292.9475 32739.735
206 70746.185 56134.1925
200 774.47 52187.2025
180 22479.185 9317.6675
172 44849.0825 54841.305
177 50955.8875 22209.3975
211 68289.09 94109.6775
174 49724.4325 53022.8125
168 60870.19 95753.5125
243 53039.805 28570.8225
232 57386.89 39262.32
238 16080.5075 93016.105
138 99644.57 99677.7325
179 31885.4425 21816.37
221 37096.975 17575.1075
236 64083.67 18012.25
203 8827.1225 11516.55
152 2959.895 32900.975
191 51811.12 77599.1375
175 11566.94 22641.5825
269 44139.8275 34479.3425
228 40668.345 69124.8625
187 37507.1875 75502.315
244 4167.255 74431.8075
168 87413.1025 28445.93
217 56796.4925 76482.0475
222 52943.715 22301.9775
162 92199.4775 46831.58
206 59615.45 53934.7725
207 74647.035 4933.675
109 99345.9275 51282.185
168 52087.0675 17320.605
197 57011.21 67755.77
251 22133.3575 28342.1625
267 84368.12 68696.2775
154 32157.325 5266.7
220 51095.4025 27354.7025
181 22206.755 59196.65
203 41717.115 86580.555
143 59427.5475 1493.645
162 86965.885 30438.31
186 49978.37 97599.635
199 44294.8125 22768.4375
184 13008.64 15514.3375
269 50612.2825 13268.6925
209 78993.0225 69320.5025
238 94508.7925 99187.385
220 19628.4175 20296.8825
205 86844.21 37710.67
171 428.45 20509.75
188 43407.395 12549.82
195 41694.4625 51656.1775
222 81300.89 49915.4225
198 84145.1575 68713.9975
252 76760.8775 47183.4375
211 36784.275 59681.3225
190 93222.5425 54339.9325
180 73609.48 88081.745
151 47085.2625 9624.9
188 67017.035 45979.54
194 89913.065 44943.535
150 18653.52 76671.855
169 52824.41 46665.75
244 87921.76 50782.085
159 64789.1225 21414.295
187 11571.2975 2106.9825
169 80671.94 60072.9625
213 79504.395 54515.1
244 15938.45 38352.6275
207 36373.5125 41258.91
132 76268.3925 6527.1625
204 44430.475 61505.085
149 36488.23 36406.9175
146 99786.7825 6168.62
235 44069.985 33782.405
193 27956.6225 62064.3425
219 40592.8025 68863.5
197 51065.4925 50763.9675
210 42452.8625 77395.555
227 16104.135 37641.4475
185 86688.0275 89587.92
230 96652.8575 16715.015
142 93696.92 78592.75
203 35731.9975 24659.785
214 37825.9225 92763.675
204 18282.86 36833.785
205 72241.82 868.85
263 23454.265 32438.09
241 83164.8725 27550.385
275 20411.4 95444.335
183 31151.14 15144.2325
206 36911.52 92635.9075
181 70807.4925 68644.79
291 50023.055 4109.0025
195 77346.225 94804.0025
152 76271.5025 40873.055
215 53469.005 9493.59
202 78582.25 75154.9325
216 96434.25 5997.3775
200 85927.4725 54792.31
194 11729.3875 16634.525
199 1904.32 49837.5425
182 13095.16 33630.7775
208 13182.53 66945.4175
194 32544.625 14842.535
252 23933.3675 33957.1325
219 25609.73 20975.505
218 98747.7725 63163.395
215 92752.2925 96958.52
227 38501.1725 78595.1225
209 23968.5 49863.055
208 60328.985 71230.1425
204 46248.9725 99341.5
137 14801.5125 55469.0525
245 56981.015 40687.05
232 18540.7025 55730.76
300 36882.925 78927.455
179 30023.8525 22158.4225
180 30766.41 70445.91
189 54639.465 57728.3075
162 14869.33 80268.4875
192 69488.5675 97996.0125
220 8564.67 36651.3375
253 74297.3375 33647.965
187 41817.1275 55533.8925
202 73877.88 19502.4025
136 12560.77 62417.0675
148 40370.5375 3368.8725
136 64262.015 95321.775
186 11868.53 97790.2925
195 22056.21 71429.885
248 91010.8825 3825.3725
187 61636.6175 96088.51
275 74735.4975 99011.6625
223 57318.575 98385.525
199 21617.955 63029.84
182 63835.23 27315.4425
131 61941.28 29510.215
239 62897.1225 98429.9325
230 1127.335 32953.6975
182 62963.075 95281.0275
233 62773.2225 85071.005
207 76816.95 48847.0825
222 8236.2825 15335.3275
146 73973.21 15578.61
170 10809.5 47459.0575
154 7245.92 81906.0
151 11593.895 59014.305
227 1639.3 38838.9675
231 9832.295 56814.3475
195 73807.8125 86474.7425
157 4324.1175 13470.255
195 95090.16 74062.52
155 42314.305 8182.98
167 4190.0875 24451.49
217 20326.645 68504.835
107 91647.1325 36106.0475
132 46151.155 69699.25
240 30690.1225 45475.3025
125 52440.1 52410.7425
173 54804.4775 61904.21
227 34599.46 64350.3425
189 95427.14 55794.68
184 52385.8625 66575.7225
189 21595.215 90858.8675
102 27218.285 4622.555
161 48457.0425 83865.7625
263 25672.99 34524.7125
237 38875.285 24063.92
208 69744.765 59547.3875
205 29980.565 81982.05
176 72919.4675 69163.5325
199 7227.385 96087.1475
216 97865.88 67854.14
180 89765.4475 3147.9225
149 99349.19 38371.2025
250 73221.8975 34331.69
231 7846.295 59341.3125
228 426.875 63816.96
178 54409.74 1165.7025
312 71616.2825 21106.4875
177 82573.4275 20483.605
227 93460.3425 12156.705
173 10333.5375 51664.2125
127 10836.6 26469.6825
217 98215.775 25429.5175
165 90316.635 72815.8125
259 80120.7625 76820.8725
177 77929.83 26202.53
156 75293.28 70541.83
114 87736.7675 9001.985
146 37410.5125 34913.8625
252 28455.63 54459.1725
184 86293.1225 25138.2025
219 6882.2825 38771.965
269 7875.65 6368.4825
280 82006.5825 64208.8725
198 47993.8425 80748.495
193 42512.7175 87796.69
124 48515.795 92120.155
210 61022.1075 17535.0875
221 70512.2175 34756.61
221 99148.2975 436.9775
223 51947.5675 36753.095
198 99527.465 78994.235
187 66945.47 41089.4825
