100 100 
138 305 29.170436 29.170436 
218 305 31.696500 37.329994 
203 305 29.862898 39.494917 
204 305 32.891962 26.911560 
209 305 40.534183 20.211262 
172 305 30.889207 39.933642 
231 305 40.276010 21.447875 
209 305 35.812886 23.140231 
75 305 28.268080 42.483296 
169 305 29.096120 38.423231 
218 305 30.205617 38.202277 
201 305 31.044164 40.253135 
133 305 33.529244 21.661904 
109 305 30.814106 43.365007 
164 305 35.047065 22.915094 
195 305 29.993324 37.071876 
227 305 32.588261 40.293476 
172 305 35.943854 22.228011 
205 305 30.120741 32.821111 
105 305 28.160385 29.690787 
135 305 29.363920 36.672232 
72 305 32.021303 22.463629 
200 305 31.510013 32.145556 
277 305 31.573069 37.174257 
162 305 31.725934 25.124685 
198 305 42.060875 19.685681 
226 305 31.095226 37.343447 
162 305 30.207972 41.144592 
166 305 28.839500 32.826875 
247 305 31.797462 35.325790 
185 305 31.643464 42.951602 
208 305 30.258792 34.486884 
198 305 32.237211 26.004642 
185 305 36.246725 23.413496 
172 305 30.063104 31.156739 
157 305 38.455886 21.071056 
65 305 31.719419 23.661734 
79 305 27.965089 39.124651 
169 305 29.613682 35.212448 
183 305 30.356875 38.161755 
185 305 29.706389 38.876134 
165 305 34.202762 23.797828 
104 305 28.051860 35.709568 
239 305 35.703069 25.092650 
180 305 34.672534 23.485255 
150 305 27.066162 33.057828 
226 305 32.767275 26.962714 
138 305 32.745089 24.219210 
195 305 29.107377 36.719950 
147 305 29.059438 33.154079 
165 305 33.559476 23.376225 
220 305 29.633020 39.830838 
148 305 36.993552 21.681666 
179 305 30.345846 40.299906 
134 305 29.112615 28.653207 
233 305 32.470898 39.275423 
150 305 35.085986 22.573615 
197 305 29.288737 38.788564 
278 305 30.923617 39.951356 
70 305 31.291086 24.356113 
233 305 37.835086 23.961322 
270 305 34.585802 27.609923 
178 305 29.592451 41.687801 
114 305 31.535525 27.330844 
107 305 31.761308 24.633400 
163 305 40.583685 20.342579 
224 305 39.121331 22.457397 
193 305 30.502517 36.236148 
193 305 28.488373 33.325842 
179 305 29.571336 37.438965 
300 305 35.820047 27.639368 
196 305 38.582693 22.859375 
134 305 28.958987 30.901160 
213 305 37.916630 22.624962 
199 305 30.929347 39.726146 
179 305 31.897636 26.687111 
212 305 37.376275 23.376940 
263 305 32.839545 29.658162 
165 305 31.851138 26.948620 
154 305 35.042792 24.327870 
229 305 37.018051 24.257546 
104 305 37.891991 19.351829 
52 305 34.987946 19.673269 
116 305 38.805595 19.290661 
205 305 37.800768 22.360930 
232 305 36.356903 23.909443 
50 305 34.144271 20.932408 
146 305 29.354247 29.281409 
171 305 29.617319 30.486766 
81 305 25.979226 40.172083 
251 305 31.101871 41.438196 
176 305 30.645996 37.737908 
170 305 36.608114 23.589572 
225 305 33.841643 24.981254 
68 305 34.169203 22.047771 
131 305 27.014683 31.977591 
97 305 29.512420 45.437293 
163 305 32.315634 25.911450 
175 305 30.990329 41.390776 
183 305 31.961634 27.433804 
2 42.025527 33.616725 
2 41.980592 34.211489 
4 57.023391 34.309149 
5 3.657277 29.061130 
3 49.152254 36.213567 
1 33.925347 31.222968 
5 60.883163 42.991909 
3 49.793091 38.717563 
4 56.820527 36.707275 
1 34.301367 30.778683 
1 34.176174 31.355789 
1 34.237570 31.277996 
2 41.402673 34.168284 
5 60.615426 23.601213 
5 61.003150 38.633241 
1 34.343263 31.355573 
3 48.119914 38.982980 
5 62.046845 36.059573 
3 46.911079 37.830223 
5 33.912373 62.656065 
3 48.073082 38.211017 
4 55.953219 37.618039 
3 48.918869 34.787575 
4 53.202259 43.524187 
3 49.033329 36.970325 
2 41.062874 33.320330 
1 34.173417 31.226773 
2 42.152870 34.362992 
4 55.131107 38.222732 
4 54.940262 40.875873 
2 43.484472 34.309113 
2 41.748682 33.459349 
1 34.241495 31.077605 
5 52.878776 52.681288 
2 41.435311 33.487483 
1 34.514021 30.835289 
5 0.000000 31.039199 
5 57.712945 48.703109 
2 41.167592 33.680718 
4 53.149832 42.835301 
3 49.868076 36.598295 
4 55.467332 35.193145 
1 33.949599 31.262536 
5 61.830099 20.902973 
5 59.084893 49.493737 
5 0.945484 34.469642 
1 34.005036 31.134494 
1 34.160127 31.132694 
2 42.373285 33.823407 
2 40.479707 35.181709 
4 54.278968 43.552007 
4 56.043119 39.505357 
2 42.154751 34.624058 
5 62.547507 41.211561 
2 41.978959 33.679323 
3 48.201307 38.856924 
1 34.048124 31.180401 
3 48.710701 34.683553 
5 63.531185 40.790392 
4 55.153650 42.187162 
3 48.107874 36.922103 
5 62.401100 36.152885 
1 34.354427 31.198383 
5 13.726043 3.846698 
4 51.682838 43.116391 
1 34.534836 31.170158 
1 34.273917 31.256910 
2 40.639559 33.002625 
3 49.127341 35.320614 
4 54.527695 42.453420 
3 49.109825 36.536105 
1 34.052453 31.048145 
3 48.486163 36.162565 
2 42.556813 33.243171 
3 48.171964 36.335943 
5 63.988475 30.261311 
3 48.763159 35.407738 
4 54.832944 40.201947 
4 57.049559 38.949459 
4 57.027861 37.884145 
2 42.596129 33.082574 
3 49.586921 36.695187 
1 34.030457 31.382754 
4 54.425836 39.525592 
3 49.318077 35.800476 
5 61.888860 36.629429 
3 48.851590 36.309116 
3 48.836376 35.038175 
4 54.469134 37.841685 
5 49.421893 59.284436 
3 45.194271 39.218465 
5 64.358581 40.597258 
3 48.091207 36.266685 
5 61.900378 36.601880 
1 34.177211 31.247098 
3 47.625316 39.948724 
3 47.203178 38.990969 
3 48.297877 37.981983 
1 34.153290 30.995868 
2 41.780404 32.713959
