100 100 
200 279 33.566761 33.566761 
212 279 34.530224 30.457773 
95 279 33.578984 28.108727 
117 279 32.059702 31.363775 
171 279 38.531577 26.369527 
256 279 40.715825 29.483376 
218 279 33.539658 31.316473 
171 279 32.935002 34.064013 
180 279 31.480002 35.628910 
168 279 35.525142 27.406268 
159 279 30.454505 36.843808 
196 279 33.976085 34.280523 
157 279 32.929811 31.812672 
162 279 30.582182 37.496684 
102 279 46.302295 20.833697 
109 279 31.210543 36.811438 
124 279 44.854505 21.923419 
168 279 35.028747 30.659964 
105 279 31.149045 32.335208 
168 279 32.172249 36.215839 
131 279 38.754931 24.106151 
190 279 38.655261 26.993978 
116 279 30.311736 39.470426 
50 279 31.536154 32.252828 
94 279 30.467822 37.273939 
110 279 30.328201 37.445715 
211 279 32.557611 41.323391 
143 279 32.058163 43.519319 
163 279 32.057350 37.750540 
136 279 35.564602 29.130820 
73 279 42.986115 21.576249 
214 279 45.208830 24.575061 
223 279 33.331896 32.587672 
99 279 42.268053 23.387631 
203 279 40.567303 26.145667 
207 279 32.099994 42.683874 
80 279 39.311133 22.634416 
251 279 33.543028 37.271682 
150 279 32.279468 32.757445 
250 279 33.624168 32.930941 
243 279 33.237870 33.739931 
131 279 33.217918 28.108235 
241 279 45.769309 25.587016 
149 279 38.730928 25.300914 
65 279 32.192472 30.675238 
166 279 39.926259 24.481914 
69 279 41.139788 21.938947 
225 279 32.418393 41.922751 
133 279 33.901294 30.602747 
90 279 31.147792 33.409735 
140 279 33.422701 28.397540 
178 279 33.817514 33.056665 
300 279 40.040033 28.912067 
117 279 30.664736 35.799468 
182 279 39.569735 27.082867 
137 279 40.417165 25.724040 
159 279 32.899056 33.127890 
129 279 31.871629 35.368129 
71 279 30.212810 33.217919 
119 279 31.101261 33.404387 
133 279 38.730796 26.466550 
230 279 31.298394 38.759442 
133 279 43.607484 23.410340 
190 279 32.609501 38.922607 
158 279 39.720862 24.247770 
152 279 34.690603 30.643717 
179 279 32.089331 38.760720 
143 279 31.915380 33.318299 
203 279 36.649753 29.215858 
163 279 42.293810 25.512400 
156 279 32.943868 33.005923 
227 279 33.195589 34.292553 
166 279 32.958994 29.975945 
151 279 31.568900 40.566923 
284 279 37.787165 31.111224 
119 279 35.341106 27.851369 
152 279 32.609620 34.666869 
174 279 33.238076 44.028845 
197 279 32.176682 34.832546 
154 279 32.100406 32.572881 
238 279 37.142795 28.736809 
214 279 34.218047 40.080713 
269 279 33.262715 40.699856 
104 279 33.139782 28.359208 
61 279 31.026328 29.303175 
149 279 34.548617 28.907646 
154 279 30.235241 36.401831 
152 279 31.627800 42.392321 
173 279 32.352904 39.099286 
123 279 37.296884 24.249153 
208 279 35.176804 31.400163 
117 279 45.767311 22.300376 
201 279 31.167786 36.408138 
206 279 42.210202 25.868758 
103 279 36.653653 25.270637 
128 279 35.472443 27.226033 
82 279 36.785188 23.570687 
113 279 35.753838 26.646233 
50 279 31.332393 31.896882 
157 279 39.817647 24.800760 
1 37.969981 32.142819 
1 37.882380 32.389650 
2 45.665310 35.347219 
1 38.014363 32.547458 
1 38.206139 32.244059 
3 51.667720 41.588782 
3 51.556440 41.066533 
4 51.674995 49.887916 
2 45.150511 35.448403 
1 37.934732 32.360382 
3 49.844504 40.444103 
3 50.958700 39.754272 
2 44.715944 35.875548 
2 44.586901 36.589563 
5 42.941410 62.811041 
2 44.130110 35.862324 
1 37.805217 32.308696 
1 37.871166 32.399700 
1 37.891184 32.388847 
1 37.836841 32.390482 
3 50.239935 38.860936 
2 44.673039 36.166091 
1 37.839916 32.467304 
5 54.531408 57.091210 
2 45.084131 37.833888 
4 56.865865 45.211696 
1 37.644313 32.323095 
4 58.065273 36.947663 
5 4.746137 28.997603 
3 51.228256 38.546272 
2 44.764286 36.867610 
2 44.566327 34.057681 
4 56.767416 43.120704 
2 44.609559 36.283901 
2 44.374936 37.080622 
4 55.543538 42.778060 
2 42.498540 37.399188 
2 43.720199 37.540570 
5 64.262092 41.998969 
3 50.403726 41.592876 
4 57.179541 42.838963 
4 56.925205 41.192600 
2 44.741822 36.731854 
4 58.250098 40.548596 
3 48.149896 42.604322 
3 48.727870 39.933933 
3 50.845050 39.176314 
1 38.061962 32.098593 
2 43.862755 35.271544 
5 65.488268 28.397770 
5 65.653540 43.883137 
5 56.575737 53.830296 
5 31.499156 0.000000 
4 54.076446 47.328987 
2 44.699976 36.936203 
3 50.333381 40.325376 
2 44.412354 36.070667 
3 51.541619 40.740067 
2 45.612828 36.432187 
3 51.280549 39.556299 
3 49.452116 42.610516 
2 45.303599 35.699364 
4 54.425568 45.485633 
5 57.491652 53.610006 
4 55.354913 47.249799 
4 51.364720 49.916030 
2 43.984102 38.019442 
1 37.714688 32.421126 
3 52.617934 37.893483 
3 48.585652 42.593498 
3 48.372034 42.242728 
2 44.046995 37.501163 
1 37.777097 32.128261 
4 51.322737 48.672562 
4 55.270244 45.365932 
2 45.571563 36.705976 
3 52.243399 35.854424 
4 54.678195 45.975048 
5 40.552182 61.747376 
2 44.488101 37.783886 
4 55.254380 44.725168 
1 37.707459 32.180481 
2 44.696749 35.158117 
2 44.476166 37.187044 
2 45.904052 35.657892 
4 54.371041 48.338661 
4 54.656767 45.952283 
1 38.214810 32.548558 
5 67.221214 34.056494 
4 57.969159 39.840292 
5 9.556969 51.010452 
1 38.310136 32.418405 
3 50.229372 39.541653 
5 57.458710 53.520067 
1 38.034977 32.417519 
3 50.119263 41.239790 
2 45.045971 37.157671 
3 48.680859 42.685395 
1 38.115048 32.517520 
2 44.090881 37.078989
