100 800
11632.1976 5512 17007.6725 54651.82
13394.1818 5773 24690.9 83078.1125
11329.9519 5176 55187.11 58704.2575
10989.6421 5671 46833.86 57896.305
10668.2261 4800 17108.5525 47441.5525
11946.3668 5011 80676.3275 71684.5025
12560.1742 3720 9003.05 38539.6725
11437.2917 5031 29018.47 23717.1125
11346.8445 4176 65417.3975 79748.835
11504.0149 4812 173.765 53842.4275
11778.43 7591 43078.2425 44934.5275
12746.4164 5835 52432.54 82483.8225
11554.4065 4535 38836.865 13627.3675
10032.4383 6578 79577.5125 44595.87
10849.9918 5839 17996.6275 5161.565
11837.3131 5110 57053.1275 21852.1025
11539.4244 4622 1377.095 92572.695
12398.2539 4679 87791.8675 56851.49
12076.2614 4950 68550.5475 65980.805
11597.9735 5833 70023.0925 32550.3675
13389.936 4896 37043.5475 30322.71
10585.2871 5944 10198.69 6459.305
12013.1985 4815 80413.42 90056.185
11471.9819 5522 89238.2175 90073.5575
11761.0993 6733 69462.005 76325.08
10622.4888 5523 57272.0 28686.0975
12241.9113 5543 28182.225 79155.0075
12977.524 5697 67057.68 69600.055
11518.2451 6244 73328.405 63225.9
11422.2855 3019 23130.22 91064.005
10689.7392 4111 53819.185 82085.09
9795.0755 5019 59236.14 0.0
14082.0685 5756 10378.17 92155.79
12274.0973 6456 56357.9275 31360.01
11576.731 4588 40658.8375 67014.935
10758.9056 4966 89012.34 78752.97
13506.6399 3942 80395.035 98321.0525
13325.0527 5814 76227.2625 23117.37
13887.9883 6455 55750.965 23168.64
11416.1358 5171 55400.4975 68428.065
13297.3975 5840 21211.825 88802.4275
12244.1368 3828 72825.525 37672.0275
13643.7353 6319 69726.7425 3162.6675
12202.5303 4224 55916.0725 19818.15
11305.787 4967 87077.08 50487.2525
12406.3631 4104 88947.2575 1944.6025
13402.4242 4695 42081.675 477.235
11989.1746 5509 62211.845 66976.36
13328.2416 4595 90093.175 93014.63
13357.498 5101 69140.4775 75112.0725
14417.3172 5780 50425.42 4750.005
12171.2898 4587 78777.9175 28792.595
10231.6491 5012 60540.215 9163.8575
10579.6103 5127 50280.3675 3069.02
12262.2315 6300 63051.12 75800.3975
10785.3305 4724 84372.7075 59932.2775
11649.0528 4934 15867.2975 24092.0775
11510.0774 5124 85653.585 82014.7825
11389.954 5474 81025.1525 92801.03
14025.3811 4051 43165.9575 99888.345
10564.1704 4108 11506.085 51247.8675
11207.6595 5442 97731.95 76695.0625
11262.0464 4441 94339.2175 19826.445
9837.3514 5636 88316.645 55070.42
10789.2845 5022 53896.395 88975.49
14317.2619 5192 99420.6825 3981.0775
10809.0747 5404 12920.4175 86097.54
13056.0106 4799 25561.15 34701.5625
12518.227 5555 7206.4475 67938.645
11944.3038 7361 38343.245 14760.81
11156.5602 6006 50088.01 92650.8175
9354.3607 5041 29627.0925 65800.43
12400.8904 4472 19378.6225 23442.55
12251.3388 6061 83625.495 61234.6775
12721.8357 5882 59035.655 56546.455
11368.4928 6232 96873.575 92979.205
13596.4603 4339 25527.8625 39590.185
11826.2651 5413 6286.615 49361.7025
13204.2414 4893 58492.3325 14148.075
12830.9955 4121 41902.695 14616.745
13744.6778 5527 65981.105 86948.895
13739.7734 5243 82557.86 1072.425
12354.3761 5017 88879.265 52307.815
12539.3979 3668 50001.1925 61536.3525
13450.7541 6462 84585.0125 53879.6925
12192.1245 6532 77534.215 56019.0625
11850.6534 3297 15582.07 78874.4975
12927.1495 5258 80728.97 16624.9275
11893.1626 5934 27012.0825 97159.205
14278.4137 4135 3863.58 25668.1975
14173.5893 3237 33487.6075 83202.4625
12272.426 3810 90319.165 49363.9675
11598.5104 4385 26102.535 56760.4875
11347.1518 6169 68147.41 68522.0875
11528.7932 6741 46158.14 24817.5675
11958.4202 5273 43610.3975 61552.5725
13803.7152 4567 56073.67 11832.2
13074.1281 4065 75416.33 64206.595
13776.2291 6218 44256.165 62866.275
12583.9737 5277 92610.45 41583.285
257 87940.11 21257.605
529 72142.4375 78873.0975
263 2220.5025 28360.7225
409 91216.58 80855.245
409 17613.9525 66743.4825
510 70397.995 56721.5775
249 17757.295 99360.3325
444 78668.1275 50513.19
516 61007.4575 44138.21
517 89231.66 68223.535
354 6874.0 9438.285
387 1181.995 62564.4625
439 35856.2075 4934.77
488 83979.3325 79882.9075
414 74313.3975 8141.4375
337 8556.2375 26874.8425
421 81465.18 63960.58
405 95384.315 63036.4775
323 75892.59 97074.85
513 67009.1625 89017.7875
348 73488.515 58789.7425
555 20350.1425 72028.3825
414 41570.915 79160.505
481 49794.7025 13996.2775
341 74688.9125 26614.875
378 41125.6825 97042.445
363 1374.1925 93030.7425
436 84442.7225 17174.735
275 36688.155 7572.12
414 76375.1875 62340.8425
443 57900.245 96740.5
510 84015.64 98820.42
416 94887.34 39652.2175
396 51610.0825 11420.5975
360 15508.6075 28027.4
400 96106.115 25978.95
411 6253.13 49136.505
402 25238.265 71044.01
480 18242.8275 65552.42
347 76979.13 72098.4675
356 33035.1825 29152.7625
378 77299.795 89025.2175
319 61146.9175 34957.2225
317 48559.9025 24901.87
419 21127.6375 10236.535
409 60348.135 61850.72
332 77319.0625 84634.0675
312 6924.135 22474.42
413 41581.035 4364.795
511 28693.0625 38202.7
404 36078.92 44478.6525
394 66380.6825 9304.055
373 12929.9175 10168.97
190 56583.5975 20520.8575
536 44731.31 47332.44
411 95578.73 26040.3175
374 45965.5425 27528.315
414 5436.1625 76397.33
376 14225.535 42064.1675
445 65054.8575 36081.1875
407 53370.09 23107.53
421 7417.495 77998.02
281 93372.0525 172.415
336 85024.96 749.2425
383 33165.3825 19154.6775
475 65448.495 28246.3475
294 31169.6425 5792.1275
455 67464.1025 85937.665
550 74064.3175 17597.7375
352 53201.545 36395.25
328 50827.5675 83924.0
439 62460.7425 73577.2325
498 79434.195 10476.9675
339 77309.1825 9494.1075
389 42849.245 39248.0125
302 21862.8225 15770.0875
426 12259.7175 53095.39
386 54640.5075 75775.1425
411 88297.495 32090.9875
367 71727.28 15053.2875
233 19173.7425 89173.4625
406 49750.62 62956.935
524 83086.22 36927.185
501 52828.615 7977.095
306 68502.53 47264.1675
203 84918.1825 34473.6625
533 49846.0375 16577.4625
314 98327.5675 66807.53
390 46751.5825 21006.1625
544 599.0925 55132.0275
243 93160.4875 67885.12
342 8616.04 32416.13
428 45639.7975 41511.63
454 73600.4925 74507.4875
324 90191.6725 5352.2225
439 87733.49 97673.9575
411 94872.395 91957.35
379 4060.84 94369.785
401 72434.8475 61082.265
406 79337.62 73180.75
287 93270.835 38782.54
471 59409.995 83269.42
411 87864.84 21132.2675
401 25515.285 19906.69
388 8717.82 16844.18
426 77897.1375 29119.41
406 27659.3825 52871.0125
243 95137.83 51009.475
354 66819.6075 96836.615
447 21097.69 39190.375
346 14063.86 79312.5575
453 89909.915 643.6475
342 57217.62 99825.8575
462 32604.31 2195.38
305 92720.89 4913.725
357 98704.275 15535.025
420 12559.5125 634.455
274 30152.1375 13310.0775
344 29141.2525 4371.855
281 82840.375 34091.03
304 82101.35 6534.5425
374 596.635 47390.815
257 92421.29 2749.885
459 71060.515 89185.7625
359 3897.5125 44095.78
426 99788.34 69342.2875
283 87944.42 44471.2775
485 15311.71 87321.84
418 85061.6975 6668.35
425 39732.3525 72994.035
464 26246.5425 8039.93
281 85903.985 36253.325
452 37985.845 92308.1925
355 52310.0125 42163.96
298 52521.72 74904.585
307 23772.9175 74353.035
443 44053.295 64159.525
300 3993.8225 27515.48
384 84471.49 24369.3425
370 40673.33 95583.3125
314 88231.7075 71959.41
468 50118.8425 30017.7
385 10489.5525 76601.82
390 2754.2 76973.855
214 9890.905 68451.265
360 49542.2875 53709.3125
442 68279.01 13466.3975
489 43527.9875 82280.125
378 973.1875 69706.1925
441 81053.7825 36647.3825
372 5848.36 23161.8975
274 70652.395 74739.1825
543 9646.09 81844.73
209 26904.105 18133.81
408 18821.1825 93505.66
388 59141.5175 53304.445
282 49615.4775 76076.1
147 58331.435 40482.855
222 26148.54 64441.7025
445 5644.7 85535.0925
381 26903.5275 10134.0425
347 97392.435 96373.455
432 84703.8075 77161.4875
466 28441.5225 89295.8275
466 47664.7425 92316.815
414 4253.7625 79798.91
370 67966.5325 57689.1525
370 44180.0425 18290.71
269 23264.86 33735.3575
376 26190.56 69645.3625
378 7145.7275 67888.36
487 81635.48 29102.72
306 34128.1 28765.1325
447 46760.4425 65793.3125
441 17159.7375 52759.21
455 31728.455 59885.0325
397 358.8425 91142.96
366 89266.955 31579.9375
345 85505.98 93013.64
412 43235.91 55124.675
265 40557.79 35852.58
451 59032.1975 20322.86
347 52254.515 37908.79
431 52100.0225 20943.1825
379 83627.96 28310.01
411 53565.665 32384.4575
407 62759.485 5178.725
442 28795.3725 22499.3775
409 5961.8525 38571.87
246 5102.0225 72701.3925
328 11621.3475 81104.8575
377 67181.7825 70232.0775
395 92751.05 51028.5425
300 96752.17 62238.1625
420 85692.9625 639.135
220 95655.3875 46455.3025
431 11075.61 5465.7675
590 53066.4825 92204.71
427 90135.5925 54253.2525
394 46125.735 51144.8375
371 20399.7525 23298.8825
384 84006.585 4113.495
454 48159.575 64803.27
622 23081.5175 67474.975
439 45724.1 46870.9075
205 52300.495 58964.575
357 40889.65 39975.93
420 50819.92 97983.5425
455 51855.59 16448.2275
486 74949.395 68061.61
352 33105.04 92165.4925
359 37412.28 48150.955
477 88946.5625 11459.8975
480 39829.7825 27667.785
482 25994.9625 80802.815
485 99537.34 72191.2325
397 45261.36 27243.5775
427 38216.7175 53343.875
445 78416.2775 69960.2775
312 19603.235 29024.8375
381 14216.04 94912.45
421 45221.18 43914.18
318 33001.005 6844.865
392 86931.1125 8132.91
360 38472.7425 61479.215
442 62674.8725 68313.5225
329 21310.3275 41737.07
436 27064.825 23507.1075
387 34970.8475 62315.25
451 90842.4925 95159.48
318 7670.0625 42517.0
418 16620.3175 68945.6925
373 7748.2175 14226.375
393 35140.14 45066.995
474 99609.0325 29194.35
428 89940.7675 39436.3625
325 26444.03 89541.0125
396 6262.3975 76188.6075
487 53904.615 21326.18
385 48731.835 20006.58
349 2139.6275 92972.1825
353 80633.9225 44467.455
432 65315.27 75945.3925
395 16392.4225 75500.165
326 33147.745 14063.345
364 61271.775 25273.28
386 15770.0175 15173.2475
453 68896.7475 73634.615
308 1362.5275 27252.715
355 33335.3375 13267.34
453 41532.04 67464.6825
463 38320.35 1620.03
311 44905.195 8295.96
419 70784.3875 71660.3375
504 80752.755 57500.16
551 73341.0925 15013.9525
350 21767.6025 53934.335
506 67514.785 95977.81
423 11266.1425 99942.6575
423 45839.1525 18241.5225
464 60629.615 42479.5425
455 6286.9525 68342.58
407 45495.185 5553.8375
370 13231.03 20303.4775
430 74010.4925 22358.04
548 51811.5475 90233.2275
484 17494.5 42435.8
340 19972.385 29752.16
527 33855.97 74374.7275
324 95651.39 80727.77
382 63082.7875 58375.2425
482 32279.44 41858.43
571 27019.9525 34861.11
400 94963.78 40477.83
436 74234.15 73088.465
462 85294.4925 2132.585
532 79912.66 23342.2825
455 30174.34 76464.705
433 93868.925 40379.21
375 68629.405 57530.685
451 73403.5475 8018.705
334 47433.9275 9883.0575
387 6346.8525 46301.0575
372 73649.035 74234.2325
420 72142.64 12675.76
454 3262.725 1154.225
532 28860.9125 65262.865
402 64297.9625 52507.3275
418 31274.035 27880.025
286 34438.23 42959.15
364 14954.5675 71225.095
355 24328.6075 44741.7475
560 24116.155 45384.925
258 69991.1825 62057.13
453 25084.355 24737.885
485 41077.1125 19297.555
359 11285.895 92845.1525
457 8136.8825 4570.31
437 39577.2175 53138.8975
430 87286.695 18104.5675
429 23960.4025 64573.3325
342 79795.6325 19496.2625
324 40648.4925 68660.3125
425 8213.975 95665.2075
409 31488.97 56193.365
440 41105.29 88284.0125
336 97684.76 1196.9875
460 1754.815 76659.4125
461 21336.4625 18912.83
377 84359.795 60862.26
377 34339.84 52518.1425
411 18509.5525 23238.565
461 35369.8175 34499.8225
329 87327.65 59030.3825
430 30494.955 87845.7625
434 99637.5275 60947.645
313 86264.535 71315.97
392 47713.5125 33515.1225
286 97100.7225 42582.18
407 84666.8025 3619.47
219 90161.1975 13750.6475
279 53782.2825 57862.82
398 35735.9225 5949.5825
405 36519.435 796.9825
426 66774.7825 36053.5175
314 75811.4225 72335.4925
253 4004.6575 30566.425
387 57790.885 16296.04
337 57397.67 41528.9975
387 74640.5475 20270.6
430 74366.425 59029.9275
497 47757.935 85868.865
294 37972.4025 39815.0275
403 63816.525 59148.285
296 9834.965 97332.7525
415 98009.76 77524.355
468 55128.9175 23690.1525
389 25874.6075 69262.0475
439 60531.42 90701.24
327 3594.6275 80451.9325
423 77197.475 69192.3475
465 15926.38 46879.225
231 94815.0875 83780.1675
506 94282.43 83270.4575
518 25146.5775 38890.1925
391 74426.82 5860.52
394 19030.7475 40706.915
368 54047.0725 92322.6275
407 25159.2 63895.95
426 96232.99 63081.15
333 26690.42 6993.4675
314 5041.0125 16961.4225
331 21659.41 60153.3175
241 63433.425 87539.1775
350 82056.4475 16504.3975
294 5575.79 16839.5875
462 13405.74 26870.68
347 43458.91 15017.8625
277 20146.4075 71581.7325
476 1197.5075 72802.295
395 2808.975 17015.77
406 9021.705 82552.3825
304 92520.2825 6957.0875
372 57320.3425 63477.3325
448 79252.2125 33989.0925
306 69122.145 95715.1975
312 10161.45 43882.7625
291 10112.9575 3275.075
317 37525.9525 82501.6675
365 37976.975 81139.4525
292 66198.29 55744.42
657 32095.2475 27594.4225
286 21542.8575 19330.955
442 13576.335 77970.88
359 44189.9025 50005.56
396 50122.3575 2521.7975
413 51184.065 84451.17
435 33593.6 33447.6675
389 44306.39 851.88
319 45450.985 33317.38
492 62808.7975 7887.9
319 21172.315 7386.6675
350 24442.25 52769.0025
428 66697.8325 4913.6275
403 97992.83 13999.48
400 53792.74 64243.3475
406 93501.3825 2309.825
458 52974.0775 43239.7625
396 201.1875 35371.6125
298 96102.89 2488.5225
317 63907.85 27531.01
252 45344.3 88303.5225
319 36161.13 17035.755
364 50797.67 58068.7725
288 86070.19 80054.655
280 6375.1625 32370.09
411 5496.2325 10422.8075
309 55038.8975 79503.12
328 64795.1825 40499.5425
415 31595.8825 3348.4825
450 86.4 81239.195
478 16929.795 21646.265
292 57596.77 77703.8925
323 92310.76 81347.0825
538 11939.93 83474.0125
272 98781.9 6140.345
334 41793.53 96347.5225
239 10958.575 46017.7075
453 18538.445 70672.96
454 35484.2325 55935.1025
399 14770.1225 535.855
454 95260.35 63547.0225
402 89614.6425 82972.1
399 93122.9725 95231.9575
360 46294.4475 97507.9075
332 92743.4225 50614.2
389 7931.8625 41946.25
419 48027.4625 34822.605
283 57077.9675 10280.0625
438 36343.455 43194.705
432 68376.4475 73940.595
479 42254.68 52283.6725
447 91225.22 32234.5375
467 47861.5025 44113.9175
441 46156.2925 88435.1475
371 39490.685 93734.135
413 25671.3075 39829.915
392 83625.71 91905.575
377 41503.5425 15965.2925
471 92224.86 55726.415
542 29674.4075 65105.375
358 54490.7775 44468.02
468 18554.4975 35739.01
360 85904.1425 39388.85
522 38087.1 37955.775
373 58289.56 8432.1125
419 19045.015 79156.8
341 30872.3925 92952.9825
462 92745.285 40343.415
430 96503.2425 29533.47
336 50439.035 78865.8375
494 70499.1125 54634.11
333 68310.185 88369.2
413 10288.485 16965.9925
339 92585.0575 19643.75
492 71414.96 93274.135
300 80886.2575 37178.4625
326 37481.1025 84495.425
422 27153.665 89208.8325
615 18427.995 31471.315
374 48466.4425 89020.47
400 44390.24 47266.78
344 91978.835 24017.9075
212 52507.44 11313.5925
340 8849.8425 63678.5975
327 95697.275 87143.845
368 8538.8675 81583.3125
387 98330.9125 21738.5875
434 3420.875 54697.065
376 12241.15 5413.9125
318 39818.465 84502.9075
429 36613.5125 74626.3575
418 27964.36 53345.535
397 65806.8025 71846.81
515 30754.485 92852.3175
460 68065.3425 97631.4025
485 99830.36 34164.4275
396 35089.8125 6577.9525
270 33258.1875 51532.4375
424 13205.9775 21480.9875
336 52916.25 94437.44
278 82498.76 49166.36
392 53641.1525 88712.0075
281 45389.4025 94568.965
488 95260.8175 45661.9525
438 28361.7875 40419.495
343 29351.1225 976.13
364 93869.6775 15654.4825
403 85913.995 36807.03
447 92942.1125 55163.5775
234 9901.395 38794.6625
322 71808.42 35626.595
381 5555.1275 18151.165
509 83863.5175 36766.105
427 25186.4325 84962.75
524 33675.41 91964.5625
464 89134.8725 55815.305
275 13774.94 66001.42
364 12015.0125 57982.365
415 50423.7475 56227.5675
416 73559.2125 37040.305
240 80923.72 37855.3
485 8955.315 28484.9325
280 96654.855 48650.07
499 82834.3625 32328.305
377 39590.3575 34030.1275
422 43502.68 33952.3925
430 53814.55 95797.2075
394 97000.95 14998.9675
393 96693.755 6278.6425
387 79442.85 65623.2825
274 52600.8925 54989.7225
235 96354.9075 74406.7925
448 92115.21 69873.5825
312 31501.9625 97936.745
262 83324.265 22588.7925
361 84393.34 19326.5575
404 41575.2625 31702.7275
372 6665.24 41111.52
450 16489.365 58409.36
441 50082.825 79461.725
254 13430.6925 25948.86
333 79338.4575 21265.785
471 82151.1325 10490.7225
377 85912.1825 64325.4325
371 43468.7625 11181.04
238 58460.64 20104.4
257 76094.91 95419.7825
447 38831.635 6308.1025
425 39920.8125 94767.005
398 77990.0475 17121.67
518 889.2725 11282.12
467 75603.48 51881.9925
196 81769.7375 70603.1775
524 55663.255 29286.4875
348 93820.3675 44452.8325
439 15691.6575 86752.805
360 17056.6025 30441.175
366 96320.2475 91233.44
368 80976.2475 64446.4625
430 52831.11 43662.76
433 13757.785 38031.62
443 77312.1625 20789.54
479 73918.5375 43782.3075
628 78998.3325 43580.755
430 95943.9875 74666.3325
333 77815.7025 5967.335
515 5774.095 38179.95
356 93272.9125 41555.1325
336 5863.305 70428.97
400 14990.565 19668.12
437 64072.1825 55422.8875
357 96495.0625 93880.91
357 56516.165 28977.555
444 58638.09 34347.635
356 87347.215 71903.9825
479 11071.9275 41750.55
330 97255.06 17360.785
409 47675.6975 43521.0625
374 52119.0975 66829.5325
346 13877.285 27604.11
558 66231.055 56512.8825
407 13282.13 73081.3425
399 89244.89 19154.68
407 67189.9975 80537.3325
580 85373.4475 83275.585
270 34182.525 35452.9325
407 16813.13 74485.005
284 69578.4 94670.3975
318 85216.7775 57176.315
362 10676.425 28020.815
468 72782.4375 1244.525
408 8474.0 85179.0825
389 29257.9875 50445.93
312 68209.4475 64009.4075
472 31336.9925 98547.0225
424 56780.77 34151.6075
380 69728.255 25173.9725
451 63236.6125 43360.0525
295 21189.0575 37310.715
304 92555.935 59260.0375
402 42700.24 41367.4225
474 8505.42 19716.21
410 58091.4475 2792.425
359 81086.8725 79551.705
324 43669.685 12858.9375
309 52851.4525 26587.3375
479 43266.07 17591.5725
374 38604.6025 48091.7175
490 33860.7275 20327.62
255 34110.6875 38286.015
325 1267.3775 56501.095
420 37439.1475 20887.6875
518 28833.9075 96455.1675
374 73824.505 74468.7475
347 89541.835 43048.3725
429 2556.005 37147.6025
453 49364.005 93407.9625
418 34915.4475 79238.4675
365 90497.46 72632.7075
382 13323.915 22671.2775
337 68932.1225 79194.7425
391 62316.5325 41981.6425
240 86798.515 54862.52
385 51000.9375 55387.0525
395 13720.6775 75711.01
411 91589.86 42128.245
458 48086.5775 54932.1475
471 36456.615 94661.6325
383 65948.3325 4405.785
359 10934.01 75014.0225
263 83870.4675 3118.2125
246 41571.4875 4632.47
527 9717.145 73318.445
369 10374.965 38984.07
373 3666.405 99878.1725
576 94322.65 99739.4725
461 48938.495 40920.21
398 3261.8625 97469.1675
414 40373.9325 96163.77
344 57278.4475 97494.2925
415 76519.0025 34162.745
490 72006.085 51310.5375
453 28658.8275 76878.585
288 32683.4575 47664.8775
287 36239.69 81249.1425
363 84484.49 69892.16
428 41298.2725 66096.555
374 73796.6625 86675.0025
361 46094.815 97032.35
346 99075.2575 5797.3725
351 3578.6025 34928.22
374 71859.4375 19364.7275
412 89674.9575 79505.7425
280 72648.7275 65370.2775
472 77268.6425 22964.8025
465 88859.2475 17486.955
414 24845.1 77093.06
448 54270.7225 21803.2525
323 98152.4525 58087.8825
478 6727.9525 21207.945
343 78461.38 26504.805
456 44012.14 65950.6
593 84157.4875 98800.7975
346 45375.89 8169.635
364 79202.3375 14888.1575
460 45464.52 89919.9
418 76477.2925 59192.33
422 24842.56 70282.4875
415 62723.915 10824.655
383 49388.485 57684.33
387 1772.965 36419.86
348 57425.6225 71331.48
364 31981.13 89363.3575
358 880.9725 29443.83
323 93622.8475 78206.365
369 88316.46 40189.195
439 78849.5625 8623.17
480 83084.3225 55383.705
318 84035.4375 67918.345
393 67923.37 26844.81
417 64206.035 75525.2675
430 13735.1975 32662.9275
386 44759.795 8283.8225
232 84701.2125 29966.0275
257 5078.5225 86972.43
402 97674.415 95914.845
506 87167.1425 52463.4975
428 59938.0075 2038.1475
297 51332.4925 70430.2
361 61372.195 33593.71
534 70239.095 38512.5075
428 74411.1775 47677.9075
443 43392.6375 7312.555
541 84005.24 95852.99
375 61633.44 56615.675
381 90974.4625 51245.89
332 23507.0625 63805.9175
455 17198.3275 73643.9
281 14412.35 14557.2575
506 79462.7575 56141.8725
464 71970.105 54828.4675
423 63582.6375 57534.18
520 1512.49 88664.1175
377 11402.5275 1798.3975
383 72534.345 1765.9025
380 96479.67 39405.1725
294 66750.5175 22112.715
332 94738.39 81532.6825
316 27256.845 58257.365
348 43671.2475 95902.7375
381 6518.6525 64351.1075
300 77029.2875 89916.23
424 28623.9025 77492.6725
384 36463.4275 55869.2525
434 55257.3575 10235.7975
256 24138.475 55595.38
245 36613.98 50139.2475
211 76845.6725 65806.78
419 68972.25 42845.9625
517 56268.6175 75697.75
206 32705.0925 2634.87
456 35996.6775 57116.7375
394 69400.51 13806.3025
498 79025.455 51992.8
481 34728.505 42861.0775
483 22946.5475 96845.4675
420 88582.48 23411.1225
387 55811.285 49703.3525
505 262.635 83336.93
451 34023.6225 53420.43
382 73342.8975 11191.0775
532 97703.6475 69700.9075
334 36067.385 37894.01
352 1717.64 11164.9225
348 26599.7425 16159.6675
339 91496.4025 68506.485
447 88643.9725 52749.4975
355 94930.5 28041.845
309 36747.2375 93302.835
307 24234.5725 33200.7
306 6322.7775 78695.09
455 54950.5025 23642.4625
353 48272.16 18660.04
365 55353.735 55502.62
392 77174.6625 82554.01
428 39611.3475 56790.7075
390 7422.37 85935.34
405 80636.55 41467.98
230 7384.645 34030.3175
451 49813.8175 87496.1275
324 80382.2075 57311.475
513 14043.1575 52610.12
338 92129.225 20557.19
367 52193.3325 59027.775
345 55031.095 61821.55
392 60093.02 68102.745
238 77398.0625 81692.7275
332 49604.3075 66724.2375
548 89874.01 31442.3375
304 8778.755 32276.3875
439 14528.22 91014.4725
372 68229.7275 8927.69
359 27318.095 83044.145
357 35499.465 61328.9525
449 41960.075 6931.405
310 19791.57 83534.8325
400 51019.885 83867.8675
403 55336.3275 54596.94
370 18070.17 40041.3425
400 86632.5375 42267.0475
404 79355.2475 69761.925
383 67208.1625 96378.45
389 37520.6 69424.4675
464 38330.3275 85514.155
529 83276.195 63037.34
359 44115.79 72214.1
341 83841.63 57361.5575
391 47979.04 83972.5725
279 22663.3125 85686.7325
347 10066.5925 3362.19
390 25967.84 54420.915
357 6915.175 60404.3225
238 60915.1775 60886.16
421 92590.1075 46854.3825
417 69124.125 25378.4375
541 47786.395 69886.9425
253 97657.01 163.365
537 40845.1975 92041.0975
371 74693.71 39712.7075
458 52617.8375 54092.575
241 68928.1925 78437.605
442 41974.1175 49333.1925
491 56701.135 82873.665
298 75815.7225 90471.88
432 32273.2625 58853.6625
433 48788.2925 26992.13
390 30930.255 76020.0075
380 75374.8325 72374.115
515 81587.32 40395.915
423 40812.7025 56034.8875
479 51276.255 61367.7975
425 63684.185 81503.98
439 48750.705 85377.265
361 28778.4025 65398.1275
320 62131.5525 26477.8525
476 53202.04 30126.02
484 83885.08 11627.3725
317 15665.9375 5008.0275
256 20977.05 16126.355
408 32286.9 86086.9675
336 25908.2625 5522.175
536 1133.9275 73531.13
401 28427.645 23760.2425
281 4082.9025 47796.49
225 17324.555 85760.375
265 80612.5475 56220.895
425 86923.9575 45835.8975
325 29591.1875 36541.52
527 53278.575 41211.11
376 77152.1425 6879.06
343 35193.6075 12889.3
401 22387.2175 5802.765
277 50547.1825 78477.1225
390 93221.53 13257.0475
454 15485.5375 56639.9475
246 12654.01 12132.36
496 27727.5575 72571.83
429 95199.6125 33410.715
300 24447.325 95465.0225
