100 1000 
641251 6500 63172.829273 63172.829273 
519835 6500 57935.318639 34766.380717 
648952 6500 62533.272832 57295.945138 
607977 6500 91806.846687 40225.952652 
570822 6500 74297.369110 29127.318671 
417757 6500 73285.253683 40019.945330 
503134 6500 94990.741427 31756.622444 
637135 6500 47966.858929 49489.431027 
430890 6500 53466.232741 47343.246684 
546226 6500 38045.456169 58997.872810 
503147 6500 30767.635817 54595.081197 
503214 6500 50822.278717 62589.293119 
591038 6500 96024.515344 30494.362640 
401110 6500 42270.430457 60786.235754 
584053 6500 93324.689230 37499.810395 
610558 6500 83800.477538 48758.301356 
594447 6500 71949.272461 60928.916383 
507340 6500 95686.715685 26987.069686 
471740 6500 57240.283341 52693.281403 
571762 6500 53774.040277 45300.768353 
658443 6500 86462.169568 38287.095003 
619632 6500 63852.603939 64273.628354 
508026 6500 63257.778213 60436.524164 
460866 6500 87728.817922 47078.237527 
631250 6500 71691.576114 30719.981830 
433042 6500 90649.606554 37864.893398 
461183 6500 76081.382378 58960.833192 
542508 6500 87009.423236 46857.893817 
489368 6500 51635.070217 60366.113660 
500143 6500 40293.703651 59427.121578 
510975 6500 90574.749420 42630.474538 
628884 6500 90705.937969 41290.039647 
511028 6500 89897.417832 44886.098126 
637790 6500 48702.763047 41447.488533 
407996 6500 69770.868134 60830.982150 
494493 6500 76513.786532 59496.908263 
487925 6500 67026.758590 59016.190158 
555772 6500 87377.575833 49188.224056 
570548 6500 44972.356833 59274.892714 
599225 6500 37029.675974 57745.597795 
657973 6500 93754.523769 31779.365837 
435569 6500 73683.066593 53664.015338 
541961 6500 49637.257664 62629.473398 
555037 6500 75461.392736 45976.519459 
607690 6500 83340.236385 51960.511969 
462227 6500 52677.337660 62692.590342 
418168 6500 94002.883168 31170.130211 
412193 6500 49311.662886 60203.601811 
470568 6500 86687.652469 44150.985011 
471818 6500 44728.671141 61314.798764 
597917 6500 83730.036959 50228.597562 
476993 6500 75373.866550 49979.999274 
397560 6500 62097.754654 58235.786108 
547404 6500 69864.704248 60780.065389 
427537 6500 93561.505565 33553.378111 
430093 6500 55311.142760 64617.175997 
613242 6500 65668.414993 55619.592419 
429773 6500 53953.501004 61152.676458 
503443 6500 73832.174081 61910.823117 
631219 6500 56220.592116 64854.531868 
511431 6500 47534.587534 56953.695177 
495446 6500 37511.389538 57421.757877 
565833 6500 85951.334251 47398.031629 
551251 6500 76257.827868 58031.253773 
622856 6500 82877.934510 54372.715121 
421730 6500 69151.220351 63063.157936 
467447 6500 52875.963493 38951.435554 
591191 6500 75585.105302 31992.115484 
457469 6500 89859.997774 44088.087941 
507389 6500 94182.601591 33232.181763 
430671 6500 90040.953899 41426.309085 
578957 6500 50455.260709 62800.799524 
616801 6500 76355.141876 57738.772207 
587524 6500 84129.488559 53856.774451 
641535 6500 34947.500796 55659.077867 
520633 6500 38519.667174 58866.128251 
619446 6500 77135.564731 33456.127284 
524832 6500 35735.233679 57058.725778 
464571 6500 85012.684449 48984.585166 
624589 6500 66651.836322 53097.074331 
542024 6500 69973.731300 38028.171088 
644905 6500 86871.617055 51043.663623 
622185 6500 51218.824311 60011.047331 
649802 6500 88003.417518 47898.080436 
424544 6500 74866.828780 37375.763342 
527431 6500 83814.698924 36182.693730 
415427 6500 50312.121817 58648.683633 
607186 6500 95562.306372 29541.698105 
435022 6500 51336.976299 63289.008912 
517158 6500 74680.164152 52584.849817 
448316 6500 67385.233976 63547.951093 
446823 6500 55285.136763 42521.285739 
634259 6500 91409.553404 42362.734255 
507151 6500 53132.904945 62295.384807 
554862 6500 68429.703923 42784.545951 
576328 6500 93625.541913 31438.716578 
601907 6500 58308.247623 26208.043258 
525590 6500 78308.274154 53165.537800 
543660 6500 70860.808845 57401.722692 
481167 6500 71275.723270 51480.421315 
89 134263.300134 38604.225446 
40 63737.810315 59063.678917 
68 84457.421276 100939.040813 
31 66256.717476 49888.318077 
100 44197.747281 95203.312116 
23 66542.929767 48633.684105 
76 116466.320832 47667.304122 
67 42357.323911 83673.693242 
92 108380.782512 64532.445049 
74 99530.020411 64252.562914 
76 31963.483049 86117.561639 
83 85784.728829 90467.474234 
59 37469.081472 79445.511864 
19 66016.333857 48851.303640 
49 79617.764868 81042.213759 
97 127453.106637 69597.323567 
65 65827.862274 77704.774741 
20 68934.948180 47923.816428 
81 84092.911254 94933.775578 
42 67268.213989 53735.244818 
3 67949.978911 47907.554501 
67 108554.850477 65651.194222 
32 68183.923618 48813.184950 
44 82740.047534 74914.456894 
40 80055.527171 54853.165990 
89 32366.334970 92866.158111 
33 80830.049114 42462.388837 
56 82956.501529 86995.683086 
23 67034.263823 48464.283447 
21 66817.297882 48741.593871 
55 46187.591499 73384.498727 
99 59364.456125 101176.980919 
51 58785.290767 67405.679742 
57 86283.339989 77387.298149 
80 90782.467966 88323.347789 
63 73499.978987 88547.900700 
88 118780.778411 59998.569200 
29 71126.649608 45727.296407 
13 67677.829621 47901.115084 
48 72217.836366 56325.566699 
89 113493.667085 73528.833441 
62 44289.666581 76968.069681 
33 73934.947176 63667.071849 
98 113229.290345 68097.128522 
73 94912.449727 64405.493882 
72 72793.796718 89801.706002 
99 96437.040940 85833.167366 
24 69572.862410 47444.755705 
7 67888.171287 47983.571526 
38 71395.290318 51094.467242 
13 66807.846526 48218.556741 
28 71417.254775 46967.574065 
17 67839.062076 47506.930239 
54 80650.392051 67473.814928 
68 78402.025242 93278.423907 
5 67993.455962 47899.770999 
35 76383.226141 65037.770934 
14 67777.485951 48168.362004 
93 130462.345077 39101.142140 
28 68138.395158 48654.287924 
38 86425.863635 44532.278775 
44 81651.799854 49529.407163 
40 83454.715578 52561.519005 
86 44689.624695 103130.180324 
45 70317.268247 54519.278378 
69 70092.028172 88507.431904 
26 69460.800718 45215.088707 
46 51086.189427 70003.293756 
72 114790.900853 43333.498014 
61 68449.959609 75294.221962 
99 93019.190164 84423.756164 
53 87066.555652 55579.264642 
67 64324.694191 75802.622601 
14 68958.477329 47413.174493 
78 69836.621241 82969.073400 
53 74489.686119 69189.256279 
90 94732.601753 76571.472035 
69 76299.354593 74821.401221 
86 118357.710243 54650.024288 
26 64551.744236 50006.600200 
97 73382.392119 92146.091618 
28 72224.740603 46454.387131 
57 59055.987264 70932.602544 
92 26448.433619 92714.318927 
59 103173.167702 52753.894523 
34 73423.906360 45808.962157 
19 68465.992262 47522.864619 
7 68067.200481 47886.634482 
97 94972.990202 100298.078987 
90 115120.669130 91018.408544 
99 130087.781384 43484.219502 
61 73222.409163 69766.392800 
87 60972.355588 100906.375113 
67 32055.449533 82297.672883 
2 67891.609898 47934.799065 
54 52099.992023 73418.292707 
96 26235.971710 96799.124102 
26 67490.657656 48624.314176 
52 64665.999267 80262.557522 
56 78577.281137 83470.499387 
74 126856.517857 38051.927261 
74 79640.610887 77748.838906 
56 51329.741916 73235.453081 
89 120294.655885 67852.411967 
39 79271.326590 62220.731856 
39 81933.942781 45656.988955 
15 67568.587068 48039.730206 
91 104331.817165 84283.840073 
20 67307.639541 48149.058267 
44 64978.325431 55711.870083 
36 82642.030910 41314.358837 
78 109540.936273 68390.080558 
99 124779.307764 53106.947673 
74 106138.157907 54273.186859 
76 86487.903048 78098.834417 
1 67903.606452 47929.376274 
38 78026.169590 69625.959628 
53 72302.980188 73182.548513 
53 84525.440024 57999.370240 
90 95748.104904 77146.787632 
89 108617.990772 93594.919972 
77 63465.564565 87707.750984 
56 83651.855168 69329.988598 
68 92603.898455 93300.170925 
97 124254.584528 87680.888543 
26 66523.709597 49100.077776 
4 67876.850518 47949.510597 
51 50804.930905 70467.347573 
68 103306.714557 68344.157882 
54 82825.948515 58117.849689 
25 68569.943063 48320.417540 
89 25135.580612 96283.892574 
82 52911.179505 101894.292225 
75 98948.880456 61981.381456 
44 60361.516838 65010.555685 
57 45982.021546 76380.187695 
12 66889.229527 48296.214232 
67 116782.474894 44188.738662 
33 61705.148804 51709.546023 
29 66632.839630 49157.584280 
41 90849.174494 44299.879688 
4 67897.942501 47933.547190 
15 67530.140159 47730.487026 
69 92242.423756 94160.492550 
54 67964.838794 68367.085587 
65 75701.711779 98487.133085 
96 69706.188908 101244.183053 
24 65074.689555 49249.565747 
1 67899.832775 47931.919582 
72 95762.631541 75877.615413 
34 63006.389535 51922.477430 
81 75661.404060 85070.611629 
67 96699.145258 80563.836645 
79 103356.949834 69138.048415 
35 60473.028777 52892.851257 
27 68572.715708 48669.202542 
15 67716.578895 48079.747191 
49 90231.523435 66900.700564 
90 108821.718981 72370.393425 
39 51795.250257 68670.140669 
62 92400.639352 58430.609247 
71 69629.816329 81162.839153 
40 67077.709140 52765.867993 
71 70645.288881 81375.531695 
56 85424.110272 75119.702248 
34 57179.386236 54576.988513 
95 61572.597629 97756.482776 
60 78945.614703 94302.354102 
94 15990.730264 95041.703105 
99 12241.679104 97792.757437 
85 100125.201817 77118.806663 
29 69395.723079 48376.372603 
58 85221.834074 62634.241817 
75 56955.803188 84195.237344 
26 61145.198495 49950.816820 
60 100667.964161 56897.267725 
90 136087.188167 34403.901501 
100 140181.660700 48596.077978 
41 84677.246918 47414.965770 
11 67363.271743 48201.105746 
37 76298.584135 46361.444095 
12 69045.455226 47143.684068 
72 61681.611013 82206.475841 
26 58881.757489 50213.531319 
77 86579.687348 85771.217630 
59 94479.471107 70092.274144 
60 95174.599260 81511.111147 
12 67988.331676 47764.465289 
46 84845.675995 49457.134137 
6 67691.059128 48019.879205 
81 134809.563672 35279.815357 
39 74349.273830 49056.197796 
81 82306.784271 77411.658345 
30 67760.134952 47041.825396 
40 75605.764353 52945.996112 
73 106555.306868 60489.138548 
76 130235.568502 35795.570361 
96 107412.224060 78539.844232 
33 59064.302710 48709.484689 
9 67783.228978 48037.561454 
23 64078.683232 49639.744949 
16 68582.732078 47855.412456 
30 62323.445227 51302.315691 
47 89050.064828 51261.139951 
60 38619.457386 81181.554014 
18 68696.010738 47848.687219 
37 65221.368770 61778.458831 
73 90969.162506 67792.962744 
99 108708.619226 70353.263590 
17 66670.974993 48566.396471 
78 120983.933179 54519.483775 
5 67890.551255 47939.359904 
18 66844.837045 48349.603015 
89 41817.554281 96203.180457 
56 68473.768514 68740.049606 
15 69026.350203 47456.195035 
64 37979.369683 80765.822203 
14 68435.918475 47778.079708 
50 53804.868510 73310.089622 
1 67909.526638 47927.131551 
78 37426.901427 92418.447827 
26 67434.683493 48740.346222 
92 66544.027133 98766.068852 
24 68171.630975 48610.001877 
69 105101.982866 71831.305492 
86 100703.430287 105926.035027 
39 69430.438411 50388.356342 
49 77338.582749 58476.660608 
37 74911.729181 47471.658844 
99 38868.821603 97653.793220 
72 27466.670858 83706.796565 
12 67636.211699 48094.096719 
15 67362.197446 48357.082747 
86 94022.503043 81392.790998 
26 68203.072008 46242.833633 
36 76027.485822 47065.826035 
66 102625.055962 58058.473203 
83 75094.201657 81798.428390 
54 67784.846263 64684.606437 
27 64763.517442 49685.941010 
83 106301.116942 109645.125391 
55 62791.765424 67888.029545 
81 25000.492912 88438.658091 
52 56450.109436 77514.788932 
1 67904.471935 47929.586871 
57 61115.399555 77967.560224 
74 103504.715645 92554.636505 
86 12002.338991 93298.875449 
9 68421.938956 47615.251468 
33 69611.456723 48835.866480 
19 67432.630280 48527.452976 
31 60474.560976 52828.319840 
2 67873.063442 47939.184441 
50 43561.188269 75363.427716 
93 26957.838302 90925.831930 
42 73477.367873 61994.772477 
19 68258.146804 47169.089221 
97 68237.115504 92580.202333 
57 46273.735578 73638.603956 
87 75250.494869 104332.613111 
91 115496.038507 61225.259265 
88 100799.278608 85028.978235 
100 123901.698977 53980.783286 
55 90132.007534 59559.296295 
32 68602.007849 44381.927575 
22 67537.612668 48628.373878 
87 55628.196166 109131.015978 
17 68129.729940 47909.240843 
75 76811.711086 82432.123150 
21 71645.870568 45596.116891 
12 67803.493757 48068.551865 
6 67962.700086 47913.577159 
72 44503.769496 82233.438843 
34 67583.250677 41359.382309 
84 105857.078253 72244.497042 
34 71560.599174 48374.873597 
58 81736.828092 74713.235308 
47 86884.023117 55435.886981 
8 67760.566271 48015.770445 
29 65682.892702 48408.786084 
82 127552.477091 42078.487552 
36 71807.377039 47362.268340 
37 81541.899068 43764.619579 
34 78987.702898 42749.253054 
34 65208.393559 46350.841329 
45 85982.800923 68254.421094 
95 119758.396275 60733.398065 
82 107916.589964 70776.026358 
50 63695.944208 64029.709663 
41 69426.118045 50919.323441 
65 74430.293899 78713.554256 
67 91687.190413 65723.165683 
31 63666.383256 49736.058032 
33 68124.797764 49706.024663 
44 83032.034860 52826.630845 
71 110067.487358 66531.892548 
75 95112.939975 71387.914089 
40 53424.356235 62635.065452 
94 51671.949199 98553.689071 
18 67478.011344 48103.577052 
2 67910.488793 47929.413875 
45 89898.345447 50998.713428 
6 67641.347020 48010.214006 
71 80498.913192 95747.492207 
16 67266.076419 48106.911955 
69 113797.842318 45990.233084 
54 47353.051831 72322.998638 
15 67478.489177 47658.937093 
62 95462.014528 57686.149738 
13 67927.444287 47973.555345 
22 65240.638551 49179.799160 
75 43333.984339 84716.639849 
21 66522.140078 48544.861941 
81 103538.412020 65543.798014 
43 62558.032791 57445.518001 
22 67200.110268 48740.486312 
28 73337.008132 45361.580785 
67 86743.417610 70411.031633 
75 67943.612489 80247.296352 
81 124580.533594 46976.047224 
57 42706.608807 77793.825750 
67 34896.375425 83502.346904 
29 65646.721609 43316.628014 
41 73046.376145 53914.356721 
19 66601.016196 48082.279558 
50 67777.685503 62417.659619 
22 67036.349805 48858.381058 
99 57884.968180 101514.984038 
93 109277.664306 64707.019894 
79 17715.433863 89624.862777 
66 81089.524726 85662.670348 
68 80738.996877 96134.473978 
16 68886.406667 47379.605619 
49 70003.798156 64066.241315 
59 54164.868138 78283.245067 
11 67400.935219 48217.126114 
39 63302.941603 54270.256770 
4 67948.877403 47904.335294 
76 35304.118931 88239.851938 
99 18810.477933 93530.777645 
15 67527.195158 48095.006820 
79 75823.021209 87721.001234 
22 68262.577391 48253.872259 
72 89956.267776 106782.465003 
19 65850.560873 48848.280565 
52 49171.037023 75708.193433 
20 71290.457518 45787.596657 
49 55922.088912 67162.663829 
79 84874.640809 109278.395128 
74 70646.462046 90102.561801 
25 66814.807212 49042.265683 
65 43312.118497 79815.208712 
31 63957.975131 47943.160604 
73 63565.321773 84900.541808 
69 48853.101559 86738.285692 
22 72016.508096 45805.590785 
70 65807.994845 88845.149097 
21 70011.498211 47174.972812 
70 87040.258647 93616.958303 
29 62121.096864 50894.960648 
9 67938.724984 47983.947737 
3 67916.980789 47927.997019 
87 99313.740377 70171.933116 
65 57571.859331 81348.974489 
71 54795.272665 81537.604025 
64 67510.785151 85258.944882 
13 67530.220498 48052.176407 
27 72800.776634 45370.700236 
71 94142.896069 62702.255803 
80 89404.559953 112124.812332 
27 69046.722270 48385.799022 
1 67900.993150 47931.145421 
22 67266.038932 47844.959440 
81 83508.385331 103535.112952 
7 68064.761435 47847.904064 
56 60945.319831 69054.531356 
47 74477.126867 61379.681220 
27 66251.557498 48783.813243 
29 73488.414755 45478.094375 
28 72065.643853 45900.864561 
35 61758.527789 52942.520106 
94 140973.277322 34372.734848 
48 65416.511200 64679.796264 
34 78165.395764 43779.994089 
44 84633.368731 49065.382434 
4 67969.403642 47905.890149 
28 69249.841838 48405.058769 
93 11445.813211 94750.586650 
63 118621.361040 42014.194863 
17 66725.260240 48605.416170 
60 96795.365723 53261.658757 
42 75023.219932 47863.840544 
76 85018.603723 97751.091841 
76 42311.149863 83944.299850 
93 114744.748463 63225.198153 
1 67900.230671 47931.901827 
33 74723.250062 46391.579286 
83 24547.314893 88780.517568 
60 70902.996407 89389.189930 
63 82490.520548 70207.467450 
46 85707.420612 53404.631888 
21 70091.477643 47172.320687 
83 59399.934512 101258.982017 
38 78504.037264 44759.399157 
11 68023.008688 48003.160113 
21 66612.013454 48263.660031 
100 74301.133588 109836.871637 
98 112418.576931 78768.860562 
86 125353.522865 41125.298261 
14 67775.104846 48200.716150 
95 38208.125124 97295.806010 
16 69630.562437 46828.394817 
89 90914.832340 79160.948368 
41 62995.021165 63944.781240 
71 101572.909801 56814.598986 
83 89856.881648 93220.296788 
11 67682.579800 48104.868253 
84 109871.249530 58176.529764 
39 64782.078491 53210.643840 
19 67406.172820 48564.864586 
16 67643.411680 48241.980045 
21 67486.882206 48494.886884 
96 29638.751830 95723.884004 
33 65579.140287 50918.994289 
45 77039.172482 58781.300096 
21 66816.509042 48827.654518 
15 67739.305082 48217.620557 
50 102735.295724 48059.763231 
1 67900.273698 47931.569551 
26 67616.665791 48228.848385 
5 68014.069101 47869.876048 
73 119222.963478 42467.239269 
71 95535.131237 69835.318379 
55 94469.047135 64191.035139 
10 67870.812798 47957.504547 
28 70028.079824 47426.638344 
95 89902.188691 85409.129397 
14 68139.000960 47975.107384 
59 77687.431998 65422.888480 
62 105457.720430 63418.033628 
81 80404.661663 79241.584648 
73 67776.805317 84437.312259 
56 57061.586343 76679.631717 
64 64492.113297 73947.448663 
76 29180.049230 86075.612651 
88 68236.178347 87075.404626 
100 72362.994921 94838.074077 
65 57948.611558 76101.271247 
22 70991.707727 46203.019063 
71 52501.500745 86000.518150 
8 67534.413851 48096.667721 
89 24047.689710 89638.246694 
94 61774.644274 95621.047069 
58 52190.447254 78343.859037 
95 103353.495232 113818.329552 
28 58866.389008 50666.374259 
55 103300.572156 48433.145834 
48 77266.521554 57699.829090 
79 62581.625009 97082.233460 
31 67373.549299 49440.047883 
23 64901.899824 49094.405174 
61 111115.662980 43865.094505 
56 104980.746482 45973.031224 
22 67191.012911 48731.393039 
70 124127.305544 41911.303731 
54 67030.121534 65919.808647 
79 55706.134040 87470.338791 
3 67830.390781 47954.061816 
83 108594.874097 57230.676183 
39 65792.605731 55241.952513 
77 95465.719543 68159.856511 
26 67214.259030 46879.914411 
24 69987.207527 47143.659488 
5 67907.128727 47934.910388 
70 106570.069514 50876.555486 
27 64043.761548 50429.760436 
64 100117.501157 69303.491106 
79 70697.650590 80499.309013 
8 67499.950898 48093.884143 
88 91288.472583 81999.880876 
36 69418.049494 49207.005168 
37 60998.573460 53080.259662 
5 67866.297825 47927.566018 
55 61601.337033 75880.188784 
68 119990.785036 39133.922366 
17 67377.361892 48298.420071 
48 72425.189256 70398.232803 
84 61460.102690 93207.332082 
48 68568.917801 67743.923987 
61 66525.046333 85516.535100 
67 85737.567942 67369.753307 
21 69068.574386 47372.130390 
10 68244.196187 47760.134423 
72 86148.502395 73841.085296 
58 78979.955629 80026.012556 
36 56198.304328 56808.158081 
86 92529.122572 79074.596846 
9 67831.763316 48017.619584 
84 40083.787500 87555.459126 
44 57837.100230 60446.329877 
35 65482.069584 49908.260533 
93 89873.318273 90856.929808 
59 49118.339820 80301.693376 
14 67858.229859 48014.394581 
42 70801.205547 50942.348292 
28 64131.911259 46509.558786 
77 39799.556497 90230.524837 
41 55558.085513 64819.645563 
40 64872.247366 52789.194224 
13 68675.974266 47624.581603 
52 80358.585555 83955.519018 
55 102496.729301 49125.785661 
59 76743.090238 67429.193695 
77 115417.713806 54218.657222 
55 96956.871524 51487.109286 
98 0.000000 100926.848123 
15 68900.205791 47560.279334 
84 121739.931910 45516.928268 
66 49313.842012 82019.084010 
84 35968.130029 89600.622537 
98 112285.207186 79465.579846 
41 76195.986189 65586.371512 
33 59848.119251 53236.187665 
42 82347.773923 58682.470286 
45 82041.700077 52989.395504 
89 78339.454565 86441.438391 
46 60500.410014 60417.862426 
85 19060.236412 89396.449488 
73 65282.150842 79949.524037 
21 69048.162913 47782.468007 
63 34524.429722 79999.892516 
17 68165.357240 47731.660936 
63 109787.822176 44251.106952 
49 79554.899381 59029.713027 
83 96915.860619 97408.959152 
7 68158.720763 47812.430016 
20 68408.729159 48118.579254 
19 66057.949062 48873.523509 
16 68789.926290 47471.854990 
65 79540.708823 85728.738446 
84 13460.198728 92497.054674 
57 79584.289978 78603.988282 
26 66677.587308 49140.553520 
47 72929.113101 54234.607017 
79 107749.662354 87358.418151 
47 75220.770498 60314.571548 
47 94123.891560 49117.513453 
3 67893.037566 47937.343749 
69 91775.032585 78954.655857 
69 112055.518552 47487.877022 
10 67805.735430 48068.955657 
20 67999.562154 48080.619745 
64 95568.845565 86484.440424 
9 67843.119814 48034.285618 
79 109288.082340 72704.078675 
6 67881.788645 47974.173320 
83 75946.470182 82426.327815 
55 43573.950091 76173.035335 
45 73147.855984 64547.230361 
100 66952.026911 96408.139880 
35 80240.816431 42309.403958 
27 67488.674041 48955.210339 
36 52215.193098 55563.013961 
37 58816.960064 55493.348749 
75 59126.482989 87985.796385 
5 67914.789320 47946.618617 
48 62954.812129 63676.021330 
40 67709.430594 69760.918530 
37 78032.714406 45844.347234 
42 71421.958197 50931.546750 
12 67039.803949 48247.298505 
84 106840.432688 85063.684788 
52 91950.799238 53511.897533 
29 66473.175509 49635.228030 
42 65234.354207 59430.017779 
32 69910.886545 48684.861781 
78 104778.108874 59643.456235 
20 67840.025228 46998.080564 
43 60717.094006 58005.314807 
48 47325.262759 69739.239793 
15 67912.463312 48071.280673 
42 62672.393510 56158.714883 
3 67869.621534 47946.075843 
61 31934.593827 80716.486589 
60 82616.402659 69056.019763 
61 85035.587024 74055.023118 
86 114761.247134 54244.280194 
29 69616.955105 48346.808311 
49 64608.080886 60940.044470 
58 80764.645579 80083.237205 
90 75296.469669 91366.091614 
42 75459.268409 51293.746885 
56 50762.142217 75853.924855 
52 70140.759319 76952.683583 
41 70638.540628 50529.444499 
36 64597.224652 51481.572962 
66 58826.625299 79381.821329 
49 59605.700232 64249.474936 
2 67919.925506 47923.765307 
96 107044.326657 90281.750989 
22 67730.745200 48194.994962 
44 75833.890644 62987.328738 
4 67902.210162 47937.878994 
79 124344.750166 40829.477189 
44 62083.447154 59471.792052 
22 66907.768915 48022.174571 
51 80184.266645 54729.338723 
27 64787.962740 49805.319647 
15 66497.901989 48538.364047 
79 20683.543393 90480.006185 
100 42123.009947 95119.771475 
4 67952.919094 47916.409952 
21 66884.261730 48507.872894 
63 111299.251451 45995.789737 
21 69410.352766 47630.853935 
15 68762.776231 47668.013621 
53 67098.065546 67018.018057 
83 41456.179068 100100.748658 
4 67875.903547 47954.655207 
6 67909.697499 47885.677753 
36 62525.064027 52794.373305 
5 67866.989128 47969.995916 
87 18284.655544 91619.465894 
1 67910.778954 47925.403437 
88 40899.651413 96441.755295 
82 108342.181594 67197.293930 
87 122142.366389 49871.924419 
47 57173.963910 66652.087220 
57 61551.610305 77390.744600 
15 66118.502501 48598.478145 
47 70970.790210 56223.982494 
86 109978.098798 60828.066864 
33 66869.270750 38337.798919 
38 51802.374885 59871.024223 
44 52590.017663 61208.833417 
60 69773.408675 82660.962775 
69 103227.731008 59507.163954 
81 66674.948363 93134.995779 
91 112143.729993 93881.699331 
94 40370.852716 107374.055376 
79 88897.331295 86802.570339 
29 63456.246850 49197.901016 
95 37889.016765 94855.582694 
59 76757.485250 69371.176582 
31 73769.025150 43648.118880 
20 65081.550058 49081.862317 
72 30973.743358 83843.505667 
77 47159.882530 83410.894221 
70 76615.510048 90988.247544 
38 70515.436869 53686.935050 
4 67915.023359 47933.082448 
50 57394.764951 75863.797082 
90 63803.578841 101676.520880 
56 85527.856093 58818.755109 
4 68002.071673 47870.979973 
34 61356.946542 49883.248872 
11 67508.168949 48125.701089 
67 68758.431370 79650.592275 
7 67894.653994 47879.578710 
9 68015.671088 47893.693739 
72 47647.823043 84082.365758 
44 64054.875014 68931.708668 
39 62565.516534 52100.513868 
15 68040.389851 48083.967565 
55 54666.336620 72079.554330 
47 77485.573922 53682.850621 
50 79126.005145 58636.155413 
59 63240.739998 73956.568202 
9 67659.082427 48080.976592 
37 57754.377671 55936.407437 
70 75701.810757 93493.328629 
70 52906.912977 88879.579972 
4 67965.566185 47904.027897 
42 79620.995696 59433.920942 
61 74287.001056 93918.913659 
44 85723.562854 57190.210944 
86 89844.222860 98091.996473 
65 84821.914415 68332.834213 
54 88160.756622 56338.621034 
67 36089.156810 82797.731447 
35 63763.518141 51868.300611 
39 68887.400875 49971.767550 
80 100885.371885 70415.559019 
96 14264.757969 93483.410028 
95 32951.188330 97813.152072 
97 136382.913553 37698.952972 
98 86231.877433 114387.754147 
44 61111.899301 60207.302239 
69 110884.889022 46223.924214 
54 99800.058127 47402.242833 
24 69432.171420 47865.515607 
73 98280.413575 76243.552098 
68 45724.870427 81206.489687 
47 87087.761882 50024.102902 
61 53352.902832 81781.147637 
40 79282.538864 73742.325120 
16 65438.133932 48633.939877 
44 81340.979252 70220.005327 
10 68458.625565 47649.232549 
97 45781.594621 93504.214746 
74 96376.762867 76362.643642 
87 107546.361963 91284.875561 
83 98428.464640 69246.727375 
46 78997.835365 81715.352414 
72 98073.113751 79587.463542 
18 66728.908874 48565.506806 
33 72730.236314 43282.157398 
82 85553.814524 108874.733629 
6 67902.881233 47951.022644 
49 82021.363056 84207.822458 
2 67920.376747 47923.458351 
58 57002.171640 73775.173501 
22 65595.318503 49275.138520 
83 92751.346257 78254.277172 
13 67157.735409 48203.022091 
71 42352.488407 80750.887414 
54 111666.372980 43915.843315 
82 45825.889243 92588.924935 
65 78019.277063 91967.882603 
100 70015.971706 122772.537995 
70 64712.565574 79643.245707 
39 67165.394149 46186.152589 
22 68294.198480 48246.093574 
38 75487.933073 46697.081124 
7 67941.090328 47959.607617 
70 118170.138526 47011.636187 
80 87804.693639 74064.681221 
18 69213.151362 47437.652287 
32 64908.956011 38884.165631 
51 46937.336385 75433.529020 
58 78024.468048 88686.801809 
5 67716.689665 47989.288783 
56 40115.887509 76510.289364 
23 70179.825800 47185.906269 
58 41908.052740 79416.526051 
76 116105.484459 65368.564218 
64 72767.712195 89097.423306 
85 9781.356100 90600.795192 
94 41748.245318 103035.354963 
45 61382.601601 60563.820562 
3 67913.311086 47914.935533 
68 53708.216024 77652.744017 
9 67670.310853 48036.771528 
90 97980.991010 95375.134646 
27 64324.502135 50063.695359 
79 113137.743498 66523.814649 
95 101401.601877 84663.369754 
23 65488.517544 48957.565838 
63 36185.021305 80739.924473 
10 67750.126829 48090.581225 
39 69336.747242 69278.590408 
94 21240.963863 92795.331809 
60 53609.010078 76682.578927 
53 63153.279534 78063.816840 
29 67965.375980 44640.114568 
87 132561.917607 38358.392920 
73 28742.737261 84944.305095 
57 104152.978357 48416.537057 
94 132018.042573 39686.350099 
43 72221.981538 66704.850980 
58 95620.930390 61890.793603 
26 67505.130350 48662.153685 
94 119966.447548 60971.931456 
13 69029.343326 47286.250552 
75 81022.814700 95848.781500 
26 64114.686333 50139.030731 
39 63342.597271 60627.943513 
27 64459.690602 49586.805031 
3 67841.861167 47951.407370 
19 64336.868980 48959.511628 
37 51308.112737 53707.268571 
32 62672.449857 51004.116095 
50 77589.572132 60201.433135 
100 150565.634074 27289.319412 
33 73226.345866 47452.119874 
79 91840.187207 71136.353511 
66 110850.531408 49547.599543 
40 62872.341294 53812.006641 
9 67427.742217 48092.879893 
18 69557.244467 47334.739950 
81 53828.724566 96099.779109 
61 63746.901940 81882.278763 
6 67721.418322 48017.136599 
37 63506.948291 63022.319313 
64 76496.109789 73680.962095 
68 103407.312098 52919.384987 
100 5913.447630 98182.771943 
43 56179.100317 66012.865622 
33 60393.352208 52530.473952 
21 67548.078650 47743.228516 
52 103359.044253 46491.852302 
64 101510.986975 74416.801855 
75 94300.677162 68898.766860 
22 69157.673828 47396.168979 
68 86177.782816 67040.187791 
4 67859.785157 47959.698643 
23 68959.015630 48185.075639 
92 21770.555227 92979.987674 
99 82948.050973 123411.852273 
77 113581.750696 49523.436818 
50 85730.247805 63696.607287 
89 139040.904172 33303.514511 
32 72052.431261 47848.963778 
50 71623.671198 80311.221375 
90 62577.099142 88227.189608 
49 69753.781004 59752.071664 
94 48257.582169 93900.036900 
8 67799.281808 48031.952490 
85 55053.241287 86958.106202 
57 93515.832131 55177.571974 
61 91588.579131 70025.437131 
1 67904.454612 47930.196001 
93 67545.485514 96299.190675 
90 56754.783412 93368.383176 
66 84591.938838 85430.395656 
92 135795.561120 35722.373641 
3 67862.064686 47949.929745 
36 63173.979323 52715.621893 
15 69442.047457 47160.858310 
41 76994.386628 48704.000964 
50 63082.169139 63841.773646 
10 68161.500238 47860.859361 
64 107635.739489 47076.880941 
8 67763.057786 47935.941250 
83 35179.770878 90675.780142 
22 68763.183634 47927.505471 
23 67065.561046 48440.785740 
31 73386.662519 45937.799289 
2 67883.332461 47939.558505 
29 56220.856144 51096.746852 
88 59891.516702 91990.071880 
36 74388.569005 66946.558505 
81 105507.339197 59584.966325 
36 72780.923781 44899.242673 
100 118508.134527 81919.123944 
24 69239.487065 46241.252658 
93 56006.890465 91424.342543 
90 95429.774322 77384.645295 
44 70803.249105 53268.824213 
10 68419.351802 47641.323235 
99 121878.333599 54162.059671 
49 75617.476085 73890.393903 
83 64688.410661 86729.277303 
20 70079.531712 47029.465758 
79 122128.321476 55697.106936 
56 46600.324923 75368.079715 
18 68596.972604 47944.005388 
51 72718.068709 67722.238610 
72 54987.098265 88223.501395 
50 87585.114407 56615.082682 
81 113632.420461 56643.914461 
13 68771.537088 47554.864933 
29 65563.268130 49241.896933 
77 115226.933701 47537.314524 
89 117541.236053 73361.220784 
76 106814.191222 62337.926440 
27 62404.356510 50149.221087 
52 91446.589336 68262.097038 
92 82178.786363 92242.896109 
100 81379.285716 90262.127078 
55 73280.476258 68329.106776 
89 122399.765530 51562.634314 
12 66711.251623 48343.879367 
22 68066.810765 48217.441545 
31 73240.270478 46505.799347 
67 87044.251663 70960.113955 
93 121460.799328 57561.878846 
6 67644.697033 48007.617650 
58 88894.852547 82802.775616 
14 68856.836333 47508.180877 
21 69173.466826 47772.451031 
43 58696.657368 66983.958623 
44 67405.566746 54638.215147 
87 76264.538274 93129.355471 
78 96183.534188 68877.736377 
12 67105.867257 48159.674434 
59 82733.200939 62435.191341 
19 67734.808985 48413.332506 
81 124843.221087 37995.229299 
50 102014.866509 50551.179081 
1 67903.613340 47930.129519 
31 66713.697143 49983.731821 
48 81249.946448 60308.566746 
83 123835.433024 43779.716899 
24 69152.306731 47101.730573 
56 65400.030758 72498.382035 
11 67893.199782 48017.428545 
39 67726.995791 51735.865087 
33 71779.999706 48092.986201 
70 103983.251515 54522.058040 
57 96588.364533 51869.862069 
10 68122.885541 47858.831818 
99 77419.005978 111868.312294 
66 32509.833962 82686.474836 
46 88051.533041 50784.992742 
65 90275.020422 95884.206934 
6 67908.574779 47937.926176 
87 50143.443936 88506.433543 
85 52716.430180 90417.298529 
10 67295.978824 48170.004717 
53 58124.180643 71585.598242 
78 108255.656904 63253.361917 
94 37005.556534 89994.163115 
51 97018.498720 49847.994609 
53 91066.454808 52062.767340 
1 67900.441105 47931.507888 
38 57630.874082 56793.096387 
60 102757.861675 51387.030229 
54 84112.027310 68012.951912 
79 71343.625365 80763.367814 
49 65262.721718 61567.893251 
15 68170.240799 47950.852972 
74 72905.368454 77934.806129 
46 86959.581810 52780.304318 
19 67386.063234 48448.216209 
79 65471.754556 98450.708608 
74 44728.337186 86162.989486 
29 69569.919747 47446.297343 
92 112622.591502 100480.479303 
15 68574.758976 47603.007683 
69 52017.528436 81814.228713 
36 89061.527272 46631.912751 
62 97167.490673 54027.462338 
68 35227.779500 83694.673796 
47 87084.168737 55197.378028 
31 68175.161682 45158.505287 
79 80926.690023 83256.390891 
54 75788.921040 82365.962561 
71 35020.372263 84704.085272 
51 88378.015461 70453.071096 
73 34822.415690 85059.696497 
52 86019.106384 63925.194559 
17 67664.529287 48283.434733 
53 71948.149634 75649.253292 
82 128165.172366 37656.244224 
12 68678.964658 47510.088328 
56 52916.756609 79389.402068 
52 86932.197023 54282.432697 
5 67869.205120 47968.552055 
5 67986.234938 47907.590822 
27 70473.984720 47436.883042 
73 57860.841704 86634.271127 
78 13293.973407 90423.420194 
62 110030.644433 45119.748752 
25 65104.386198 49685.118610 
50 87605.769477 68654.354158 
86 98187.277809 79689.940011 
61 54997.549310 74645.401685 
99 139074.393823 48484.090202 
7 67962.999024 47865.463147 
11 68143.849948 47950.727367 
44 50305.584438 66377.942039 
29 70738.325135 47687.388386 
46 81856.482556 69952.282472 
85 123191.872621 43143.561779 
61 87243.943906 78423.050493 
26 68569.883018 45843.864880 
34 64266.816247 51507.309461 
90 93458.451821 78959.324531 
27 68887.213400 48305.176810 
99 60794.312582 120701.579476 
47 72418.232100 59162.478329 
79 61433.778055 84379.283063 
13 67101.251721 48150.143102 
87 70196.364330 86346.027967 
74 107887.396474 51600.396238 
60 100661.086462 67872.334461 
80 23646.944104 87772.685713 
88 87718.611104 79901.511074 
96 121392.081375 51039.717133 
5 67833.358270 47944.232182 
26 68697.560863 48481.532995 
27 69440.628644 48231.332050 
13 68598.924104 47694.970423 
4 67883.841873 47954.644826 
20 66842.818150 48085.167526 
3 67862.159087 47946.734301 
53 97415.426053 50050.372212 
59 105294.694526 49695.807178 
62 67841.076709 83964.428893 
31 73314.617315 46548.355762 
4 67837.580074 47947.775573 
88 127893.312980 44470.538609 
41 81866.245250 58061.677890 
31 69179.394577 48517.236117 
59 110623.244343 47548.533621 
71 62998.624965 86850.898248 
90 109606.330393 109639.778149 
96 109054.748103 118234.743590 
44 69027.603439 54574.924719 
63 116848.930771 39411.952856 
89 70124.131158 92083.740029 
3 67939.409536 47907.877184 
97 140078.015541 39088.326950 
63 67157.437590 81397.835146 
5 67855.928670 47956.721546 
87 34075.541579 96959.319571 
92 135168.068159 34568.805292 
46 51572.148991 67774.336317 
13 66425.660553 48438.087145
