200 200 
526 623 38.692561 38.692561 
496 623 34.128892 41.646703 
241 623 27.791390 46.656574 
339 623 27.935479 50.931508 
418 623 30.111794 47.105483 
391 623 36.331655 38.470037 
447 623 38.308129 38.837106 
414 623 29.678976 45.362756 
374 623 28.696259 49.760897 
459 623 40.040448 38.971218 
353 623 34.265598 40.103168 
311 623 35.676280 38.481540 
292 623 27.318136 51.806284 
316 623 28.472550 49.255807 
391 623 28.417002 50.044048 
523 623 31.618824 47.498636 
160 623 38.504648 35.368901 
272 623 33.440378 39.300485 
269 623 27.651360 49.266069 
480 623 38.883625 38.108871 
118 623 27.438878 46.578353 
465 623 28.859236 52.410690 
256 623 30.901962 41.278735 
444 623 32.669721 42.430010 
526 623 35.854484 40.593133 
447 623 30.885326 45.426786 
331 623 30.599621 43.317261 
350 623 32.527377 41.074570 
331 623 39.519175 36.323570 
342 623 35.754045 38.696895 
342 623 36.109049 38.340423 
140 623 27.675075 47.632443 
323 623 29.474609 45.296775 
303 623 43.139668 35.833910 
230 623 34.697489 37.127680 
462 623 29.520795 50.714415 
293 623 44.154771 35.605886 
272 623 28.610143 48.195819 
263 623 37.207986 37.123147 
420 623 33.497548 40.252686 
352 623 28.562855 50.115679 
463 623 35.134844 40.515671 
440 623 34.772809 41.726978 
451 623 30.905063 44.816905 
463 623 31.050316 44.933148 
251 623 38.172811 36.617019 
526 623 29.812371 50.406674 
280 623 33.547248 39.499379 
452 623 29.259994 47.263515 
385 623 31.338482 43.352280 
422 623 39.446117 37.341475 
386 623 37.481123 38.071186 
408 623 34.120423 41.426162 
427 623 42.991623 36.505756 
525 623 29.290201 53.166743 
296 623 28.998085 44.144299 
353 623 30.076225 46.837574 
535 623 30.131258 48.241809 
288 623 27.595318 46.540764 
331 623 33.619402 40.980421 
348 623 38.746897 38.087028 
381 623 29.620932 45.903954 
428 623 31.295848 43.757196 
498 623 29.743858 52.142368 
385 623 38.801369 37.203723 
320 623 33.485692 40.462090 
300 623 33.413840 40.780757 
333 623 33.861933 39.905456 
162 623 38.021933 35.693255 
484 623 32.102257 45.652544 
403 623 29.755653 45.741072 
225 623 27.901498 53.976845 
395 623 42.331555 36.486422 
507 623 30.554942 51.106949 
423 623 28.392948 48.934823 
250 623 33.091882 39.532331 
313 623 28.768452 45.312677 
209 623 38.663205 36.843442 
376 623 34.419150 39.108146 
489 623 38.013255 37.993775 
382 623 36.171990 38.940649 
375 623 27.774053 52.363841 
306 623 27.349877 49.933050 
335 623 28.719337 49.544118 
437 623 36.068885 39.170585 
493 623 29.287821 53.228119 
336 623 27.914396 48.528072 
349 623 29.285567 48.902792 
443 623 31.003667 43.309114 
474 623 36.975676 39.969747 
360 623 32.272530 43.501567 
428 623 34.987401 40.701420 
519 623 31.076788 46.170128 
438 623 29.916826 49.170978 
229 623 27.102176 47.972768 
395 623 38.312244 37.504076 
341 623 31.650182 42.109369 
485 623 29.497219 48.736783 
379 623 32.217274 42.454804 
353 623 30.000197 45.001470 
282 623 28.072160 47.328712 
406 623 28.636243 46.917926 
537 623 33.763534 41.930521 
212 623 34.217613 38.579082 
441 623 35.537615 39.257094 
475 623 41.100573 37.337579 
100 623 39.725328 35.407586 
372 623 36.119204 38.942943 
433 623 42.754826 37.531872 
451 623 32.798551 42.467958 
372 623 36.297523 38.961499 
348 623 30.024540 46.093744 
379 623 28.267089 48.870091 
318 623 39.439365 37.485881 
228 623 26.785539 51.653595 
495 623 28.527679 51.322661 
348 623 35.623374 40.297466 
547 623 29.640513 51.833965 
209 623 37.794973 36.327235 
214 623 27.839787 46.698618 
564 623 39.950019 38.763867 
253 623 34.947211 38.133131 
503 623 32.647538 41.604564 
342 623 27.604363 55.965520 
509 623 29.410092 52.780452 
412 623 27.797717 50.143299 
299 623 34.426874 39.803982 
531 623 37.568024 40.788519 
311 623 27.920078 50.983939 
285 623 28.258470 52.583581 
293 623 27.384573 51.576828 
256 623 28.967611 48.874217 
546 623 42.742747 38.055648 
600 623 34.024557 43.017473 
458 623 40.025941 36.758552 
382 623 38.113680 38.669521 
218 623 34.066306 39.405258 
332 623 34.572191 39.678820 
330 623 28.343508 52.420201 
340 623 35.316892 39.494868 
150 623 40.056328 34.832213 
329 623 28.738012 45.701091 
455 623 32.394030 42.563086 
363 623 38.717584 37.919261 
480 623 28.947860 50.483263 
291 623 39.766701 36.119402 
426 623 36.007567 39.708595 
337 623 37.133023 38.139372 
221 623 28.039331 46.034754 
263 623 35.930111 37.625810 
217 623 34.156357 39.632333 
400 623 38.225744 38.202990 
251 623 36.658929 36.732595 
283 623 37.021436 39.056175 
254 623 29.671263 44.292508 
287 623 35.017672 39.082484 
202 623 34.800567 37.032759 
505 623 38.076879 39.425191 
206 623 35.595875 37.055469 
376 623 33.007383 41.602737 
479 623 32.708887 44.145978 
397 623 33.148412 41.527166 
338 623 32.164963 41.423823 
170 623 29.204308 43.683259 
407 623 36.303458 39.178433 
346 623 27.814641 48.554017 
455 623 30.464046 45.130043 
267 623 39.708242 36.101861 
396 623 43.632174 36.536798 
447 623 29.152699 48.201520 
301 623 32.620131 39.713029 
436 623 29.310004 48.707186 
284 623 30.766539 42.411996 
471 623 42.301999 36.537310 
389 623 31.278082 43.669617 
408 623 32.128180 42.724834 
294 623 43.631085 34.624490 
355 623 33.477463 40.205438 
332 623 28.880149 49.648490 
313 623 41.002957 36.522960 
361 623 39.161046 37.578919 
500 623 33.303626 41.980750 
363 623 38.653865 38.211076 
386 623 41.353620 36.468395 
405 623 29.973715 46.300121 
559 623 30.124476 54.083289 
290 623 36.523062 37.842927 
389 623 27.965259 50.484317 
413 623 29.384490 48.030019 
459 623 36.629971 41.866587 
310 623 34.020125 39.709645 
438 623 29.973620 46.708506 
556 623 29.988280 47.618594 
391 623 36.268040 38.832047 
412 623 29.982730 48.777185 
419 623 30.482767 47.895175 
206 623 28.265752 45.387898 
358 623 28.679054 50.538139 
374 623 28.807048 47.181681 
242 623 35.325797 38.531713 
1 35.459802 45.082135 
5 52.398236 66.786882 
3 47.393344 53.228940 
4 51.109694 59.895754 
2 42.601131 48.469087 
1 35.204725 44.738332 
4 46.016748 65.217644 
1 35.178598 44.700881 
3 49.565681 51.721583 
4 54.987043 54.232361 
2 41.499851 50.975146 
5 41.990042 71.556898 
2 41.934338 49.998929 
2 40.344422 49.799635 
3 47.960655 52.487720 
2 41.161350 50.593498 
2 41.251050 50.448070 
3 46.065689 55.152186 
5 58.411898 62.573957 
4 51.604363 59.166594 
4 48.836747 61.201602 
5 23.056383 14.233813 
1 35.474776 45.074558 
1 35.370860 45.021009 
2 40.929661 49.995080 
2 40.557902 50.215076 
3 48.067938 53.440121 
3 46.471569 54.890222 
2 41.042266 50.118056 
5 61.301912 59.151067 
1 35.250087 44.981098 
1 34.977463 44.653017 
2 41.078072 50.545350 
3 47.034038 53.925813 
3 44.911112 56.037311 
4 53.064875 59.333296 
1 35.508500 44.924706 
5 60.249893 59.356118 
3 47.938254 54.067531 
5 48.384440 71.365969 
5 56.347457 64.116872 
2 40.857846 49.793448 
4 53.681058 57.964487 
5 56.593981 63.171379 
1 34.908085 44.730987 
5 57.090303 63.084111 
2 41.553032 50.615527 
2 42.221033 50.620108 
1 35.328938 44.894430 
5 58.907619 61.328099 
2 40.926933 50.520441 
3 47.087517 54.257682 
5 55.246537 63.359274 
3 48.430006 54.187280 
5 46.903712 70.329341 
5 55.994939 64.299843 
3 45.572491 54.847068 
5 57.800168 63.085792 
3 44.425773 56.063200 
1 35.522263 44.655175 
1 35.464715 44.758520 
3 45.769667 56.048696 
4 49.886459 61.556452 
5 0.337298 42.900571 
3 47.793274 53.542217 
5 52.939954 67.761133 
4 51.397424 58.304844 
3 45.566175 55.655818 
3 46.723442 53.504041 
5 58.916684 60.020262 
3 46.858993 54.850129 
2 41.454266 49.510375 
3 47.703714 53.643372 
2 41.274353 49.421523 
2 41.569203 49.557342 
1 35.173141 44.817523 
1 35.286902 44.734803 
4 55.775763 52.725978 
2 41.846667 49.557802 
4 55.238761 55.947354 
5 22.460711 14.113064 
3 46.109625 55.979732 
3 47.447208 54.836972 
4 48.906242 62.106457 
1 35.546926 44.788660 
4 54.772984 55.149534 
5 61.318332 55.401726 
3 47.098473 55.145030 
3 44.631162 55.499243 
3 46.512481 55.591794 
1 35.260514 44.919702 
1 35.063455 44.870436 
3 47.521386 53.122166 
3 48.058837 54.918912 
1 35.181726 44.829978 
4 54.343037 55.643627 
2 42.095208 50.077053 
4 55.668016 55.261942 
4 50.738484 61.248317 
4 53.620542 56.717775 
2 42.042605 50.215174 
4 50.145855 60.370676 
5 1.017161 44.006372 
5 57.288736 58.703452 
5 57.621650 64.165833 
5 63.936286 50.281209 
3 45.976832 56.421355 
4 45.865968 64.167261 
4 50.405726 60.357977 
3 46.159071 55.379819 
4 50.738272 61.062993 
5 56.367942 62.978558 
1 35.394624 44.778259 
4 49.733640 61.323258 
5 57.973193 62.276682 
5 62.039180 53.997865 
3 47.362006 54.341496 
5 46.500803 69.032326 
4 55.500597 54.564909 
2 42.201425 49.711071 
5 57.916518 60.428129 
4 51.606931 60.723956 
2 41.751501 49.747907 
2 42.482014 49.058765 
5 63.126831 54.495563 
1 35.193875 44.460013 
2 40.914993 50.134457 
4 51.321301 60.499629 
2 41.929858 49.685668 
1 35.443582 44.573954 
5 2.421336 35.341731 
3 47.163968 54.018487 
2 40.978441 50.444731 
5 52.743077 68.397480 
3 47.125034 54.062000 
1 35.616660 45.007795 
5 52.471269 67.430323 
5 53.212102 67.890487 
5 56.046056 64.587560 
5 0.000000 41.612133 
2 41.377618 50.090013 
4 51.116608 58.305279 
2 41.371304 48.896279 
5 55.769298 66.827340 
1 35.363234 44.956686 
5 43.901020 73.970848 
4 52.305128 58.710316 
1 35.109961 44.747043 
5 25.088337 11.268273 
1 35.180921 44.255004 
2 41.641940 50.060486 
5 57.527601 63.284520 
2 40.558565 50.523082 
5 3.570115 35.287655 
3 46.356956 55.114596 
4 53.382704 56.431678 
4 54.078975 56.618521 
2 41.835576 49.781941 
5 57.638603 63.669741 
5 60.032580 60.086424 
1 35.516519 44.843407 
2 41.471638 49.710136 
4 52.069772 57.668375 
4 50.555482 59.615456 
2 41.496118 50.539647 
1 35.530904 44.899899 
5 60.445043 59.340125 
1 35.555755 44.972244 
4 53.749665 56.698066 
3 45.992064 54.997971 
3 46.448835 54.864271 
4 54.128539 55.844172 
2 41.266838 50.335442 
3 47.591586 52.929618 
4 53.584169 57.251313 
4 54.568293 54.899643 
2 41.256354 49.671455 
3 46.308502 55.684782 
3 48.894149 53.771529 
1 35.547064 44.949034 
3 46.649697 54.965421 
1 35.235327 44.601741 
4 51.240356 60.239483 
3 48.417530 53.442349 
2 41.803641 49.624425 
3 47.459559 54.435093 
2 42.187505 49.934065 
1 35.250734 44.831159 
5 59.715724 59.002802 
1 35.163279 44.556058 
2 41.700633 49.960127 
4 56.703988 51.061119 
3 46.743490 56.405860 
3 47.970248 54.018162 
5 52.522048 67.491427 
4 49.287069 61.270527 
2 42.042545 49.159677 
2 41.256843 49.755921 
1 35.307477 44.933410 
2 41.793784 49.272665
