200 200 
391 571 34.632592 34.632592 
354 571 41.344136 28.750756 
470 571 46.429171 29.384422 
340 571 34.944908 33.295867 
373 571 33.301524 33.748676 
404 571 40.058548 31.143268 
250 571 43.748262 28.751103 
271 571 34.136109 35.393835 
330 571 38.320762 30.027077 
506 571 36.326529 34.166669 
269 571 45.719572 28.523013 
283 571 32.680883 36.100598 
462 571 32.898736 38.269893 
341 571 39.050290 30.494479 
431 571 35.870776 33.943836 
198 571 40.821832 27.582226 
363 571 38.078181 30.943749 
400 571 43.260215 29.228388 
262 571 46.591746 27.448514 
263 571 41.414819 28.914364 
340 571 38.807829 30.136775 
415 571 37.464561 32.689066 
466 571 47.720243 28.867319 
414 571 36.408117 32.072200 
387 571 48.119051 29.073624 
505 571 41.105230 30.280378 
392 571 33.582980 36.043083 
336 571 32.903212 39.034561 
322 571 47.853898 27.656837 
409 571 48.486886 29.126675 
458 571 37.341851 34.641198 
376 571 36.730765 33.115829 
434 571 36.751776 33.903562 
283 571 44.942072 28.019682 
428 571 46.293183 28.643594 
394 571 41.595370 29.682282 
452 571 41.361205 30.148705 
110 571 32.132777 35.798278 
337 571 49.227108 28.266516 
418 571 45.106027 29.149760 
217 571 35.682647 32.701221 
255 571 33.931260 34.095092 
353 571 35.642774 33.247388 
354 571 31.754329 39.794459 
410 571 37.547011 33.268847 
245 571 32.564192 36.657716 
461 571 37.837558 32.415008 
239 571 33.421929 34.199556 
271 571 40.846743 28.577728 
305 571 37.922291 30.819462 
286 571 37.559635 30.520255 
315 571 46.667429 27.925769 
351 571 34.159106 34.757495 
411 571 49.830954 27.972885 
371 571 39.050013 31.340203 
322 571 39.280689 29.993964 
461 571 34.526417 36.167963 
258 571 42.472914 27.787457 
460 571 40.324991 30.945710 
153 571 44.818289 26.896365 
524 571 37.623931 33.399257 
163 571 34.116395 31.941456 
340 571 33.569581 35.813982 
354 571 34.259197 36.852326 
267 571 38.434911 29.375129 
275 571 49.108026 26.695924 
214 571 47.081073 27.461730 
248 571 45.711749 26.951910 
457 571 50.176232 29.422015 
241 571 49.561886 26.907729 
360 571 33.235141 36.255664 
446 571 40.408642 30.959718 
469 571 40.932839 30.069981 
297 571 33.008763 37.613266 
298 571 44.803037 27.719309 
326 571 46.363812 27.840923 
473 571 39.789936 31.768597 
342 571 38.486246 31.547288 
237 571 38.013117 30.355213 
189 571 43.294731 27.752637 
234 571 42.990287 28.646733 
382 571 48.151893 27.992204 
329 571 43.348585 27.888837 
298 571 41.216841 29.484284 
265 571 38.994896 29.238641 
569 571 33.265079 41.399861 
445 571 35.136044 34.017371 
411 571 35.925533 34.528743 
463 571 45.558575 30.017203 
247 571 44.127937 28.055608 
412 571 43.701878 29.683951 
280 571 47.885823 27.474426 
406 571 40.865670 29.946967 
257 571 34.690017 32.951108 
465 571 33.017518 37.963894 
380 571 35.180426 33.953849 
135 571 37.886571 29.385174 
312 571 34.268430 33.761050 
318 571 34.734695 33.908428 
404 571 49.059283 28.981119 
467 571 40.306238 30.336842 
350 571 44.099357 28.403569 
259 571 38.263402 29.315269 
339 571 35.870238 34.561253 
263 571 46.084990 27.166685 
256 571 45.098170 28.425127 
332 571 36.380185 32.723280 
533 571 40.154294 31.896243 
268 571 34.536910 35.435021 
397 571 36.670197 32.591146 
314 571 41.969080 28.245678 
266 571 34.181721 33.498812 
439 571 37.568199 31.650917 
275 571 35.295890 33.470203 
389 571 37.875997 33.549904 
443 571 33.401819 39.801819 
398 571 40.107729 30.001443 
271 571 31.500310 40.676703 
365 571 44.625493 29.235965 
485 571 36.441549 33.319819 
260 571 44.180774 27.731802 
357 571 33.654761 36.558246 
334 571 37.678880 31.574823 
362 571 47.471006 27.063325 
535 571 39.074600 32.582304 
367 571 49.996653 27.479334 
573 571 41.662153 30.498004 
439 571 44.742345 29.520430 
321 571 34.980594 34.749857 
337 571 36.454420 34.189268 
378 571 36.113605 31.783112 
354 571 37.246552 33.962081 
256 571 40.994638 28.387594 
344 571 33.446651 36.193967 
394 571 38.138432 32.761594 
322 571 47.194167 26.751924 
413 571 42.532466 28.942016 
349 571 35.370077 34.644815 
462 571 34.299818 35.371092 
288 571 35.418681 33.104216 
100 571 33.938809 31.944745 
192 571 40.898262 28.805200 
148 571 36.928468 29.797958 
428 571 43.455381 28.843345 
425 571 38.933813 32.093618 
378 571 36.247465 35.065633 
157 571 45.325401 26.355427 
436 571 34.034717 37.371751 
310 571 43.443377 28.195233 
239 571 35.400764 32.501877 
488 571 36.311680 34.860283 
462 571 34.191843 35.791777 
483 571 34.577095 37.581411 
361 571 46.784531 27.955995 
286 571 34.709933 33.304668 
424 571 31.823286 39.571295 
198 571 48.937907 27.546061 
453 571 48.796993 28.639798 
405 571 45.369703 28.596133 
313 571 32.501827 38.410027 
300 571 41.033713 29.876324 
279 571 32.856572 37.300021 
301 571 32.966400 36.732000 
323 571 42.797965 29.553384 
343 571 44.417302 28.769348 
277 571 43.756094 26.400715 
317 571 47.694253 28.318581 
373 571 33.010172 37.573556 
267 571 43.507111 27.251155 
303 571 33.000030 36.126174 
600 571 47.842885 31.951747 
346 571 31.733930 39.716937 
291 571 31.990046 36.979292 
327 571 33.607953 35.243560 
276 571 32.691928 36.424197 
362 571 32.852590 39.584805 
277 571 45.945886 28.149590 
362 571 46.432333 28.239042 
214 571 41.616436 28.914072 
293 571 42.377958 28.506538 
387 571 45.961270 28.704516 
370 571 37.345242 32.807645 
249 571 40.972067 29.334647 
302 571 39.799998 29.665573 
439 571 48.132479 29.097843 
425 571 45.338991 28.819724 
243 571 42.460602 27.129689 
363 571 34.904102 33.877494 
247 571 33.042849 35.942238 
308 571 43.345885 27.307861 
394 571 37.698366 30.069966 
351 571 39.107241 30.702134 
559 571 36.731370 34.455152 
327 571 34.859654 32.969735 
122 571 46.303888 26.151291 
389 571 32.342941 39.002922 
288 571 47.782538 27.172709 
355 571 41.023721 30.688342 
358 571 39.574759 31.166345 
219 571 33.636882 33.647034 
4 51.137379 53.192712 
3 48.682676 46.943420 
2 45.527766 40.940916 
5 54.768289 60.168755 
1 41.225205 34.034878 
5 40.654445 63.253579 
4 54.662092 51.485858 
3 47.986449 47.087552 
1 41.155915 33.942390 
1 41.248033 33.980295 
4 55.759283 50.723663 
1 41.112704 34.017331 
5 58.775071 58.258677 
5 42.670058 63.111029 
4 53.099631 52.335526 
5 65.776179 49.115324 
4 54.603744 52.263745 
1 41.434005 34.172201 
5 57.243702 58.117170 
5 49.667989 62.035241 
2 45.552512 41.047275 
4 55.769345 50.716127 
4 55.643740 50.837445 
5 48.319100 61.043940 
3 49.997952 46.073617 
2 45.850089 40.226580 
1 41.340411 34.166261 
1 41.510928 34.130129 
2 46.491483 40.798358 
5 60.771927 56.501248 
4 48.349661 55.565449 
3 49.681015 46.334328 
3 49.721037 47.251380 
5 65.948812 49.657119 
1 41.397237 34.195251 
3 52.258308 44.964996 
2 45.602532 41.759090 
3 48.565361 46.658905 
1 41.234415 34.219469 
3 47.618489 48.055444 
1 41.072027 33.900109 
2 46.142903 40.888540 
5 61.551603 53.925896 
5 66.811809 47.222657 
3 47.402486 48.655840 
2 45.150982 40.455858 
3 48.971280 47.714766 
2 45.545010 41.023794 
3 51.062585 45.774106 
2 45.485346 41.398310 
5 55.847985 57.848092 
3 51.633103 46.270743 
1 41.385756 33.918696 
1 41.248571 33.943703 
2 44.878887 40.669647 
5 43.687971 63.566461 
5 60.170600 56.023300 
5 8.111076 29.769740 
3 50.368515 47.013573 
2 45.174554 41.031123 
1 41.314158 34.403867 
2 45.701268 41.043994 
4 51.004273 53.541978 
3 48.601176 46.877495 
3 51.360249 45.956164 
2 44.640726 41.730979 
5 7.989911 33.667078 
3 47.115010 47.001580 
5 59.699558 56.463056 
2 45.426788 41.559121 
3 49.981699 46.714574 
2 44.102055 41.457377 
2 45.686753 41.316694 
3 51.803830 44.964466 
1 41.401152 34.378620 
1 41.302733 33.913525 
1 41.241351 34.448285 
3 48.099773 47.310424 
2 44.810946 40.944462 
3 50.680248 44.236335 
1 41.123935 34.062456 
1 41.141655 34.120026 
1 41.103894 34.057743 
2 46.658779 40.701524 
2 45.212102 41.026258 
5 46.397185 62.947356 
5 50.724294 60.948638 
5 42.733824 1.372435 
3 47.589605 48.051897 
2 45.579506 40.748208 
3 49.615257 45.561674 
5 63.428892 54.203401 
1 41.472315 34.483125 
4 55.084818 51.278369 
1 41.335250 34.151194 
3 50.561847 46.484318 
5 42.216372 0.383058 
2 45.331890 41.110660 
3 46.873199 47.812234 
1 41.062571 34.138423 
4 56.337992 50.127721 
3 48.753320 48.092394 
1 41.175470 34.246761 
1 41.180446 33.935351 
1 41.131147 34.174327 
1 41.739883 34.316735 
2 46.958716 40.683555 
1 41.381353 33.954473 
3 50.496318 45.666116 
1 41.133290 34.405885 
3 47.811709 47.415876 
3 50.033510 47.216915 
5 63.842712 52.331369 
4 57.222522 49.299687 
3 47.899809 47.974019 
3 48.954577 46.967462 
1 41.453589 34.007464 
1 41.369087 34.003794 
5 63.935552 50.629629 
1 41.335641 34.063050 
1 40.972403 34.269392 
3 49.771064 46.353592 
2 46.261841 41.119655 
4 51.447288 52.983073 
3 48.815702 47.388232 
5 42.328655 62.095681 
5 48.207812 63.080319 
2 45.175485 41.454952 
3 49.924107 45.646240 
1 41.412351 34.282128 
2 45.935569 40.434801 
2 46.294358 39.933354 
5 65.725586 50.531410 
3 51.600019 45.692482 
4 51.376208 52.279484 
1 41.099970 34.468809 
4 47.230426 55.142542 
2 46.960800 40.811226 
2 45.278604 41.036500 
4 45.233115 56.048704 
2 46.270544 41.411243 
2 44.995458 40.735416 
4 52.743951 53.308935 
1 41.190334 33.934314 
4 54.027664 52.191984 
5 64.642961 52.155534 
3 50.070200 47.361279 
3 49.952835 45.915725 
4 50.666997 54.041407 
1 41.541970 33.977395 
1 41.365889 33.994120 
2 46.844706 41.139326 
4 49.533443 54.272980 
3 50.160375 47.855248 
3 47.098539 48.051836 
3 49.641693 46.993983 
4 51.941666 53.756596 
3 50.500663 45.254155 
2 46.778214 40.574352 
1 41.539538 34.525083 
3 49.188086 48.002983 
3 49.351726 46.338075 
2 45.460847 40.664980 
2 45.254792 40.721047 
4 52.129853 54.222830 
3 47.238977 48.317764 
1 41.313904 33.804733 
3 50.054847 47.853548 
4 53.911469 52.563879 
5 68.633482 49.174480 
5 53.804369 60.762220 
3 47.219565 47.924979 
2 46.578213 40.951174 
4 58.502060 47.634565 
4 49.075858 53.681495 
3 49.362617 46.127479 
5 42.959414 0.000000 
2 44.429415 41.538945 
3 50.272590 46.554700 
2 45.336209 40.625007 
3 48.953594 47.251095 
5 52.226803 60.417904 
3 47.223527 48.068395 
3 50.551834 46.913587 
2 47.421790 40.437782 
5 47.799221 62.528300 
1 41.084214 34.040321 
1 40.920217 34.127127 
4 52.068367 53.957307 
1 41.203563 34.230357 
4 54.719477 51.029049 
1 41.133452 34.183754 
1 41.177576 33.914450 
1 41.137283 34.134720 
3 51.519985 45.534223 
3 51.197374 45.441476 
5 50.972843 62.290725 
3 49.390416 46.260435 
5 49.853306 61.006568 
3 50.157969 46.255333
