200 1600
58965.9787 4569 74740.5875 71349.05
62655.2132 3954 72087.0975 42074.17
55984.618 5305 89306.69 35428.9025
62196.4056 5733 27422.335 37131.035
58669.9737 4604 97812.925 66473.7575
57578.7136 4236 78950.3275 6592.3525
64478.9334 6179 11436.02 62866.1525
63898.2058 4791 43830.93 21285.9425
62463.0928 4949 19946.2325 63432.995
59041.7311 5414 15163.155 68937.35
57692.1908 7242 76597.9325 73948.0225
59434.3021 5117 20473.9325 34519.9975
67264.0079 4839 99065.4925 72183.9025
62577.3819 5549 76924.6775 43037.345
60950.28 3345 95039.125 27818.535
57007.2498 4106 47790.28 22439.3775
64293.3399 4927 99437.3625 96033.305
60615.7918 5551 79860.7575 65604.5175
56282.3538 5160 32592.06 39174.39
62719.689 4949 48475.675 45568.1875
54851.447 5447 1358.025 82506.8575
62463.8778 4913 57194.6125 14054.7275
55214.0909 6009 303.715 17752.2075
63406.3448 3876 15468.0975 103.1225
64862.1572 4218 53537.18 82109.1425
62221.3075 4430 76231.145 57643.675
56412.0067 4049 17384.5925 76262.3675
59434.6809 3515 75718.285 93699.725
61366.9776 5049 73233.205 38624.42
57534.0634 5263 21872.8525 6267.8175
59381.0823 5213 66368.79 86298.1675
60455.8981 5388 6609.34 7552.615
52805.7785 4913 11715.84 3965.87
58604.0821 6256 18255.6775 12479.5375
62646.5523 4207 34497.93 81721.51
62750.3172 4714 73815.2 62052.8525
61407.1035 6133 23266.67 3644.2725
61229.4761 5631 36430.16 669.9775
58375.6583 4913 74098.23 14095.3775
59624.6823 4371 91678.0875 23511.575
63810.8346 5119 63413.5475 56514.565
63814.469 4191 83216.5975 72160.11
61490.3066 4170 27544.4325 97249.4225
57288.0338 5395 8686.9825 24929.685
65810.6146 4815 87237.1 69627.2925
57379.1427 5767 35681.4925 18283.6025
59210.7971 5701 84192.9575 69433.9925
63030.2988 4941 12369.3825 48682.685
61696.2048 6276 36470.3825 25451.67
57542.6651 4492 86792.2625 71276.1925
57660.4792 4459 52687.6625 91678.425
54604.3191 5153 53711.3075 96540.2275
62252.8747 4323 39318.135 65278.08
58496.3595 3567 32524.61 38471.1375
57171.6863 4892 75823.93 98551.8175
61660.5069 5153 37453.3 63546.5
59627.4068 5421 54727.62 53113.42
61732.851 4491 4566.9125 19044.7
63789.479 3877 966.8975 70543.1925
67087.2008 4243 38644.58 2000.68
63579.8246 3692 47989.6175 80837.515
57981.755 5530 16112.1525 67596.82
57287.5838 4584 24286.0675 7531.01
55472.0335 5163 62894.805 70502.705
64955.6689 5339 15015.425 43306.94
57613.3961 4434 84989.91 66536.4375
58640.152 3813 44891.62 19092.05
64193.7296 5811 53218.3975 88355.1975
54354.2148 5667 56357.025 95954.2775
66819.2242 5747 30345.1225 68544.17
58765.2592 5449 45035.2525 55633.53
58034.7717 6007 4889.0575 97453.8575
59358.6621 4437 88598.835 71136.6275
59431.2956 5671 38106.4925 39385.4025
59901.692 4092 60849.265 77324.6725
60675.4433 3865 63416.3225 80656.905
55708.701 4010 47620.1175 69794.09
65743.1793 4498 97146.2375 80510.43
62400.7463 6928 28022.48 48940.38
60942.0901 5378 75754.0925 95986.64
64188.2063 5171 21429.25 71483.6025
62898.7513 3122 63184.02 21303.395
61109.9849 5269 52421.2375 63193.4675
59464.9373 5882 57204.87 60410.88
62947.2598 4332 50161.535 63829.79
59005.439 3363 78531.2575 99147.1175
62855.1337 5003 57570.555 66524.595
66008.1048 5305 42561.835 95634.6075
59968.0412 5988 88225.7125 90010.1875
55570.9487 3719 52218.8125 39681.3375
58814.264 5121 66616.975 16764.0275
56388.2931 5596 49752.685 51042.3225
59905.16 5819 29135.04 2895.0975
57873.1062 4724 78306.065 12770.5525
62943.8717 5823 5581.555 78240.02
52403.6564 4912 99584.4825 66095.445
60474.4601 5139 15134.3775 43612.66
59207.6661 4559 20895.0725 60183.105
61489.7932 4391 85514.9575 72401.7575
59082.7734 5008 14308.205 70213.315
60464.2397 5517 76763.19 99275.855
62315.3592 6275 27417.335 35142.095
56675.1457 5249 36631.3625 95927.855
59426.6588 4795 82824.035 68040.87
64009.8793 4379 44106.45 27076.26
58153.5353 5407 12025.115 61016.5425
62522.4989 4737 7004.5475 88156.175
59307.3863 5316 31574.07 55939.975
60133.9862 4368 14102.745 61324.6175
59340.0914 3722 44391.0325 3703.1475
59063.1277 5315 94945.815 74852.015
62481.2149 5057 35669.6125 20222.325
57524.4959 5909 37446.17 8111.2675
59324.4939 4442 24874.385 40614.53
60505.6537 4839 32910.1425 78649.84
60254.5879 6224 74862.7225 73374.4625
57430.6133 5552 97218.345 85042.31
64864.3378 4150 9291.915 17555.0675
59336.8057 4423 76105.95 10372.545
58625.7414 4383 10475.1375 68654.6075
58743.1969 4264 82832.6525 63454.845
63792.5279 5297 67796.0425 59073.9825
60966.8062 6678 92254.1825 54509.1925
62063.8513 5092 57583.88 32918.8975
60984.288 5217 45467.7525 44315.57
62565.2623 4517 58760.705 12444.255
60823.2868 4758 39057.615 5240.3625
61379.3171 5592 99814.6475 66621.2375
59258.8433 4687 11563.0625 64210.27
58287.0782 5547 7347.3625 83815.785
63340.6793 6372 37678.2275 81170.795
63905.1343 4999 3927.9025 63562.4425
59833.7952 5028 18372.445 2314.32
58299.9198 5341 56445.2375 20176.07
59560.9224 4300 82840.7625 90977.5875
54191.4344 4334 74154.3825 91142.935
57448.6359 4856 60435.5975 73.8625
70386.0813 6567 68234.75 25754.695
59364.3899 5841 14556.48 398.085
61707.7654 4921 45350.43 6715.1325
59021.7371 5953 66302.3425 67452.1175
56793.3368 4540 6216.3175 61905.915
58796.6093 4588 46528.3175 52223.1425
58138.6267 5216 58774.225 44621.22
61469.2277 5123 46027.4175 91333.9025
62559.2704 5875 51481.4825 83386.7525
59275.2543 4026 57482.575 61149.6225
59811.9942 6584 86302.065 61991.215
59929.3459 5963 14309.925 84785.8025
60879.259 5254 20905.7025 33215.1475
57020.5382 4982 80038.1575 69681.065
63188.8608 3500 22504.2525 5839.815
58599.6542 5111 54386.725 49126.4725
64654.7416 4875 49023.88 65925.7975
63552.2689 5625 46295.8 56064.9275
59306.8174 4718 59930.365 51054.7225
59381.8971 5630 81756.955 11853.175
60106.9504 5531 87971.355 24185.1675
59278.6295 4631 7785.3625 78871.355
59349.0653 5385 61248.585 28014.3175
57145.3823 5010 49449.675 73996.01
57638.7605 4855 74845.145 76957.6325
55482.7665 4796 33636.5475 1400.4025
55174.7244 5073 54271.77 9683.8175
63650.4296 4324 77219.15 79115.915
56541.7051 4379 34963.87 97694.335
61441.6581 5067 45166.6525 44079.9725
63539.8719 4702 7618.2225 22697.2875
56980.3395 5387 86191.3925 60724.675
60520.7831 6591 6224.675 89538.255
58909.4499 4632 81295.42 71620.725
58260.7606 4797 51660.84 57844.6225
60188.5101 5032 51193.03 44046.825
57024.4874 5789 67388.2125 9297.0525
63533.3747 4613 82194.11 2526.9975
59354.1878 5601 73929.205 41472.485
63508.1791 4964 30309.1975 60609.7475
63410.0405 5114 9724.67 5553.385
59821.9391 4979 7451.74 83045.215
60982.0546 5688 58176.1775 13203.295
59119.088 5341 48413.475 86229.5825
58893.3798 7288 47260.0625 38286.6775
59676.5645 5473 1492.6125 65920.3925
53606.4463 6127 43671.535 46643.3925
59168.3655 5085 16970.125 66802.47
58081.9049 6044 26399.61 1455.025
63944.7572 4407 8357.865 79065.4725
61740.7651 6003 38106.42 64715.9575
58645.9144 4323 17618.0075 28738.0675
52197.8173 5467 78386.215 5689.53
58486.1726 5214 76663.08 22360.155
63048.8474 3878 63566.41 91555.7675
58067.9891 4933 28221.42 48713.0375
62648.5607 5388 88345.615 28311.0525
60750.5692 4590 36655.3575 23426.98
63450.2012 3606 30300.9275 79169.685
56447.5115 4588 51093.345 1968.96
58261.8623 4409 40895.595 92560.13
60100.1824 5564 90327.475 81859.325
58856.7986 4316 82699.83 53168.17
389 69921.28 66658.855
321 72843.0075 77228.3075
288 21303.5725 25056.255
370 33509.42 79923.6825
380 2600.2475 63461.9825
374 38596.9175 36339.72
441 16087.6325 1441.825
406 29680.7575 1176.28
391 53490.865 71937.0425
425 28340.225 82861.59
511 29727.915 1968.7775
336 37398.34 83010.0275
346 95498.275 78077.8925
533 737.03 68834.8175
271 52983.5175 74772.6925
533 73341.2675 81531.66
364 19188.2175 8579.995
324 97651.43 21658.98
341 92583.9025 10518.0675
385 89902.2425 28140.84
464 16379.11 49146.57
389 31124.725 60318.6625
371 25431.1275 22653.0075
298 22608.485 11420.9875
264 12900.7325 95113.7575
357 29226.9775 28277.2
325 95277.855 68719.6875
343 62572.815 64115.3625
406 39354.4675 61274.6175
441 75422.6875 8133.695
394 81589.265 9368.73
286 80714.4075 54777.9025
325 7716.455 57396.7275
414 49466.1125 26651.1675
297 99604.215 32989.995
450 54226.45 81462.5525
372 83851.035 66911.8325
431 21024.875 603.3175
404 62354.925 19624.86
319 74637.1575 14131.0075
429 82291.545 82949.1875
360 90463.1925 53132.7625
311 23736.46 88512.63
487 5344.6725 12629.65
290 56745.525 17961.9725
324 80827.0475 17018.8875
414 84751.0725 17708.36
400 56789.6525 31975.8575
366 91539.1975 95928.2925
290 78619.6175 82411.8275
360 63932.95 75287.0325
402 94933.1975 13681.775
350 61047.4625 32406.845
381 58634.925 12935.725
483 69866.6275 39078.3075
369 70567.0925 79706.2175
364 1216.6575 32976.3275
270 78799.51 49207.32
291 7297.165 44097.685
290 48816.47 53226.0075
318 72564.7225 78505.1225
310 16467.35 85696.27
288 67557.385 98962.5825
361 50269.3975 50759.645
342 31774.0425 5291.53
395 33820.185 95502.0775
297 30275.5475 53057.185
243 62357.13 51165.47
307 74561.8325 26750.61
465 43474.2 56389.925
353 20352.43 81940.3475
404 40988.6875 83697.7425
419 29097.5925 80588.26
363 10174.09 55888.9875
216 36389.4925 307.9325
457 59742.6125 23533.4
146 44541.505 27354.065
348 50792.155 38775.0475
398 25594.56 83432.56
501 9794.965 21081.2275
424 67973.35 2831.68
381 83447.3775 23295.8825
330 87366.365 29307.5275
241 70736.4825 13434.84
256 49352.425 16408.2075
392 60342.175 3060.9575
443 73234.855 76755.14
400 36240.3475 83482.6175
420 90895.63 88856.9875
296 18504.41 63387.7275
383 19559.645 89079.3725
338 3114.3375 738.945
449 13987.3075 27642.8775
316 48794.8625 81119.175
410 64012.115 39281.1275
277 71044.835 80633.64
526 23401.4775 67973.5825
369 25329.51 88772.28
262 45510.8475 88616.065
367 55689.74 26855.76
420 8684.76 82497.6375
357 56183.175 26804.9425
311 69827.2625 91746.605
320 73952.55 18389.8875
320 27859.21 24246.585
426 85200.955 14359.58
545 48999.2175 93292.085
207 47442.205 56937.5225
356 56677.495 29421.485
389 93641.7925 55510.6175
353 24122.255 96809.5275
476 48195.4075 72077.005
406 91947.87 67181.3175
421 26216.065 16600.39
450 93445.3525 79331.8725
240 80576.2975 97991.3525
339 61038.1175 7900.98
288 48628.675 19461.76
452 35024.0925 58851.82
426 86349.6125 29440.59
350 30483.695 66183.0575
387 95127.0425 79269.585
154 98785.575 94064.99
400 24949.615 49569.3325
384 13924.4225 31920.965
339 52085.425 50400.57
306 99812.5775 71602.6025
315 8000.085 83921.2825
313 13162.885 48804.965
347 36443.365 29695.09
404 74175.32 15409.875
381 30194.56 67862.66
304 49420.0975 73737.155
527 55247.0 36711.53
468 93784.705 41141.79
234 56537.02 90492.6825
415 23728.6 17286.4
380 80569.1525 68067.785
530 26587.0725 41512.1675
466 2391.8875 85194.335
329 59809.695 81798.315
443 21888.16 57690.915
449 30636.36 62893.5075
392 68025.2625 8068.4325
415 97350.04 30188.525
256 71948.805 52724.505
407 30711.19 63249.23
316 22179.9225 41335.6375
438 46278.9 95590.245
409 41094.625 1595.2125
366 69311.54 23192.5925
273 84096.09 91690.21
409 32491.2875 56983.695
344 24567.685 34739.215
319 24593.1525 98638.6175
496 12054.4225 3138.57
406 51994.5075 79978.7
433 5958.3175 33062.775
299 25202.1275 19097.165
419 60558.4225 16618.655
300 33246.62 57991.0775
247 83001.8675 90556.6725
460 84619.3225 71264.935
493 3472.8675 93962.3275
398 43743.045 89108.325
405 5628.035 40414.9275
246 21028.0375 69709.2275
279 53765.3 55944.2875
348 65314.1175 68153.945
492 61171.8775 89298.9175
468 83236.1775 99142.5
540 20625.78 29772.995
315 66321.385 89537.0375
403 2120.4575 35651.105
403 23060.235 4917.735
427 67009.805 68641.83
347 98325.0625 64209.54
265 51076.955 36789.6325
375 13308.1575 22273.915
413 93338.6375 66700.7725
468 84819.9725 69874.3975
445 99245.4675 74387.6325
241 23011.56 94642.7725
363 12550.055 75222.88
326 63510.5325 64685.225
432 71788.375 52964.8525
415 78355.5825 91439.735
410 11275.2 53544.735
465 25988.6025 78633.325
237 60713.82 53968.95
284 68978.9675 52355.22
572 90289.97 36297.0775
377 15847.8075 64429.0775
318 79083.4625 96224.3425
386 89227.055 97459.405
362 22369.7875 64481.0875
360 41894.0425 69890.5425
355 39516.4 77369.3725
286 67393.4625 48041.1525
410 28900.6725 21559.025
387 84807.9675 14737.46
290 6754.495 17639.14
266 83968.81 40234.4025
401 67105.1625 31892.8275
372 57589.765 59456.7275
392 46790.965 94510.425
398 2575.9225 27873.615
459 62687.2375 9730.3575
349 76247.2125 57881.6075
482 79504.7125 26361.9275
382 38965.3725 61526.25
438 8133.7225 11910.155
399 90740.615 53923.68
508 57032.2375 41201.265
358 62780.2675 12719.525
351 67807.71 86856.76
421 37749.705 48614.805
296 49173.5575 40697.7425
398 92267.2225 61173.4225
316 87635.0675 71378.2325
445 18915.1475 67403.0825
445 96033.1325 49246.415
293 63400.4575 47121.9225
359 31145.09 80842.79
278 89763.7225 27448.29
455 38834.2675 51814.345
422 85789.715 48169.525
304 84615.6775 892.1775
363 58017.13 37557.89
289 85712.455 56089.27
404 81492.335 51815.81
341 46903.4125 26859.05
378 29121.345 47437.2625
348 49446.0425 94301.695
365 10098.255 20721.955
327 55971.315 80257.07
425 334.115 47428.6275
471 6200.8825 57439.115
364 47102.8575 7570.225
355 82159.8425 54502.335
432 45197.775 3366.045
461 71312.3625 61026.6325
380 56292.28 71343.315
391 65990.2975 52642.03
361 14345.9475 36441.175
388 59606.3775 43314.3475
450 50185.025 98961.0875
230 31182.3375 66174.09
400 1994.17 12131.835
301 23442.4275 70292.12
356 13237.19 0.0
323 71632.305 81504.22
362 26805.2625 34993.2875
285 27692.535 60176.41
270 75121.6375 41219.5175
362 29970.9775 57010.035
437 87252.73 1285.8725
265 78091.48 13200.915
443 22853.5875 81092.615
413 69888.8175 8249.835
388 37263.5875 15276.69
367 12633.4 79995.6975
492 10169.7775 86154.435
419 5503.8025 95009.765
381 30446.615 56587.5175
262 87036.9575 40761.8975
418 57653.63 47357.6375
334 84952.4375 48912.88
374 90521.795 76685.14
412 9149.5725 82066.495
400 23298.2425 14533.8025
448 42963.815 26061.925
395 71895.945 20374.9325
328 24229.1 96719.07
280 79365.9975 42187.51
382 97464.72 25090.555
376 35314.41 56946.3575
292 24505.9275 71063.2
364 53640.9525 94581.7775
320 69328.2125 36279.1925
447 72145.0425 80101.395
303 74212.19 14033.23
341 88115.93 12908.7075
429 79040.19 72626.015
373 47451.2275 39035.1025
336 19020.31 27975.255
337 65710.95 25050.24
462 86193.915 4380.0475
494 73208.945 27161.225
283 10938.545 36319.2175
298 65441.87 68514.915
382 79310.3275 95069.305
388 80818.775 93448.1775
352 47318.4375 73890.975
287 52917.07 74226.1925
364 87771.965 31069.33
318 53743.8925 80143.5425
372 84487.445 63832.9925
373 27822.375 26957.45
340 53475.8075 92035.5825
355 58713.845 19513.34
373 5944.23 55338.725
412 94489.2775 4765.7525
463 24716.52 13178.4425
206 1495.0075 68298.67
389 52397.21 89375.395
431 73210.725 61003.915
355 83873.195 55816.0475
389 16848.1225 89487.31
359 98640.3275 95103.9825
485 188.4125 71870.84
446 43877.54 36756.2225
464 80396.6075 57642.885
448 33737.1225 29555.3075
581 50854.48 72318.865
431 91299.9275 49863.7825
370 47509.2425 35463.85
312 53023.6525 56065.03
391 1823.51 20083.415
391 61445.105 62474.15
337 61841.6525 26606.4275
268 84284.4975 95217.6475
416 93169.9225 33605.665
571 25327.5675 15587.825
411 51945.8925 44358.675
319 41830.9225 26542.3425
200 54882.495 37500.56
350 55276.255 9083.985
361 11461.5425 26486.5775
580 72294.7 3037.215
417 32987.6075 97344.875
235 92033.79 1787.495
349 55149.705 66312.63
387 43429.0575 85831.205
486 60101.245 35835.23
348 94138.0725 89835.21
360 82601.2375 34083.4975
256 88008.89 78515.9325
376 17444.9 52721.01
400 4892.0 15408.7525
438 9312.445 6351.355
362 78042.6975 7533.015
411 7428.68 86763.43
341 37838.595 23541.5025
493 55548.06 2323.4625
350 99681.5025 89143.675
371 31950.2 17684.555
325 38844.795 5249.76
431 6594.6675 12985.685
326 42151.765 18431.135
394 95909.68 34834.2
315 38731.9025 54460.5825
407 18046.2075 73544.7975
311 81202.7825 78599.3675
437 38228.9425 50349.025
243 40132.7375 11022.7125
358 97493.1375 91176.425
464 90444.0575 93821.04
390 33605.3275 17195.535
491 74671.9575 52223.9725
479 86670.68 82690.7825
254 99067.0075 97891.81
392 5404.6125 48920.9875
351 98420.4225 99575.6975
405 10389.495 5789.1725
337 1287.335 12999.015
401 34211.42 30970.48
337 47258.835 79199.3075
253 12943.84 75359.5725
441 61624.4975 3724.9175
422 62370.5675 73209.875
372 94411.335 59804.9075
428 26789.495 47123.8075
319 29369.3975 95357.4575
393 5793.8775 11612.9525
381 81708.66 36155.2725
285 29791.765 68449.4525
305 53487.535 16033.575
507 61896.2875 23054.1725
268 86697.0725 42207.345
426 22500.7025 62000.01
437 36707.0075 39936.81
390 81854.66 90707.9925
320 33894.43 19858.505
348 74078.655 73159.66
400 81308.4375 93218.62
431 65645.215 89398.3975
503 86990.115 2845.2125
373 35059.795 89839.5825
382 27108.0425 592.3075
426 17882.77 36478.6025
347 10984.1875 6.6075
329 42572.75 40785.4775
337 46113.565 69936.0125
327 42736.6675 4853.11
373 35899.065 57751.5875
286 36817.575 11925.2025
373 97053.3425 7498.475
438 80151.005 78814.7375
465 98160.01 2743.135
441 24714.09 64480.22
491 38142.1575 71752.515
367 54901.165 78405.83
437 99342.48 97517.7525
378 98078.5575 51324.75
355 99531.5475 32562.63
385 93074.285 87634.4825
457 42206.9375 48643.7725
239 854.9175 31699.0125
211 76464.495 49743.1625
502 5655.1075 93547.88
363 14473.96 36416.6225
318 27418.5475 22025.9075
396 81842.58 73127.2125
432 72107.7325 60057.8775
259 75733.97 81901.24
456 42322.51 83018.1725
346 16858.9 62240.72
353 73144.8575 24742.0175
446 14507.905 48687.4825
209 9735.2225 96282.39
337 96977.2375 50278.465
359 56326.0225 66006.7575
414 76596.2275 57554.0525
487 95069.8675 71428.98
370 43996.73 11199.0675
451 75545.9725 21075.5625
461 54708.9975 17530.41
373 2850.065 89841.0425
407 92294.28 26962.905
434 80926.28 51719.3275
421 80792.7925 83635.855
370 15705.1925 75428.6775
400 31702.2275 5770.12
423 9113.8125 9591.035
447 33765.795 15490.525
397 91595.99 91241.5825
414 4306.51 44011.8525
354 34230.2625 87179.425
320 97252.6225 66065.325
540 33762.8025 28200.4625
463 99109.6675 29792.7625
500 77369.7775 53965.9975
460 39709.7375 25766.91
283 86308.5625 32647.6925
327 27862.7625 26448.6675
357 47981.0125 84101.17
440 12856.7975 96459.0225
468 55035.7375 40944.575
386 85580.375 25251.8325
358 7577.3075 63192.9675
375 71292.385 4486.8425
321 19373.46 84554.25
349 68465.7625 67745.6725
349 15587.4475 97809.485
296 70931.44 47969.6275
342 58244.2375 99484.455
342 24907.7075 43155.29
393 52438.805 55223.425
402 1763.42 16803.3225
376 69990.325 46287.855
506 4483.4275 96254.465
236 99865.4475 23666.4075
343 23957.545 12275.7025
445 34458.5025 62445.105
490 9025.905 94478.8975
392 57267.7875 70122.89
442 62705.32 55003.47
405 19724.9125 24570.4675
351 39788.48 65897.205
246 59758.9325 31656.9375
375 29919.0775 60707.005
392 44289.615 66465.9625
396 37263.25 44885.61
362 25648.5775 74962.765
460 42085.605 49776.525
320 60738.8675 66153.6875
313 88909.755 57599.3325
317 43426.9425 2419.115
441 28272.1975 3118.095
332 77175.7725 4635.1875
343 1555.0575 70890.2725
499 68428.69 77038.6475
364 55010.835 91713.53
340 14152.8675 43293.2375
326 86725.9775 43329.25
489 57238.24 87888.94
175 91782.94 94484.5725
280 64285.295 62776.14
278 35694.6925 39850.8425
321 71079.45 61536.0975
317 58437.6125 96782.6425
434 36029.635 88084.035
374 78902.065 35150.395
476 85512.8625 1475.295
396 8966.39 28184.08
265 9778.145 17625.9025
390 48033.395 61047.0825
418 13441.375 17635.475
193 49424.4125 39224.905
450 12961.685 39951.64
546 72635.74 55786.0075
319 67386.65 29578.3375
353 72396.505 23032.215
380 44885.64 53246.91
342 54187.52 1839.95
266 64570.865 46940.4225
370 35682.9225 66077.6325
542 2708.8225 12943.975
410 77369.7575 86288.6075
291 69131.6425 3717.0275
455 83609.445 25043.6975
493 22824.9 80841.2475
427 29806.2325 5972.365
325 68084.2825 23914.2975
307 79867.455 18815.79
280 41047.725 79315.755
351 98671.0825 64099.4375
327 98811.6825 24884.2875
310 87695.09 20204.05
328 76523.085 2584.275
331 8613.97 39110.0475
457 80140.105 46762.74
468 6107.7725 13406.535
488 18506.035 3867.665
340 33018.3925 84867.015
468 19243.6475 55735.235
401 84490.6825 20064.9875
513 8379.395 27978.3075
427 15382.0525 12227.9975
402 91779.7725 75297.19
395 27812.3575 22393.0675
276 38026.5075 76968.5025
386 98878.49 38606.58
462 23834.6175 69646.79
455 37135.18 59793.115
437 509.0725 59200.39
322 98492.6825 7405.0975
325 91865.765 9419.13
454 52754.8075 45327.47
347 24666.6275 45370.03
319 94426.2125 88262.5725
474 93512.395 9403.0725
266 45528.5825 68990.07
273 7821.235 23804.0
346 68060.1775 53667.185
442 40495.365 7177.1575
345 27176.525 56450.86
302 79675.3125 64910.965
469 89068.2775 20394.475
346 18230.895 13914.925
482 38347.0925 15590.455
302 9035.9625 56731.26
359 74160.8975 82214.14
356 42821.0475 34074.6725
439 40743.265 4562.3975
426 13386.045 16872.0675
318 28404.6925 68570.485
588 31555.1625 62191.4625
363 49891.625 94732.905
237 60762.6175 18365.405
441 57982.0825 69555.805
424 24473.34 33505.195
294 93899.4325 12958.2025
510 74535.58 75142.1375
513 17941.01 84952.0825
342 90607.035 24151.69
444 56325.305 26926.105
426 59769.1975 60005.8
486 67906.015 1167.1375
576 56204.555 85564.2875
352 5687.545 79558.3575
341 40692.5625 52071.855
329 85229.155 50464.6275
388 10841.475 78868.4875
480 11756.1325 72779.535
411 44614.0625 41969.6025
331 97630.09 51798.0575
395 32512.135 51754.3875
344 60203.325 96714.0575
355 80337.75 39662.1025
406 35835.925 20725.5225
439 33093.32 47078.01
252 8699.1425 34822.95
256 94018.2125 33730.1725
407 80943.5125 56105.285
397 24145.4825 97519.055
463 63525.2075 62281.3875
324 413.705 33847.4775
298 31714.16 24151.125
355 21870.6075 75020.2225
357 66800.5 75292.995
390 48236.9275 77494.5925
388 40793.6825 74184.82
401 58435.195 46501.81
392 29062.7575 65158.4675
335 87513.1825 41286.86
422 9503.58 34340.835
372 1656.265 65445.0425
404 62159.1625 96720.1875
281 36743.37 42672.3
458 11034.795 38995.545
393 55251.435 49426.055
285 62895.4925 24767.4525
389 66626.8275 41560.9325
467 83732.9475 63359.0125
400 4256.085 33522.59
345 80019.13 94111.3275
465 49041.6575 5995.455
321 67188.255 76108.2175
228 74627.8775 13521.3875
462 80128.0525 77428.5475
257 6301.3175 77552.41
347 89281.22 84868.98
405 72135.1525 13013.8675
444 98174.6025 35529.855
430 96491.03 20526.3375
360 92164.26 87408.8775
266 56306.7675 7686.2875
422 70487.88 89989.75
474 80645.375 27084.2175
283 6276.0775 92823.175
325 19054.265 68267.75
377 18225.5025 17744.4925
413 52179.61 12115.11
356 45194.13 98529.2875
429 74976.6225 21039.1975
399 98261.6125 54740.18
307 9085.595 47691.9125
416 40222.4 28054.0775
326 69427.4225 85623.3225
383 34315.9475 92340.8375
461 96459.635 32061.21
276 74729.2275 27710.3225
353 3149.8425 87947.7525
450 85883.77 67901.16
313 196.7025 2543.3375
420 51439.87 19040.8075
393 5880.505 11252.625
444 64461.9375 5268.61
485 51539.225 7978.7175
267 39933.87 31654.9875
332 99098.79 66525.3175
468 32105.9125 54531.5675
409 88059.375 55.29
416 29080.365 70456.0075
352 34844.515 16904.6525
418 70102.595 57297.33
280 63304.62 91164.9125
283 90955.2575 30300.0025
361 68103.0225 22209.45
184 43005.5625 63365.7225
396 33826.255 36163.4475
510 67865.725 97754.955
543 40577.33 63407.37
444 85542.9175 61609.64
294 88429.94 10932.1975
412 36142.79 49277.3625
445 90002.9 31162.6725
295 15642.3575 17827.665
335 2583.0175 17523.5375
391 89776.75 3914.97
346 44163.87 6091.695
294 21406.025 20606.2175
490 38338.4275 49645.6875
396 7593.6675 88778.9525
208 63164.8225 26056.46
299 74140.7375 84702.5575
535 21082.3875 90952.3925
472 22304.1225 37222.4925
328 95462.0175 38619.8275
432 46460.8375 29422.6225
321 68007.12 18508.63
319 31708.2125 74372.53
329 3655.2325 65002.4175
395 31975.2625 85653.435
527 75919.0425 48449.8175
402 71013.72 51470.925
219 69767.7675 99903.69
445 38562.475 23291.6175
412 10298.3375 3281.2975
427 24165.7825 24364.055
325 44303.605 64256.8625
420 46039.535 71177.6225
385 23153.625 67839.41
299 30626.3825 76770.5425
282 48008.085 52536.16
393 15664.02 13637.6775
353 18557.2025 13528.0125
346 27782.6975 15197.45
315 83064.2275 81931.4775
445 29745.1125 30105.08
245 49379.81 73953.05
399 55895.83 68739.8325
474 54663.7275 82852.4775
257 21091.51 21035.5675
228 56718.8725 69411.9775
498 23775.16 28956.51
313 36479.7325 68810.6575
463 58160.515 12996.9625
341 46821.2425 13542.4175
355 76003.905 24721.1475
301 5126.8175 69861.4425
394 41791.945 89741.765
397 28879.5475 62451.43
340 89421.5675 27432.16
513 35142.4025 99293.9275
384 93816.3025 92268.395
367 49557.68 44145.315
395 27526.405 82153.8125
318 89350.19 34363.135
325 2978.4475 54924.0325
362 84383.3875 11111.7325
302 73173.2 76351.28
273 80940.64 22532.845
410 59206.9975 51184.615
343 98933.685 94463.42
328 41473.17 87567.3425
410 40835.73 6243.5975
274 57133.0125 80645.925
462 9214.5125 44703.96
339 34195.2975 19394.705
329 68369.9625 81856.8525
304 38364.235 80337.6625
535 81605.0925 72913.6125
434 38002.9225 63744.905
537 65952.4375 88193.7475
381 49277.765 82333.1275
354 18254.245 80124.4775
324 55464.2225 22290.32
380 19062.7725 24655.425
373 84856.4625 10414.62
389 89794.4675 59016.495
239 77434.5775 22751.0925
522 14557.1875 77267.705
461 62902.6225 58512.1975
357 33643.6225 94045.5225
271 78036.21 30414.1225
294 93050.505 92628.1675
500 64606.2325 99239.685
435 72176.4875 93955.9425
378 83386.78 52905.1475
359 60247.905 59865.3925
346 26677.7875 9886.8175
354 66872.965 55875.2975
464 2935.625 25846.8325
265 59389.485 38252.5575
338 105.2275 62781.0175
397 75309.795 6434.72
456 83410.4475 53246.5125
451 67602.6275 47699.7675
381 42206.1775 16873.625
381 74550.315 58765.1175
499 54866.7075 50634.37
456 47040.23 83417.0375
471 39227.85 73582.6575
367 97050.145 37574.4675
423 48544.3825 59585.505
558 28269.115 63330.91
369 18347.9925 13010.2175
373 4321.83 55706.2675
220 65924.8125 41067.6975
381 8705.22 97018.0825
376 4469.7775 49308.8475
496 80501.2625 34191.02
319 8039.26 52848.5675
341 41286.3275 84005.86
360 9218.0725 26134.1625
366 43868.79 5387.985
353 95279.265 71960.5725
243 24225.8175 84526.3775
368 10934.4125 11622.5425
263 61375.665 53819.1025
469 32932.045 5004.015
476 45790.3475 65052.5375
233 90973.6975 78518.2125
406 39143.355 75458.39
432 43951.3425 10673.955
345 93730.34 82072.24
398 64702.43 9325.07
416 64730.155 92394.5525
310 36119.415 11699.2925
342 75221.8925 50952.985
332 83265.79 96306.9325
280 79519.645 29692.885
416 2183.285 33719.7675
505 96993.3875 46006.2725
359 97295.315 18286.4625
336 75395.3275 7455.93
329 54180.2525 79366.7975
346 86829.0425 80616.2
302 27725.3875 32779.0
324 12648.9025 50459.7475
341 20117.455 8456.7275
319 21247.36 59879.95
311 47557.665 1965.8025
371 85658.9075 78585.155
395 16359.3125 87238.8125
423 79650.6 64124.225
374 27647.57 97727.975
398 58977.245 16255.0575
378 89757.09 9702.915
331 93693.54 65389.7175
376 63364.0425 34537.2925
330 47650.4925 30485.95
320 10048.4 58162.8125
344 43640.56 91203.975
437 44473.46 31473.4575
362 98919.8325 78310.255
347 77593.55 22930.05
388 32570.4825 95208.215
465 18025.8825 15681.01
290 68249.885 59159.0725
359 15442.3525 36907.0825
323 95884.8875 55520.495
321 28922.9725 74879.17
366 38270.9475 62545.5025
351 59215.155 41000.0525
478 84950.6325 7446.7975
499 75830.91 1460.155
379 66879.76 54909.2425
434 18169.9725 31600.02
442 24704.42 61520.8625
456 58788.3125 15688.71
357 57380.665 23712.9975
404 83067.185 96810.805
419 19891.31 20057.11
345 60970.4825 75139.73
365 19348.6025 31719.2225
280 98425.9375 85313.0675
435 96308.12 57141.9575
416 84850.4 14510.7175
527 27578.19 2325.14
428 26430.8825 99642.225
347 82766.03 56687.5075
347 35974.32 60080.0125
391 76154.33 63540.8075
363 27185.205 20893.62
404 20518.9825 43375.8625
358 52138.35 59152.7925
520 94813.6825 84205.05
191 36056.685 34965.1925
306 57288.1975 82779.6375
271 41383.865 3320.0825
223 98381.425 46310.6825
439 991.5425 70150.9625
265 9272.8125 17340.5325
497 11368.1675 75758.5775
419 66577.3375 98602.13
311 56458.675 77532.55
270 57761.25 41722.9325
356 90673.755 31613.06
408 51184.7225 53917.6475
328 72772.6625 36060.4925
467 21513.61 65375.0525
311 58445.89 35721.75
489 54292.32 95178.415
482 36084.3675 29232.175
375 69657.51 49838.8775
356 58850.43 24830.0275
365 44898.7075 49592.4575
328 4545.41 99614.6525
268 23514.25 33652.3825
446 93273.6775 97952.87
416 12933.9075 1487.39
299 84981.0075 64880.9075
249 21937.4925 97943.07
484 10138.53 91611.1025
299 31653.2975 25271.8375
355 18229.6625 49132.7575
204 54344.6575 93918.4375
396 9997.49 51955.54
383 75431.1 19705.175
392 66252.7925 35420.7075
371 65608.6825 35122.91
318 98106.6575 97107.525
365 85557.975 9722.545
490 75841.1 31143.2525
326 82039.87 57885.3425
386 79208.49 5762.475
467 60536.18 92102.005
303 75291.1225 84596.495
311 80447.3575 55651.9175
388 90433.21 81034.335
431 26037.415 9602.38
521 81187.6025 33965.455
342 25861.7275 79120.095
406 91658.555 97999.2
283 99480.2225 38904.245
432 93314.28 94489.9925
380 19156.0775 39624.575
269 7854.7875 8603.7725
483 45316.4225 22543.0225
249 81629.0125 87712.7275
341 90003.11 53046.655
286 34228.845 5686.5125
218 30886.5925 36910.0525
343 13950.5 94123.1975
453 9001.205 95969.48
392 49125.03 88457.8
186 77411.675 38847.275
457 79213.9675 15167.545
262 46303.1 51282.025
519 17542.3225 31290.855
528 53157.29 4583.71
391 33140.2275 31111.91
289 55261.1375 42703.1125
393 71200.38 34867.655
377 63729.655 5330.975
290 19670.4675 77580.1925
304 75754.415 85601.2425
375 94014.1425 20763.945
427 1457.59 51494.4525
477 80671.6225 67250.0525
312 83440.395 19824.9125
380 54724.395 54842.46
413 74511.2775 77835.6825
273 42902.1525 99363.0675
458 20822.135 60453.3075
435 72509.35 9271.46
236 92366.5775 63400.645
546 54179.04 17383.5
284 31587.2975 78117.4425
350 54895.755 97117.29
355 83867.0275 22920.32
474 9292.865 90886.6125
450 29728.14 36733.18
458 90787.945 59184.8875
328 29978.53 49807.365
263 11132.805 10538.1775
421 43380.3675 90288.14
483 54113.86 70396.27
535 93110.6625 43849.5225
391 40698.4825 58583.1425
430 25194.2725 69704.86
462 23313.9625 38503.06
460 92949.6075 63707.9725
329 36143.195 61559.965
419 23973.92 43342.565
328 74811.3125 88951.6375
360 79809.905 90831.135
438 99135.685 67028.0225
389 24305.65 89256.39
423 89670.5675 93111.3825
355 5184.9325 31018.79
468 19511.45 48657.6175
410 82645.48 75521.2375
251 15739.75 10606.4325
442 59868.35 83543.7975
497 4828.4325 35611.65
448 84314.0325 79965.7675
299 67714.6375 9125.6125
538 63450.66 21150.855
290 80248.0125 3033.1
218 22853.4475 37607.64
256 64931.6125 66050.8175
516 58340.7225 90245.425
214 5073.3275 96144.465
339 20608.3825 24295.0325
397 59047.3325 81615.39
385 55427.995 94422.6475
524 57839.04 2828.33
399 39157.1775 22179.21
499 53842.46 96754.83
496 96285.62 63383.6625
333 69276.3275 53361.79
300 74023.695 90468.1075
345 23345.7725 78582.315
397 94300.1775 85779.2875
303 53245.9725 49995.1075
297 36771.235 43793.5875
485 6665.815 35039.79
489 29765.845 71215.2675
293 43038.1925 2912.0625
426 25485.775 73846.11
425 80323.8 13207.95
513 85859.3225 71956.0975
415 40355.97 50295.355
296 41263.8975 95030.1325
228 69574.3925 53447.5775
366 45372.9925 15369.04
343 31863.7225 51224.5225
492 50290.6225 96986.88
397 6076.6925 20663.0525
360 10457.675 71480.275
233 38240.3925 58190.9475
301 39804.725 43021.4075
332 1227.5575 53292.595
391 51746.7075 80455.74
427 14183.68 61118.69
392 29367.1925 88020.6175
360 36670.29 79730.1825
427 90304.2725 28385.06
420 2676.5625 79506.73
471 94121.0 95002.01
377 80568.95 89005.7175
394 66552.7475 4267.01
314 61039.8625 4624.8075
409 88889.41 515.1625
360 82661.875 58344.94
290 20469.355 77549.8125
340 51104.7575 34178.5825
492 7732.28 83642.26
318 48140.085 76555.27
236 14781.755 69714.7675
407 50800.11 77327.3925
454 58909.1525 47941.5575
380 96469.285 53340.9675
505 57562.205 95711.695
485 24580.3 31486.5
442 24317.925 35981.8375
311 17350.5275 40997.2925
233 48561.405 45661.5725
388 54566.225 69305.845
574 98367.26 219.88
346 3434.64 99883.9425
358 81997.8175 85045.9825
406 58589.465 71560.2075
259 14632.335 15767.145
343 12392.875 63898.86
450 43765.3425 67598.3475
311 19636.0425 76208.365
411 88191.8525 69191.01
514 73961.1 25879.505
435 65104.5575 5936.0025
335 92559.5775 29212.7025
395 55120.0325 66387.7
399 32017.61 52205.1775
322 83592.325 22433.8075
195 31769.2875 35475.435
415 69215.7725 75590.11
337 49804.545 17376.1775
318 20002.425 27725.8675
340 27447.915 73501.785
343 85463.415 87750.0625
315 62499.3275 38298.4025
518 63657.915 91386.7175
445 87444.7975 46211.4925
459 74879.8975 16538.0575
316 52249.1375 69444.675
443 87011.695 76335.9
338 53559.7975 13708.295
204 63999.7625 36266.5925
313 55097.5925 29189.575
282 65466.8675 64822.715
334 39593.295 11390.8575
311 44383.1475 43904.9325
437 57452.915 2661.6025
280 93908.4525 86710.3825
313 89966.4275 49958.275
373 43429.715 29893.0125
426 14264.8425 89963.9375
476 48538.9075 23959.7225
337 51987.775 12006.81
348 93116.5625 89212.695
522 83366.8775 94049.5975
480 12021.055 86401.5525
399 59678.28 24299.4825
260 88875.5525 92274.6
490 71454.8 94863.5275
507 32170.5525 22940.3775
501 12021.8025 19962.9125
344 96314.985 4398.3475
421 40617.0675 78780.2625
281 25155.5025 77584.6125
256 80066.5625 38557.7975
281 66000.7575 92245.075
346 83628.82 9038.425
352 57769.605 28325.44
461 65358.375 47387.4425
353 18615.2925 2865.845
361 47089.64 37265.3125
508 52131.0775 2532.8775
440 25023.5875 69244.1425
288 23572.7675 18987.7175
453 31425.6275 23081.91
388 10231.66 45139.71
241 66623.135 583.8
392 68018.565 36491.3525
480 82338.56 19459.2725
200 40464.855 30651.5525
441 30035.6375 98439.315
384 43672.905 90455.25
423 86461.74 18497.985
472 49076.4425 5477.9475
475 59782.9975 26145.345
428 76334.605 4087.67
463 46265.905 5712.7825
440 45198.04 73143.955
314 18112.035 71518.315
462 7771.765 97525.95
411 49184.6375 3989.845
413 91905.71 47067.875
469 33989.7675 95973.48
489 33513.3275 24761.0325
308 16664.7175 14906.5175
349 64729.9525 97720.3675
343 6626.0575 86976.9425
439 66877.6725 21992.5375
530 40330.8425 61062.655
417 12893.945 2006.17
322 2077.2025 38487.5625
317 73122.6975 61102.245
451 45951.075 25697.0425
354 52340.5475 30236.945
302 69468.025 4913.0375
453 17183.065 74543.375
442 93181.0725 80306.375
466 82280.9825 93428.7925
425 98922.025 78164.9925
458 17819.7125 17560.305
516 59405.0175 89732.115
323 72032.15 9029.8925
405 9358.22 9100.6425
378 11392.3425 20620.0975
424 44821.6875 8828.32
551 8642.4675 18904.265
394 6351.1525 9023.13
345 1108.175 55029.4125
385 27552.545 51267.215
256 96825.8775 91090.6875
406 65653.96 10452.435
401 43999.9475 18267.99
388 77589.4075 22496.535
389 75244.9975 99870.5425
417 60938.3825 70196.3775
380 80235.0025 12423.41
388 77372.6975 99742.0225
482 38146.89 45763.37
435 4917.605 40232.455
259 67711.3575 16575.77
480 32093.595 35586.1775
344 94054.295 35594.23
424 8285.4025 9912.0925
455 36130.315 17870.3325
405 77631.6375 59606.26
381 85435.47 35130.2625
511 2733.315 60232.465
410 11484.9325 91704.88
342 54507.9675 38751.3675
398 79342.115 81978.125
329 37609.165 31141.675
292 76855.7925 59401.185
426 37257.4025 18664.445
376 69923.6125 25202.6425
313 76474.5325 19765.4225
428 11611.0725 76325.795
443 19842.045 98778.1875
348 41445.0225 20238.07
367 91050.355 98528.485
351 1388.555 97976.0075
386 10363.9125 53881.2175
407 95706.6825 78000.75
342 31.4125 78927.1675
446 62582.38 95783.04
459 7040.3075 37391.835
483 66955.695 71749.7025
374 92291.85 83975.845
483 16160.365 5210.795
504 22229.29 71173.2575
363 75904.68 12114.785
422 7132.4 55955.58
462 33523.0125 31868.0925
371 56644.3575 70497.39
488 79169.855 52257.7825
342 3283.41 48668.2725
456 70965.26 27345.5125
339 41620.69 94926.1275
372 83605.96 86170.15
361 55312.735 7557.58
323 36974.65 95269.475
399 98479.7525 6864.9725
423 97447.2575 33955.11
328 77018.835 17147.0075
372 6696.16 16254.1575
306 13627.9975 12946.505
366 48282.6075 54852.9625
317 96411.6925 20899.97
487 25640.5325 49666.6625
351 7555.0125 77115.825
312 14074.3875 65351.445
318 93625.8875 17766.57
351 38745.945 37981.77
358 39851.2925 69492.03
360 24910.74 26035.4625
291 53437.5975 69037.6675
309 61251.18 36821.18
456 48156.7775 71842.9025
573 46655.0825 51408.51
482 7727.525 40607.2025
368 57067.6175 93522.3525
419 12736.77 3185.225
485 10257.5975 67367.01
215 27415.8075 88387.6325
414 78395.995 25563.585
286 26365.41 23429.45
341 20241.985 57054.1425
366 14109.3475 79620.3425
388 11515.975 94650.9425
489 86462.355 54825.885
416 26468.3825 9853.8475
391 43048.4825 4453.5475
425 7795.415 5014.32
387 22822.625 73348.5875
321 70547.69 72527.9825
399 18338.235 26515.39
393 8524.0175 98326.46
347 2658.085 63039.535
385 4839.25 85050.09
357 16017.065 1140.5275
421 34859.9225 93188.86
379 76374.95 84992.47
397 6212.9225 44644.7925
338 80670.03 58896.625
322 96187.7075 14631.945
450 80974.04 21265.8125
519 82168.325 71322.1425
441 40015.7925 53136.2575
340 54082.7925 13735.81
346 53005.8575 83481.0625
244 77669.36 62015.3675
450 6672.53 81433.61
363 681.88 31596.4775
319 99265.26 84479.4
457 38871.8475 70910.205
352 79846.945 13206.6975
404 34584.51 84606.6475
424 42444.95 33901.6825
482 13301.725 7613.4725
530 9178.495 93167.54
331 19351.58 95462.94
443 91834.9075 78825.8525
402 47974.9325 26022.5925
283 78324.9225 39690.7625
424 88909.5925 29450.735
312 58034.79 76029.45
390 78260.6925 53632.825
429 90300.725 13552.9025
404 76612.645 92564.33
340 2075.86 74000.855
430 71781.825 7826.43
433 51129.845 83659.3375
378 69762.36 31754.7875
409 5918.895 76714.3675
339 48354.8275 30471.1875
433 15508.9825 74399.05
426 38737.0375 69141.7675
315 67685.2775 99603.9675
249 81619.6425 24068.035
386 6614.195 87095.18
507 38871.335 511.17
346 84851.9075 26547.6325
362 77472.8875 93970.3575
371 19621.225 80376.3875
353 93979.595 78764.255
345 12245.2025 72690.865
278 26768.625 42457.69
396 13034.17 84655.25
363 98057.835 50278.36
204 84495.2625 56153.325
464 5261.515 76290.0925
393 99181.0525 76320.19
343 44775.355 67670.67
317 22699.63 6511.1925
448 9693.895 10354.63
337 76981.17 52786.39
358 10811.38 57220.04
350 51025.525 74298.645
475 34729.465 49557.04
418 76042.425 19473.945
415 77681.245 22197.0925
272 27657.605 36229.6275
397 28793.6075 10193.06
396 65015.3175 75267.555
365 95310.29 88531.525
329 93980.2925 27960.755
321 7221.3025 29581.0325
384 44993.025 89137.005
536 78778.1375 6631.5625
279 27024.2875 91449.65
396 88228.9675 69523.2975
349 52721.09 10496.59
273 29694.0875 51384.42
400 57773.1275 42258.6925
293 58511.785 35976.875
378 77133.73 40859.6925
234 3553.9575 89264.0025
257 82235.6325 56523.02
492 53631.215 74104.6225
405 90240.7675 76778.375
354 51950.1675 94867.205
332 33893.545 65928.6175
445 62777.555 86186.245
363 1649.38 3059.45
398 169.6625 18026.4475
454 78480.725 10167.22
388 11047.465 49859.1975
244 53160.51 50495.745
459 5757.8975 11552.315
376 68453.03 55099.65
431 55731.2875 85229.8625
548 38765.6175 214.675
471 43921.0925 77562.9825
407 59147.6025 72896.0875
440 91712.8825 658.3
410 6279.76 13793.585
283 76523.83 84929.395
298 70988.26 43850.87
261 96890.6275 30678.5675
445 35840.4375 77158.73
401 66615.2875 32158.4875
539 76590.345 21733.1025
492 17768.585 17893.25
249 8830.7525 79279.8925
389 93274.3275 56759.88
242 69561.795 70197.56
336 2163.3325 94788.0825
516 78570.485 87746.93
378 74621.17 86263.0375
458 41431.9925 59141.945
302 51583.8925 3740.2475
377 78187.8525 61865.3875
465 10342.7125 25186.1775
256 53904.0775 50172.7175
438 99994.045 26070.165
543 12619.5975 81899.64
311 1376.5375 770.5975
448 55272.5475 80195.1775
221 82534.9275 36631.615
381 39057.22 5168.99
375 36946.5825 33664.96
415 24460.665 43296.545
464 22703.36 31178.535
327 10723.6575 11711.4175
323 4132.47 14596.165
351 61442.1275 72700.5575
370 90972.765 17047.47
446 72652.37 58562.6625
347 94719.26 63987.6325
441 51089.1575 78560.1175
320 46165.0825 24164.955
421 436.34 25472.465
331 14696.77 5048.78
343 79584.7325 46386.645
296 15521.77 72540.2125
408 39904.3875 83842.1625
403 92810.26 7034.7125
474 67068.115 31835.56
400 56969.81 9987.22
386 3674.61 11438.1775
262 41066.4325 76513.445
294 20327.405 36484.9625
370 18421.9425 88931.9625
336 72843.71 79437.53
388 3731.8275 47989.76
439 62062.06 1045.03
292 29294.265 37157.015
395 98810.065 98088.0
429 64236.4225 26111.195
356 17974.3025 56180.305
348 72760.4775 41264.0425
423 97932.5775 21860.4475
541 3868.64 26918.215
172 33127.63 9544.6475
410 31617.0425 28748.22
277 22414.6675 9901.33
350 8621.5775 56528.955
384 1260.305 75166.2775
230 8011.7 49760.7275
450 12743.3525 96584.9525
305 96805.8575 27304.56
400 35465.185 75065.495
381 72578.8675 65974.51
310 72732.1725 24414.45
402 38797.86 79542.765
230 2727.5725 54052.4375
443 97261.6475 91158.265
466 60087.2725 62008.805
323 9742.1625 7265.3125
432 51472.445 84742.85
390 87956.4175 53861.61
384 51808.305 98940.835
371 98989.1875 66832.7
405 1996.225 95303.3875
411 35518.48 83982.8475
291 57342.6175 18260.965
398 47956.7925 17518.0325
341 38048.8525 39952.7125
431 68213.4125 40921.2775
449 21722.985 45479.77
406 50315.4375 80990.645
310 15255.105 77639.9225
441 12223.48 72268.7975
379 78397.7875 9086.3525
356 20667.1875 65358.24
233 8599.125 29526.2025
376 49189.455 50161.3125
430 6029.9275 68765.7325
443 86185.6175 41121.5975
428 56520.49 54338.4875
450 91375.8025 89198.3175
427 73395.9825 85489.69
491 82208.9075 34275.3375
359 69268.6225 53143.48
292 90277.2625 79276.395
278 81464.0575 66145.005
332 38406.68 78808.6775
400 7587.3 18778.8
468 27950.4925 80435.725
250 50688.605 38642.975
244 25381.235 98731.8425
484 51514.905 17685.6675
506 74739.515 49580.4075
413 86297.01 91471.9825
282 46050.47 62275.8075
634 31587.5775 75183.4625
303 84188.95 64575.2225
346 27653.8525 86785.0875
381 89928.725 75048.395
382 12294.655 39248.0025
362 63665.8525 44112.9475
484 49776.6325 27436.19
445 60734.945 37764.025
469 12011.3975 51328.1125
229 51226.13 33005.125
427 45410.1275 6361.87
439 17772.6625 88507.355
392 65018.4275 8358.4475
356 89502.9575 67769.895
321 75711.7975 93426.785
376 54362.025 60535.33
410 26714.885 15277.3475
387 89671.2775 56831.5575
402 35988.625 81216.1975
290 12494.5275 6305.205
292 1109.59 88474.2375
340 95290.5475 36359.0125
245 9767.19 86791.29
388 91443.59 7902.7625
317 60817.9575 47381.895
314 5314.67 61910.9175
399 93086.75 2449.995
316 21104.835 19258.6225
279 15863.855 88296.4175
395 16743.2225 3959.935
489 6564.7675 63079.1
444 32621.6425 51547.2425
415 41359.8175 48411.3475
364 80269.3875 17713.4075
465 32384.7 90064.0625
404 76497.91 76456.9275
482 704.745 40148.145
434 11681.7825 2668.4275
435 11770.21 34355.5
248 40710.06 37643.8125
397 71572.3825 15132.27
345 84104.63 50033.1825
393 29465.795 35162.395
361 11090.19 37642.72
393 69041.7425 219.62
379 32235.75 55622.37
372 94726.3975 23403.8875
367 91069.8425 19823.47
510 93152.7725 82842.26
384 31698.56 26644.6875
387 16361.3975 56048.7175
332 72434.1575 33857.4825
395 45065.525 84478.925
389 37860.9225 60388.4375
335 53611.0125 60336.625
390 15445.7925 75337.255
385 43796.9875 77620.1175
295 27147.375 60445.0
333 68656.8225 27476.0275
422 43761.1675 75660.7325
424 42184.495 85216.1775
417 11757.9 5638.435
300 41413.9325 17122.1875
291 87435.905 26742.09
365 81552.0675 72618.2825
318 52564.235 84616.48
555 3792.275 67684.205
256 25198.625 28557.03
359 82896.3275 80539.5375
475 97029.4025 23404.96
477 70967.9975 56639.94
430 22434.145 52984.0925
462 75250.175 26684.5575
285 77515.2625 59545.37
529 79174.075 69535.0925
294 29356.0475 83359.735
356 67581.5075 48084.045
361 94925.1125 69591.9725
525 96961.9275 16329.12
416 79382.43 40461.1825
453 20795.3475 76810.46
456 16881.775 87406.8675
445 77778.6575 82342.485
373 25288.835 7271.41
508 98930.5525 84072.9425
338 81314.6675 23719.0725
404 79713.645 11711.2475
361 39210.5625 69815.32
411 68907.505 83605.55
438 25639.8125 95752.2925
415 91544.1075 35130.4675
338 92836.43 7459.6525
384 44687.105 29914.265
307 23048.7475 28666.0625
324 24729.7875 11232.725
540 26333.6175 76565.665
358 46563.77 2044.6675
429 33260.615 70404.845
288 5074.8625 59162.68
400 15712.15 52819.7825
286 92753.6 1640.2575
425 32093.9925 62256.78
385 28490.275 99343.75
320 88976.48 74184.1
399 22531.2175 74689.295
525 45602.3025 86341.8475
295 25030.2425 98120.1975
352 6521.515 32472.48
454 74716.7625 71728.88
235 22722.245 82028.865
352 60399.8275 77322.8825
413 67906.99 98126.7025
369 23848.8925 5697.03
413 43014.1175 13035.4175
324 85199.53 68543.745
519 52435.925 80786.2275
358 29358.95 57910.4475
401 88916.9825 51212.08
404 462.2875 76976.4825
378 13044.1825 96393.435
314 35638.795 88444.5925
266 80409.2575 78037.955
368 26641.9625 15877.32
215 15179.9025 72286.3825
294 55495.8025 81784.925
431 33623.965 78097.22
366 36194.5325 86692.7925
276 79876.9025 55257.2125
307 19403.04 94324.585
396 87386.8025 49059.66
250 1257.82 4086.8025
447 62115.6825 55999.665
356 26376.9225 24918.55
307 63785.9125 75097.05
442 13199.2425 2052.33
507 18260.1875 20956.24
294 93031.6325 33128.6425
367 86092.955 19190.855
372 15641.5025 93267.955
474 40315.79 8085.355
467 39055.7875 30481.4425
365 47883.3475 16101.29
439 2515.2175 62256.335
362 19906.7975 14356.355
341 49098.69 58137.37
389 7756.9525 25068.655
404 36353.2925 19773.8125
326 51601.705 44863.095
531 32382.9975 61864.685
421 61787.1475 64277.775
324 82573.38 64710.4075
443 65744.7725 79935.5975
429 43413.1325 80838.405
407 23708.915 59847.385
214 73439.505 23892.06
285 75815.7825 24380.4025
323 88757.0325 60539.475
362 74042.9125 11627.07
242 91647.3675 30443.71
232 45727.115 38496.05
401 30567.16 38159.43
444 29021.0825 42056.325
259 73653.345 23861.815
397 96668.5075 28495.7575
289 81426.495 91658.8125
402 58762.2025 52389.1725
355 8105.1 73211.68
427 78698.5425 87155.5875
406 68127.695 90709.0025
373 47594.575 81194.63
397 48738.2125 63428.76
370 94002.2375 49781.52
425 56631.9425 29398.9775
333 18951.86 78561.6425
400 3048.38 63288.7975
394 67575.135 12253.295
287 14144.935 8182.72
355 76136.475 48370.665
345 96262.3025 91902.7725
467 87748.3725 38960.4125
445 56611.895 20862.9725
411 79604.4425 69732.32
398 56544.9625 81601.3425
288 96738.7725 9146.2125
350 70151.8 18421.31
