25 60
8857.4785 4660 37132.825 50693.1675
8166.3268 6535 105703.765 47320.605
7991.575 3981 14264.475 58201.555
7920.2906 6402 128682.3775 10847.2325
7878.2928 4737 167135.6725 116295.345
7387.2692 4502 168618.5725 113010.2075
9682.3259 6455 98580.095 82052.625
9592.2013 5304 135960.7075 145062.8125
6695.0977 4675 52839.53 168644.9175
8071.9583 5715 100452.7725 51217.01
7694.2657 5134 115112.1725 189951.58
9322.2046 4237 0.0 100935.6025
8845.6805 5427 51433.895 143974.98
7116.3393 4980 76508.665 10334.63
7679.666 4700 151293.37 90481.72
8372.6629 6003 119146.5975 70442.3
8086.8804 4031 64178.4275 185299.8775
7707.0334 4155 67290.55 94720.69
7751.9755 4734 140442.1825 59523.58
9022.7648 6108 137629.915 48950.765
9076.5467 3818 23686.6275 86709.59
9308.7114 4784 172711.7275 8928.4475
8765.202 5971 32391.2725 194653.105
8236.7776 3986 43877.2975 24212.26
6199.8611 5120 126447.155 198321.0125
819 58441.8175 115301.2425
603 88461.3825 29670.6325
665 79046.32 46123.36
509 185522.91 88497.61
1071 54090.2 110776.8175
421 52019.33 3591.665
698 13769.3275 156899.97
852 107357.5525 48924.08
673 36850.495 179393.1475
739 97600.8525 108199.02
569 46519.1375 2278.31
626 32945.9825 189467.525
542 144520.3225 159591.6175
622 180159.855 4270.9175
607 75926.3275 129818.7575
505 131132.2625 121878.1225
691 120212.385 126162.9275
799 82423.395 90630.82
397 79281.5625 174183.2525
675 52866.2075 181108.6125
655 44318.4575 59052.015
627 57966.3725 5717.5825
532 184845.74 108149.895
741 196619.96 189405.975
630 2543.3225 72859.14
680 166637.0075 119299.23
815 163380.68 173423.0275
777 75747.5825 154363.4325
818 108429.9225 187398.9625
588 88253.36 91513.2625
882 20333.2825 167865.5475
921 13326.37 36276.6025
534 88579.1125 175129.305
655 130405.73 87903.4175
1000 156161.5275 173117.515
731 170453.4675 151536.345
729 118998.9975 128441.465
775 31918.3375 41308.675
584 154998.475 26786.1525
693 147329.1725 52823.9225
856 188753.675 113933.9825
1068 112031.4825 55257.495
757 160023.265 152017.3175
536 32984.9425 12755.7525
830 67257.1625 45760.6375
800 22848.545 87805.42
660 167016.96 77168.95
726 6437.1625 38474.7375
705 122456.725 146681.6925
594 160665.1475 67633.6275
996 32309.855 148843.3925
589 150253.37 45861.0125
543 135348.62 57694.5675
736 138355.665 141724.2975
587 196101.1725 186023.2225
806 40314.025 52555.0425
989 183704.1875 172441.9975
635 98261.8025 96743.0125
400 9950.455 76812.42
738 51027.8275 109093.605
