200 200 
226 600 34.824276 34.824276 
312 600 34.905834 38.077609 
379 600 43.586961 28.219700 
599 600 40.395677 33.445805 
280 600 35.072047 35.180733 
185 600 37.412940 30.268366 
350 600 36.244985 34.411039 
458 600 42.747881 29.513173 
254 600 35.331494 34.542876 
253 600 46.126615 25.240130 
491 600 36.378112 36.506686 
441 600 40.723124 31.774915 
341 600 38.554008 34.329116 
379 600 39.436221 31.616298 
165 600 39.738381 28.215364 
227 600 39.082726 28.637864 
499 600 44.616617 29.116289 
276 600 38.824557 31.421501 
327 600 39.924155 29.423705 
416 600 48.008579 26.250543 
318 600 44.084714 26.487049 
538 600 42.724702 30.534490 
247 600 39.494771 30.008531 
348 600 39.554700 31.169539 
467 600 45.386696 27.886432 
338 600 37.036494 39.870722 
355 600 35.321085 37.329530 
297 600 43.772532 27.080263 
213 600 37.552833 31.597530 
141 600 47.902814 23.803999 
386 600 44.417720 28.187908 
261 600 37.485153 32.173220 
259 600 37.465919 33.304652 
352 600 43.268655 26.627312 
398 600 37.897260 33.844351 
304 600 36.312288 34.797171 
345 600 38.561376 31.977900 
176 600 47.942877 23.866448 
332 600 45.700476 26.016834 
349 600 44.202371 28.074467 
450 600 39.422606 31.795640 
334 600 38.724080 30.670423 
267 600 37.176566 31.256665 
408 600 39.474355 32.216982 
317 600 37.065680 31.877370 
323 600 38.041506 33.571280 
316 600 36.916413 33.463243 
251 600 35.001431 34.627573 
413 600 45.165033 27.454496 
202 600 33.419651 35.603657 
370 600 35.563314 38.475709 
295 600 38.088417 31.784000 
287 600 39.522674 30.091030 
454 600 34.892827 39.562497 
323 600 41.244442 27.764301 
284 600 41.901086 27.893524 
421 600 38.754845 33.509019 
321 600 49.964703 25.754186 
534 600 47.353562 27.877852 
531 600 37.053960 38.005058 
425 600 37.599894 36.181976 
377 600 35.884688 36.751213 
321 600 38.494451 32.230060 
382 600 36.726896 33.858799 
356 600 42.306322 28.041272 
416 600 44.716309 27.976131 
378 600 39.010195 31.589997 
250 600 38.216749 31.206536 
462 600 39.110385 35.710889 
349 600 40.286358 30.067706 
339 600 40.140042 29.958243 
399 600 37.915399 32.991296 
315 600 43.103535 27.384248 
335 600 36.828992 37.632414 
267 600 36.224498 37.210600 
305 600 39.379496 30.785868 
175 600 33.901336 36.865483 
255 600 46.344921 25.721118 
394 600 40.389426 28.951800 
338 600 45.220416 26.268748 
337 600 35.783187 36.557722 
365 600 42.473083 28.441924 
263 600 38.115353 30.879795 
328 600 38.014108 31.513659 
328 600 39.837118 31.316860 
447 600 41.912473 29.975878 
336 600 41.325305 28.681160 
332 600 35.183620 38.121541 
294 600 35.408246 34.428749 
345 600 37.338200 32.725128 
280 600 43.467676 27.159222 
387 600 37.646700 33.261767 
278 600 40.733486 29.406291 
245 600 41.336036 28.498833 
239 600 34.325430 36.413409 
298 600 40.388608 29.878630 
277 600 42.462621 27.657673 
231 600 38.283760 29.680576 
397 600 40.771467 31.171898 
392 600 36.989322 35.089018 
345 600 49.263652 25.717843 
372 600 43.929940 27.910618 
458 600 38.243442 32.862062 
373 600 40.934412 31.643228 
481 600 39.976009 33.599968 
367 600 40.021595 30.027612 
235 600 39.793224 30.540681 
230 600 37.552178 32.057079 
419 600 40.112634 30.177629 
368 600 44.279176 27.848909 
388 600 43.763653 28.415828 
241 600 43.036017 28.685247 
350 600 38.992164 32.076531 
142 600 34.029120 35.572240 
401 600 40.210463 31.717629 
139 600 34.603931 34.686177 
473 600 44.029986 28.699742 
167 600 36.497079 30.939795 
118 600 41.297840 27.649697 
250 600 35.502673 35.042259 
197 600 43.761386 26.664333 
183 600 34.188737 36.237552 
253 600 33.316635 43.799367 
355 600 40.380735 30.046113 
325 600 44.881995 27.199521 
230 600 44.803028 25.255290 
600 600 37.229459 38.951965 
516 600 43.366621 30.274760 
345 600 36.352252 35.914954 
291 600 34.624811 36.289298 
348 600 37.399887 32.550268 
100 600 32.773773 37.793360 
343 600 35.538321 37.110255 
166 600 36.526035 31.048469 
346 600 39.256645 32.691453 
322 600 43.437283 26.860874 
241 600 45.915517 25.985434 
463 600 40.295077 30.184022 
337 600 43.120388 28.958457 
158 600 35.008323 32.240353 
252 600 41.147303 28.261914 
349 600 42.735577 28.996101 
542 600 45.763156 29.871051 
382 600 41.969276 28.119382 
244 600 44.787693 26.301866 
116 600 37.119560 30.293766 
235 600 37.668031 31.371269 
404 600 42.903724 26.919110 
342 600 46.368716 26.500182 
218 600 37.220328 31.583454 
139 600 36.076746 32.766819 
279 600 39.157417 29.993064 
450 600 47.404917 27.134201 
288 600 34.383659 38.040122 
295 600 38.886251 29.846700 
433 600 39.857806 31.208814 
348 600 45.460456 26.595428 
328 600 43.153624 27.501971 
237 600 38.998384 30.062730 
415 600 37.597126 33.960800 
237 600 44.635114 26.532306 
348 600 40.237701 30.574842 
304 600 43.767823 26.006196 
513 600 38.695352 34.227382 
373 600 36.438549 34.429875 
368 600 41.047532 29.787892 
234 600 37.788905 30.790286 
227 600 43.795952 26.049868 
355 600 41.962851 28.120829 
191 600 41.957032 27.281977 
391 600 45.697212 27.877875 
193 600 42.375636 27.398902 
401 600 42.802909 28.403680 
340 600 37.032705 35.599826 
284 600 36.411490 32.789448 
344 600 36.956742 38.182708 
487 600 39.934654 33.010299 
425 600 37.162243 35.580438 
478 600 46.300133 28.090378 
396 600 38.834081 34.028720 
248 600 40.039796 30.207075 
254 600 40.925397 28.505508 
321 600 39.290571 31.433108 
408 600 39.790186 31.874526 
165 600 36.793197 30.932921 
229 600 34.589996 35.778564 
340 600 47.140935 26.912080 
359 600 40.033766 31.803387 
243 600 41.502221 28.158436 
437 600 37.907339 34.777168 
164 600 34.927227 34.622780 
245 600 37.513076 31.431402 
193 600 37.308898 32.048313 
206 600 33.819102 37.503343 
251 600 38.327322 32.825812 
384 600 38.917148 32.162673 
197 600 36.637529 32.437144 
195 600 45.393347 25.368930 
305 600 44.756744 26.846559 
340 600 44.274418 27.412287 
2 47.668869 39.346976 
1 42.675137 33.935762 
5 7.495883 30.221757 
5 49.947867 60.900421 
4 55.565605 52.475980 
4 56.538286 49.629603 
3 54.168751 43.113059 
3 52.844916 43.827410 
5 63.268090 51.081466 
5 68.130983 47.745200 
1 42.574619 34.114784 
2 48.733464 39.594284 
3 53.494201 44.277281 
2 47.396373 39.783460 
3 51.453662 44.969441 
1 42.392871 34.168121 
5 42.028386 61.786672 
2 48.254228 39.764104 
5 51.952213 62.269343 
5 64.808358 49.852785 
1 42.403753 33.960990 
3 55.006400 43.057317 
2 47.462136 40.470967 
1 42.743148 33.698562 
4 60.533608 46.736360 
2 47.749663 40.118479 
1 43.035061 34.026288 
4 60.264532 45.450481 
3 53.783880 42.666686 
1 43.004499 33.987692 
2 48.315635 39.592150 
4 59.289627 47.461710 
5 55.104282 58.664616 
5 61.267462 54.928330 
2 48.543682 39.476823 
5 8.470978 34.475654 
1 42.804951 34.052878 
4 60.008371 45.054159 
2 48.236080 39.426526 
4 57.745973 49.558485 
4 60.928328 44.822458 
4 58.001236 48.699063 
2 47.971825 39.968625 
1 42.240025 33.788223 
1 42.768423 33.970575 
5 68.312767 43.801648 
4 56.777293 48.693984 
5 61.491713 55.110768 
3 50.759698 45.591300 
1 43.019431 34.209516 
1 42.886856 34.351723 
1 42.671322 34.184272 
4 62.755579 42.681594 
1 42.865098 33.614054 
5 69.726416 42.866121 
1 43.131321 33.956457 
1 42.897485 34.055501 
3 52.518108 45.073780 
3 52.205816 44.635753 
3 52.041848 45.977255 
4 57.483700 48.382983 
5 68.180186 47.043481 
3 53.806544 45.052081 
5 65.372400 49.883964 
2 48.440649 39.362445 
5 70.553660 29.665946 
5 61.643518 55.385372 
4 58.397565 48.131901 
5 32.951469 0.000000 
1 42.425473 34.129037 
3 52.134542 45.473729 
4 54.981848 51.332481 
5 66.940770 49.635834 
1 42.803360 33.980904 
5 68.058862 46.204171 
3 51.877225 45.982298 
3 51.629318 44.629010 
3 52.668184 44.726071 
5 70.051236 42.250058 
2 47.974301 39.955428 
4 58.982676 47.777202 
5 8.334560 27.214754 
5 66.680139 51.804284 
3 51.306693 45.460128 
3 52.143742 44.529682 
1 42.467145 34.210098 
2 48.817696 39.491177 
2 47.967205 39.428475 
1 43.089653 33.965130 
3 51.052111 46.540555 
2 49.657114 37.860547 
5 43.179069 62.216175 
2 49.152927 38.716737 
5 59.003550 55.853761 
1 42.557304 33.726884 
5 69.597801 43.414710 
1 42.493507 33.476411 
4 55.674604 51.208928 
1 43.005157 33.909756 
4 55.617245 49.016079 
4 53.818721 52.054524 
5 59.123676 55.940470 
4 60.597875 45.563655 
4 56.234213 50.398359 
2 47.907318 39.863107 
3 53.728919 44.556289 
5 50.909179 1.736556 
3 50.480137 45.883353 
5 58.057200 56.147263 
2 48.272073 39.815759 
5 10.429315 18.797024 
1 43.067857 34.053964 
5 49.132580 60.684440 
4 54.113214 51.447447 
1 42.816505 33.994719 
2 49.471555 38.719536 
4 58.165851 49.170559 
5 63.947873 53.905378 
4 54.906134 50.833145 
4 57.106408 49.820615 
5 66.315769 50.650174 
3 52.110822 46.043896 
1 42.847330 34.029630 
2 47.494415 40.577552 
4 53.283601 52.382896 
3 54.424350 42.509448 
2 47.348012 40.434819 
4 57.569342 49.134717 
1 42.592782 34.032796 
4 57.544916 48.261594 
5 65.847101 49.564246 
4 55.708504 49.983339 
1 42.639465 34.075132 
1 42.469770 33.837999 
5 69.762910 41.526305 
4 54.510853 52.405577 
1 42.774392 34.248095 
2 47.562230 39.854679 
4 55.471573 50.720446 
4 59.136725 47.259300 
5 71.184040 37.517476 
2 48.914882 38.717740 
5 61.815700 53.811774 
2 48.284032 38.697392 
5 67.794480 45.258831 
2 48.143351 39.933197 
1 43.074417 34.006930 
1 42.968624 33.928025 
3 51.049526 45.940611 
3 48.467917 47.782500 
1 42.779879 34.146861 
4 58.468307 48.228967 
3 51.123274 45.279013 
2 47.761534 39.735451 
2 48.195805 39.076224 
1 42.509897 34.019887 
3 54.881643 41.767677 
2 47.937582 40.207848 
3 54.429657 43.185231 
5 61.078370 54.310784 
2 48.432402 38.060034 
2 48.252412 39.680616 
4 52.596285 53.054741 
4 58.185680 47.729201 
2 48.354765 38.860224 
1 42.701778 34.010402 
2 48.359615 39.813388 
3 51.701098 44.765937 
1 42.962836 34.040702 
2 46.994974 41.215333 
3 53.230236 43.388468 
5 47.960123 60.905683 
1 43.180752 33.580687 
1 42.866809 34.371668 
3 53.333542 43.526781 
4 55.339766 50.026385 
5 64.001021 52.136971 
4 57.143080 49.825099 
1 42.673768 33.751464 
5 61.330302 55.085284 
5 55.216847 1.954523 
1 43.007129 33.948214 
3 52.897682 44.086067 
2 47.400263 39.813508 
3 53.583630 42.565593 
1 42.883277 34.292001 
3 54.608624 42.102457 
3 55.196163 40.910966 
2 48.993275 38.981134 
2 48.034252 39.419750 
5 49.115524 1.468535 
1 42.607066 34.210235 
2 48.778889 39.240147 
1 42.723005 33.504030 
5 71.584548 30.989761 
1 42.600578 34.121078 
2 48.825884 38.952118 
5 40.432272 62.483558 
3 53.784819 42.989221 
1 42.853884 34.051342
