25 50
8110.7961 5770 25933.9325 111192.55
7526.1832 5053 114310.7425 58911.515
8680.0994 4948 43404.1825 3739.2175
8117.1456 5333 67490.1575 179793.73
10415.5691 5846 102845.14 193548.575
8125.6786 3928 22600.1775 191707.32
9933.3582 4689 32481.8375 123346.025
7503.6627 5471 62938.39 24260.1625
7310.7218 4679 38585.305 1231.8525
6707.7659 4744 116728.99 111760.1825
8584.4604 5237 86725.6175 122346.695
8920.6789 5225 4035.7325 56004.58
7995.2927 3993 116040.165 59080.3975
7961.0602 4822 167325.445 129574.08
9234.836 4597 41922.0225 164621.805
6181.0415 6790 38055.085 182712.4025
8541.9194 4528 178162.7425 83040.4375
7671.2868 4847 0.0 117315.3525
6619.8461 4735 141340.3525 23268.215
7814.356 3399 137802.305 175561.8125
7513.8361 4751 166847.8525 172222.385
7953.5613 4633 15015.075 94225.5425
8188.2267 5413 166815.11 340.1475
8125.0515 4974 62135.4575 149279.9475
8396.8807 4801 67640.5175 16907.265
998 184027.13 124856.6275
774 71439.75 93960.1
1003 60981.56 151009.4675
923 171940.7175 156014.215
915 31845.825 32095.95
516 15928.935 180517.9325
737 155597.5925 135351.235
925 73483.635 35984.575
909 192589.7 123759.885
627 81376.285 134229.705
723 138566.8175 54795.4675
713 191606.485 20953.2875
838 71578.495 197007.4175
653 72719.4625 53120.92
854 78953.45 23554.745
920 84204.37 98864.41
1049 129172.91 46889.7275
718 166350.3225 149518.355
1008 97276.6725 66695.8475
958 196853.6725 88382.2825
1114 98691.7675 131938.27
578 11556.61 99239.0725
929 70730.025 189120.9975
926 15386.8075 20650.7675
998 135664.9225 68964.95
673 47129.2625 121648.49
934 149528.77 91861.5325
704 197027.08 5021.8425
934 134178.4375 174359.785
792 101174.1775 132310.2275
687 7791.3625 136111.3925
582 122774.0675 94399.9275
900 79393.255 39266.2375
805 104258.46 23293.345
824 138392.4675 11830.48
584 28668.23 74103.5625
1006 160566.35 169007.045
691 165062.0875 102479.185
661 176155.54 21713.3725
835 154782.305 87725.81
882 171112.9875 147107.3075
906 174855.32 152564.365
894 61694.325 164521.7725
1219 17603.9175 58699.0075
710 148031.225 169640.3275
815 3025.2975 55828.785
836 106955.52 48293.575
854 101555.725 141110.6975
755 45444.4 143525.84
1036 155882.28 100310.7875
