200 200 
415 616 31.845899 31.845899 
364 616 30.754220 35.020700 
416 616 30.773636 34.285769 
306 616 33.938572 32.285849 
431 616 28.862727 38.391601 
394 616 27.870208 37.524418 
244 616 29.921669 34.156265 
217 616 28.985849 33.973189 
339 616 35.173558 30.422019 
425 616 33.600520 32.614495 
309 616 32.390618 31.735177 
346 616 25.752927 40.991031 
310 616 27.346939 36.788566 
264 616 29.508302 33.723150 
342 616 28.133852 36.788358 
376 616 33.276655 32.030061 
536 616 26.511366 45.863453 
237 616 25.317588 39.770423 
242 616 26.624970 37.238384 
311 616 29.293022 35.482975 
317 616 30.472882 33.087795 
412 616 30.823218 34.910486 
408 616 32.784729 33.139731 
389 616 29.486367 36.065958 
297 616 29.151268 34.070588 
427 616 28.232580 39.305959 
499 616 29.815005 36.802953 
442 616 40.386561 30.142222 
320 616 31.537610 33.486395 
343 616 37.782144 28.848161 
300 616 40.406925 28.321869 
358 616 32.078300 32.389110 
489 616 39.117108 29.869902 
389 616 27.527296 37.640713 
270 616 30.810786 33.746181 
381 616 25.616057 41.122268 
347 616 35.078108 31.418340 
250 616 37.686940 30.274232 
240 616 28.681617 33.703504 
306 616 25.987219 39.143297 
194 616 27.681755 33.874726 
332 616 32.299471 32.040508 
393 616 31.446058 33.914793 
100 616 30.245543 30.838939 
268 616 26.595195 38.005634 
257 616 30.462955 32.777198 
354 616 33.813423 31.409505 
244 616 38.914944 27.929257 
296 616 27.279782 38.217918 
324 616 33.597663 32.691763 
404 616 37.002030 30.643062 
220 616 25.529408 40.223778 
263 616 31.631536 31.068343 
462 616 34.854374 31.914685 
490 616 26.754549 43.018474 
360 616 32.235913 31.954754 
476 616 33.371544 34.271921 
285 616 29.054469 34.549529 
427 616 34.140746 33.138715 
437 616 29.085439 36.187372 
418 616 28.950845 37.015988 
384 616 30.963560 33.604091 
203 616 25.139380 39.871348 
333 616 32.169338 32.339371 
332 616 29.720551 34.937054 
332 616 36.042225 29.730474 
402 616 33.686152 31.203489 
185 616 30.203997 31.753107 
286 616 25.087991 40.323811 
235 616 27.460494 36.955522 
190 616 32.918582 29.089107 
326 616 30.750995 33.761312 
461 616 34.466423 33.381290 
453 616 27.143885 42.906485 
138 616 29.354808 32.409589 
331 616 31.037113 33.354732 
369 616 30.172744 34.838793 
370 616 27.050509 39.868432 
246 616 30.055821 32.771144 
224 616 27.634810 35.219534 
471 616 31.122928 35.374081 
347 616 36.197203 30.014802 
507 616 27.479364 39.816353 
316 616 28.642280 36.786703 
381 616 26.232415 39.528360 
268 616 25.579710 40.922758 
460 616 27.753057 41.458126 
299 616 29.796947 34.302129 
341 616 26.021221 41.562306 
425 616 32.935232 33.375167 
403 616 36.065820 31.501729 
283 616 33.115642 30.871968 
269 616 29.306278 34.151427 
317 616 33.444188 31.389166 
319 616 29.291439 35.555928 
396 616 30.679477 33.585198 
256 616 32.854801 31.838551 
320 616 27.490006 37.807818 
316 616 41.957825 27.399384 
371 616 30.363688 34.541939 
397 616 26.606562 40.981001 
296 616 41.756326 27.839897 
250 616 30.331051 32.652211 
248 616 27.695682 36.513282 
377 616 27.499539 40.468407 
335 616 28.491171 35.596502 
432 616 29.212905 37.557056 
394 616 32.521962 32.705306 
380 616 27.305854 42.166649 
296 616 29.423751 34.958965 
328 616 31.160657 33.858894 
396 616 29.328094 35.041496 
381 616 29.229634 34.968405 
181 616 25.216534 40.654049 
392 616 38.511665 29.976934 
455 616 26.989597 39.062535 
339 616 33.790996 31.429073 
346 616 26.822213 40.286095 
401 616 30.808526 33.848149 
403 616 29.323919 35.502237 
294 616 26.496147 38.445209 
438 616 31.243920 34.307033 
335 616 34.042872 31.447137 
413 616 27.856157 39.937150 
283 616 27.663669 35.707995 
337 616 30.833596 33.634161 
261 616 32.020508 31.736336 
331 616 32.460548 31.558058 
183 616 35.344873 28.872019 
247 616 34.323092 30.432867 
322 616 26.800980 38.643061 
339 616 36.263629 29.986244 
463 616 31.161237 34.387025 
320 616 25.733704 40.455376 
262 616 35.355529 28.683471 
319 616 31.616270 32.474096 
251 616 34.297371 30.478238 
340 616 30.155607 33.454770 
412 616 28.892770 36.332884 
324 616 34.302417 30.982131 
214 616 35.327623 29.376154 
327 616 29.977628 34.872132 
449 616 31.902860 33.147095 
344 616 25.743770 42.392633 
311 616 32.882582 32.157558 
454 616 39.638747 29.819054 
284 616 27.271291 36.609443 
399 616 27.124870 40.796684 
383 616 37.209046 28.845614 
320 616 29.082580 35.959210 
244 616 32.920793 30.886818 
226 616 26.283462 36.261418 
400 616 32.388243 32.693742 
294 616 32.596733 31.393967 
408 616 29.284229 35.190129 
336 616 28.933993 37.331211 
282 616 36.132436 29.551898 
366 616 29.738406 34.755595 
267 616 29.841356 33.591782 
424 616 28.963258 36.950746 
437 616 26.235705 43.720562 
600 616 28.342654 40.779647 
274 616 35.684108 29.742257 
452 616 39.703085 28.936443 
317 616 27.955236 36.781703 
201 616 24.924932 40.866347 
413 616 29.661472 35.505221 
405 616 27.378059 37.513610 
244 616 27.144537 37.678265 
129 616 31.146698 30.395075 
386 616 25.156438 40.698472 
515 616 26.757586 43.345706 
338 616 28.689311 35.158300 
337 616 37.263547 29.374784 
222 616 32.354305 30.736090 
414 616 32.968801 33.588897 
175 616 37.291059 28.187743 
402 616 29.157521 37.215587 
218 616 26.505160 36.161628 
360 616 33.829967 30.484366 
323 616 36.424211 29.343625 
403 616 29.440429 36.630433 
420 616 39.265174 29.489368 
261 616 32.547348 30.909129 
403 616 30.997280 35.027963 
382 616 25.435578 42.040663 
382 616 33.462621 31.281138 
338 616 26.008755 39.101334 
390 616 33.027249 31.746220 
296 616 27.295081 37.499144 
293 616 28.826855 35.122290 
494 616 33.344113 33.497915 
536 616 29.177560 40.792376 
425 616 29.435073 36.894934 
347 616 31.935245 32.753743 
414 616 26.060180 46.107133 
381 616 30.415604 33.533718 
285 616 25.580074 40.713132 
499 616 38.465243 30.511728 
348 616 39.816263 28.760956 
4 51.239749 50.733496 
4 52.828454 45.432084 
4 49.526673 49.664612 
3 42.311105 49.487063 
1 33.904726 37.202977 
3 43.374660 48.473413 
5 0.126451 40.952518 
4 49.029818 51.468007 
1 33.775048 37.448721 
4 49.548060 51.605894 
5 51.663226 57.831969 
4 49.980038 51.928875 
2 39.775180 42.949867 
3 43.401297 47.580949 
5 56.406804 53.787250 
5 49.048006 61.703833 
5 51.469852 58.612078 
3 44.016526 45.777849 
1 34.153652 37.336897 
4 51.234883 50.191277 
4 47.335850 52.259074 
1 34.105624 37.332550 
5 45.535450 61.696262 
5 29.631917 2.624980 
1 34.055583 37.506063 
2 39.324069 42.733966 
2 39.968042 42.733637 
4 51.213703 48.645774 
5 49.708264 59.414297 
4 51.423543 47.653588 
2 39.183620 43.302440 
1 33.976489 37.258069 
2 39.267563 42.807349 
1 33.725440 37.423555 
4 46.237069 54.273710 
3 44.384226 47.227236 
2 39.049252 42.669615 
1 33.414315 37.096852 
2 39.419454 41.953029 
4 47.025153 53.472281 
2 40.233670 42.182755 
2 39.681380 42.304889 
3 43.115222 48.533015 
1 33.943719 37.348902 
5 0.746284 30.625293 
3 44.872343 47.445780 
2 39.447519 43.573469 
2 38.787297 42.532509 
5 49.198502 57.910615 
2 39.773613 42.538320 
5 61.863491 34.813622 
3 43.836571 47.298317 
2 39.426789 42.881303 
3 43.830544 48.777350 
4 49.347456 50.095277 
3 43.167988 49.010467 
3 43.320402 48.677516 
4 47.022414 53.093151 
3 42.306250 48.664341 
3 43.830951 47.358656 
1 33.856044 36.917230 
3 43.950942 48.225034 
5 50.672254 58.248142 
4 48.154965 52.210213 
2 40.094516 41.926701 
2 38.318363 43.069937 
3 44.952217 47.261592 
4 48.702378 52.074732 
2 38.343960 43.352137 
2 39.376049 42.373676 
3 43.356285 48.736246 
4 48.903065 51.866031 
2 39.627765 42.422391 
5 56.950836 54.207075 
5 0.000000 37.792849 
3 46.042577 46.622475 
3 44.788269 44.838316 
1 33.987379 37.444185 
1 33.724510 36.915549 
3 46.010954 46.139339 
2 38.768692 42.780821 
5 51.828938 57.853980 
5 58.932411 50.886377 
4 52.697940 47.084822 
5 38.652231 65.776487 
5 57.753134 51.735324 
3 47.307001 44.646225 
2 39.077586 42.825806 
2 39.825225 41.665604 
3 44.262930 47.206978 
3 44.846216 48.668636 
5 41.401801 65.604295 
3 45.192024 45.599624 
4 50.228215 50.397591 
4 46.862339 54.726641 
1 34.061610 37.631619 
5 43.567649 62.873354 
3 44.062122 48.296499 
3 46.200108 45.368990 
3 42.162186 47.963008 
3 44.954831 46.759209 
5 56.623668 53.580728 
2 39.555833 42.129920 
4 50.680837 48.582684 
4 52.260440 48.399370 
1 33.683461 37.165508 
3 44.979863 47.355848 
4 49.909934 50.441978 
1 34.144163 37.494860 
5 38.388131 4.189442 
3 44.750317 46.058439 
2 39.423786 41.621500 
4 51.050577 50.570690 
2 40.014913 41.216888 
5 60.875457 47.393879 
3 43.393062 48.550940 
5 60.083379 48.596919 
3 44.236760 48.210849 
4 48.506285 51.101485 
3 42.639586 48.440098 
1 34.003841 37.353510 
4 41.074632 57.586103 
1 34.288803 37.460548 
5 48.536655 60.376214 
1 34.011224 37.178644 
5 53.668102 54.104079 
5 43.383898 62.209460 
5 58.198751 50.025278 
3 42.579505 49.331815 
5 58.106750 53.106237 
2 39.767003 42.776848 
5 42.003197 64.296284 
4 52.609002 48.999919 
3 46.668516 44.830583 
3 43.324015 48.245909 
4 44.849429 56.830033 
3 43.102191 48.318655 
4 48.579478 51.252959 
5 54.836941 56.827414 
5 59.745553 48.045947 
1 33.751182 37.390574 
4 46.275388 54.990460 
4 44.336062 55.296032 
1 33.856487 37.076568 
2 39.260719 43.040185 
3 41.971098 49.231271 
4 47.628102 53.311296 
4 46.347467 53.386989 
3 41.198539 49.142177 
1 33.988900 37.242077 
1 33.898076 37.501941 
3 44.796726 48.061615 
4 52.622422 48.756978 
2 39.208414 42.671741 
3 44.568881 46.684016 
2 39.025247 42.751723 
3 45.548745 45.823392 
2 39.840993 42.698673 
3 46.522394 45.124157 
4 42.205705 57.258465 
3 44.880362 46.511888 
3 44.040196 46.426658 
3 45.253769 44.843774 
1 34.057567 37.275723 
1 34.272520 37.300617 
1 33.801109 36.871228 
3 44.953543 47.592111 
5 35.281260 66.720901 
1 33.822687 37.106037 
1 33.852946 37.144258 
5 60.387338 22.922971 
2 38.595217 43.112846 
1 33.400774 36.860530 
5 31.566486 66.398475 
4 46.614744 53.053330 
3 44.174849 48.326137 
2 39.511448 42.326825 
2 38.870287 42.578916 
1 33.603530 37.107549 
5 55.016944 54.767765 
1 33.863983 37.421191 
4 53.968162 41.224310 
3 43.972706 46.601436 
4 49.056496 52.877534 
3 43.317800 47.874421 
3 44.842498 45.124794 
3 43.978753 47.390766 
2 39.646456 42.513017 
2 39.593821 41.553413 
2 39.447831 42.286126 
3 44.614628 47.601643 
5 43.528774 63.619054 
1 34.149392 37.498347 
1 33.787733 37.300139 
5 57.369362 50.121749 
4 48.017853 54.561125 
3 44.782303 45.571407 
1 33.927732 37.548085 
5 57.798943 50.588959 
3 46.205314 44.132683
