200 800
10733.2042 4751 40310.77 94446.89
14764.4057 4450 13000.345 85667.995
11233.801 4234 2416.3275 60159.5075
12019.6799 6487 31569.85 53598.12
14789.4821 4111 915.6575 78451.3
12089.486 4171 23202.7 13605.3975
12831.4453 3636 32716.705 95020.7
13446.9747 6483 82630.16 43096.2575
12580.2877 3048 33352.37 83498.0175
11453.1544 5755 9292.33 7641.375
11866.5215 4538 58515.68 21871.17
11643.1062 3432 47104.5525 98313.1
11306.6583 6888 47099.9325 93531.5875
12850.5485 3638 53103.73 91497.5875
11576.1938 5836 91597.1125 1359.9425
11145.3866 5647 80295.5675 81146.9075
12812.9988 5422 26933.04 14700.745
12752.1395 4542 42836.5625 12732.6525
13325.6175 4696 38850.62 1556.3125
12934.0994 4825 21347.5025 24882.9
11443.9827 5471 82047.235 75367.195
11233.7012 4335 23873.8475 23003.395
9406.7384 4846 77306.6675 12743.385
13361.4936 3763 58108.5825 86585.1775
10534.3028 3917 95231.8175 27731.595
11413.1911 4042 18592.845 50445.5125
11659.53 5417 13629.47 96462.5375
12864.5019 4365 9626.7825 9367.2
14576.7538 4977 91807.005 28089.965
14885.576 5807 37624.255 91002.9075
12598.1055 5980 59027.17 54644.19
11770.1685 5546 65157.765 78357.3075
12914.119 4923 21510.7825 56576.205
11508.171 6194 1424.855 49930.515
11336.4143 5563 16420.6675 78462.8025
12593.2848 4658 41766.27 49882.96
10829.7483 4579 55100.965 13840.095
10777.7118 5893 3922.1875 2054.2375
10870.7182 4673 45977.54 65014.715
12538.3164 4623 10371.635 37071.7375
11799.1688 6884 43784.135 91665.855
11978.3452 3795 14405.5525 62453.255
13774.5276 5132 66616.4525 80963.7075
14413.7742 4383 86053.045 40602.1825
15032.161 4535 41620.7125 18636.585
11346.6572 5512 10225.93 86463.63
10380.5438 5960 38282.74 16814.28
11835.6106 6568 26421.595 50661.87
13465.1617 5637 63367.0375 48936.265
9156.9217 3487 6046.46 33517.5375
12374.3608 4301 77976.345 88733.1325
10780.3725 5204 24825.0675 14040.5825
8918.3731 4754 62857.9675 71918.315
11776.2671 5208 13460.72 85254.12
13383.962 4201 45224.4475 13531.005
10593.5542 3848 53307.2425 48857.1425
10414.9164 4354 52802.4475 35237.875
13468.2509 4484 30491.4525 47154.88
11906.2158 4775 5988.7475 781.7575
11595.1793 5282 59137.4175 44562.245
13099.3098 5596 70394.2525 8757.4475
13209.5967 5876 66683.84 79610.955
12516.6207 4153 17811.7025 80637.2125
11702.8137 4506 27093.9775 50667.875
10436.3788 6216 28058.685 50086.2475
12004.9173 5222 70652.215 14405.9225
12584.6227 6729 46364.8575 5330.385
13811.4179 5893 67998.0575 51786.89
12498.747 5237 59304.2025 91425.8575
13189.1268 5060 31910.525 74395.2475
11554.391 5217 48905.3475 18228.26
10604.267 4465 36963.4 38393.43
10716.7594 4818 61613.87 18381.82
11411.3415 4558 31554.5475 37349.4275
11287.194 6036 21889.235 99564.8525
9570.5973 4133 92014.905 41151.5125
10531.3639 6285 17394.5025 7570.7925
12769.9435 3160 42390.98 70538.08
9543.1554 6328 55052.2575 20705.3875
12587.5169 5000 84518.9925 96581.2825
11799.1091 4412 53149.9225 72473.2325
10774.2912 4063 45292.205 45202.87
10825.0454 4959 95442.16 40699.88
12119.8879 5629 39507.08 64977.9975
12066.6448 5661 38039.79 83241.045
12269.9195 3991 92970.5225 5669.655
12129.88 5015 98043.2775 39043.715
12842.6098 5516 42525.2725 74702.8775
13507.3691 5133 44073.205 68330.9275
11586.7442 5770 82362.9925 87404.095
12340.3768 3544 22575.035 38943.23
12818.7024 4945 83852.585 14049.2625
11078.9963 4418 40058.5875 75012.6975
12390.615 2846 51298.4325 95438.05
13622.781 5326 25494.3675 33178.725
11006.0251 4415 79817.72 8180.4525
12642.2728 5197 15889.795 39936.38
12794.5039 6434 76620.5875 76820.5825
11543.5053 4756 66232.2175 53145.7
11812.4321 6084 53178.2975 88110.1075
13471.6566 3862 20280.6125 92581.8725
13134.6483 5352 77759.8725 30053.5475
11252.299 3734 31966.3625 3206.535
10036.676 2664 52808.775 26744.53
13124.5087 4868 91958.735 61372.195
9939.9926 6758 65795.71 30121.0075
14829.2806 4965 81902.1875 11624.97
14199.2982 5097 68347.3775 32216.455
12732.7333 4136 95827.4625 71020.4075
10328.1205 5133 8992.12 39752.1425
11285.5859 3583 50417.0675 10760.545
12502.7051 4906 12220.08 1977.505
10243.9697 6670 4727.18 48573.85
11428.426 5576 49214.2 94635.095
10773.5877 5362 32528.225 4300.92
10806.862 4057 73841.705 8256.2625
12421.6327 4774 63466.865 59639.505
11205.4642 6404 3621.495 89.12
11266.6432 6208 75345.48 88702.875
11386.4836 4386 99812.9925 61847.6625
11673.8065 5560 93844.335 24739.8675
12563.3925 6423 13789.78 36218.4425
12950.6059 4585 88318.6525 61190.2325
13432.3947 5523 8572.4425 79333.45
13283.0621 4450 7613.2525 40936.08
10804.449 6083 29358.1975 39671.4775
11686.8078 6751 72478.4 62571.9275
9704.4968 5539 13728.1525 14162.48
11814.4991 5022 9869.1975 40270.725
8717.2098 4920 42496.1275 16791.69
13807.55 4227 99192.065 37749.7825
12093.0534 4196 84314.385 59974.8175
12016.9529 5880 92268.43 62462.2575
13483.0622 4411 49979.55 32290.4175
12365.3776 4404 83862.75 19372.82
11038.4637 4987 30193.0 17962.32
13463.0154 4703 90755.0475 2015.1025
11527.8788 6346 7528.2025 54849.44
10825.7638 5378 84543.63 63993.255
11028.8738 4440 54637.6975 75302.2075
12345.3721 3485 34552.995 77401.875
12267.9706 4458 96973.67 44410.175
11612.9721 4452 13019.405 17475.0325
10234.3335 4957 16342.0175 95648.66
10808.0446 5891 88692.9675 93077.32
13468.4918 5748 57395.5275 63192.4075
13306.5705 4751 41714.78 62610.37
13452.6651 5394 16596.34 10530.7375
12557.8685 4505 62368.5075 95450.135
11260.6834 6196 83299.9575 64544.795
13507.0324 5872 16652.21 7726.685
10834.1244 4160 62991.7225 44243.78
12807.1092 3965 74531.995 36720.9775
13903.0612 5084 29827.9775 91260.1975
10492.1918 5120 9905.92 47200.0425
12717.5816 5103 89295.2275 56316.0875
10831.9918 6092 47044.5675 73184.8725
11969.0269 6682 76605.5325 24691.435
12480.737 4578 13001.045 17360.02
11016.2105 4753 51996.595 66339.08
12961.3001 4789 13357.29 66929.6375
11008.139 4743 40568.3175 84686.45
9669.5424 5049 50300.485 40515.9975
12480.6941 4914 19038.485 96179.2175
10308.4154 3834 65669.9775 53067.2925
14523.1305 4111 19164.7175 64179.2175
12921.9233 5735 45811.825 62822.395
11008.6564 5161 77629.235 58897.08
13524.4297 3613 15571.1325 21622.8175
12457.6251 4107 12688.1875 11020.84
12324.1679 4983 36564.7225 38045.9125
12138.5874 3817 8450.11 22471.1275
10349.4168 4605 4225.175 39099.3125
13154.9528 5788 65726.7875 80545.2975
11857.2763 4618 15208.435 38578.05
13849.1645 5177 52755.045 9852.0225
12562.2897 5484 77398.4425 3712.9975
11480.8935 6242 76589.5025 83064.9325
11069.8467 5205 15160.145 46123.6675
13473.1966 4008 89178.9825 18648.54
10256.9169 5034 90618.88 75441.9725
12324.9951 5380 40453.9875 98459.96
12999.3296 3310 79594.7125 95538.265
11467.1353 5203 38877.6225 32580.425
13655.0914 4626 23893.4225 51121.62
15028.9749 6183 88110.9075 17554.485
12637.6437 4547 74408.995 45583.945
12378.5717 6379 80262.265 75495.4525
10975.4464 6594 96239.7725 620.275
12523.5845 4501 45521.5975 48227.1225
12514.7211 5675 73625.6175 26409.3625
11200.5663 6069 85020.3675 62441.6075
13797.4153 3796 69329.31 15943.32
11724.946 3661 44884.16 43704.1375
11958.8203 4566 42788.795 73832.5425
12174.0813 5980 27942.9125 96147.7475
9826.5118 6407 80001.335 91500.2575
11252.6552 5099 10176.7725 70873.0675
13055.2727 5216 73747.9125 98516.46
14637.5267 4024 31246.8025 14508.93
519 87944.0675 52450.6225
524 37213.06 94604.49
540 95597.8625 64278.22
414 53019.85 2460.26
439 13295.405 3025.0
372 500.7975 47579.95
572 63738.4725 57141.9575
471 95509.4825 25899.875
548 30172.93 94626.005
579 46379.3675 84749.105
665 75970.48 52569.8575
519 16452.1175 28706.035
553 38681.3825 46523.3825
731 62092.99 50443.815
446 85645.3025 682.0575
594 34224.9325 26280.8
515 50444.0225 83783.99
389 10109.805 12828.74
529 39459.2025 54065.055
509 40737.79 19878.75
686 61951.03 6251.5675
488 95432.6325 11464.9
448 57708.2 72726.075
623 67039.55 18307.185
395 81144.4225 52273.055
537 11380.13 7991.035
514 85104.315 6111.695
462 70354.8325 88743.445
404 25729.9825 13408.4325
467 60904.8 37202.2475
423 56376.0875 93110.295
548 99555.9375 84282.2325
423 65441.25 23233.8
539 55150.0625 5088.5925
482 32298.135 58530.535
604 93400.2425 29477.0425
565 83232.765 70299.1375
573 78733.9375 25193.1725
569 98191.8425 18380.955
538 31610.57 8751.4975
511 99494.7475 79894.705
519 6285.445 31574.05
353 62032.185 46970.295
631 54418.98 9056.34
624 11547.175 21082.6425
378 38614.2025 49294.64
551 25203.225 2902.2575
473 6663.9725 6721.345
493 8423.8725 81616.29
484 53456.9125 58458.0875
409 46274.7 35912.7375
360 41376.0475 1913.2575
613 114.655 69759.95
460 80643.875 25088.8875
464 22884.275 37687.5975
621 55687.5425 82544.0925
449 57316.945 40879.0375
449 28696.31 58922.345
277 13376.205 66155.74
496 67811.5625 91439.755
511 40613.0 29481.095
492 79797.1975 57439.0375
553 33216.7525 57292.1
374 3963.8825 97021.2625
369 20414.925 17108.545
491 4259.3575 5736.5025
529 20651.9375 49603.9025
669 18297.445 53698.675
293 20853.655 35256.085
452 69323.4475 96460.245
461 40041.62 5302.2425
571 53156.5475 39783.09
234 44756.055 59006.2925
602 95891.81 41011.1225
495 63746.34 8944.185
530 75300.655 88498.8125
758 85025.5 33005.9525
468 45764.785 12550.715
503 54206.715 67094.0675
567 59617.9025 55278.1
278 6278.37 75053.8025
345 90439.4725 68523.8825
430 30981.8075 41426.19
439 39811.2725 70208.2525
622 1129.89 8679.7
467 42307.65 39404.445
689 41503.9175 68203.97
712 23250.505 83954.6925
543 2900.035 63138.55
417 87295.0225 79569.4225
557 36116.705 2506.7925
571 58071.26 51147.795
342 49582.63 73606.37
545 70213.125 49121.7175
503 94733.07 8662.235
522 2168.9575 52147.1425
554 90687.25 48155.14
565 25884.26 28740.425
502 51056.43 38615.7575
559 19806.695 38515.275
450 49262.3175 99082.96
499 97132.4875 73762.6075
398 81318.13 66517.1
533 97970.655 65906.935
631 36549.09 11578.05
334 71069.865 92740.4475
479 55096.345 5145.805
487 67866.5375 15640.7375
516 27947.5925 78388.5125
447 68791.1375 85361.24
528 95820.9375 92746.7675
594 50656.0425 87726.4275
495 14664.68 79998.8025
455 93410.72 24401.25
583 85740.765 33873.77
434 57514.71 56955.94
456 20933.975 68162.1025
402 1958.115 50445.7725
574 53087.4525 78356.6325
553 25666.7575 71079.1
430 6600.0975 424.875
580 26699.5025 65900.3925
441 92844.215 12957.2975
435 84111.33 14779.8425
446 41338.2675 92694.615
490 7898.8225 24694.4075
496 96797.355 77652.82
588 68153.3225 12926.2325
621 35651.5425 97750.7875
653 8665.9325 71892.555
327 44985.9325 5247.305
378 35751.3975 96248.2875
525 24396.9075 6928.1275
497 3441.455 72941.3
347 10792.6875 81704.7275
629 90915.0525 52082.2275
409 66971.1775 53450.18
427 55051.8525 841.38
319 6738.36 33367.4325
445 40564.7925 2867.2325
568 65242.695 23886.6825
594 67021.34 1680.495
327 87871.2875 8658.5575
285 52130.6325 32931.6025
447 25679.04 77764.4925
403 20001.9775 56587.465
563 33655.8125 78211.5225
436 35702.6775 59882.5975
603 99044.23 62354.275
531 814.59 75745.15
430 13570.035 18449.6275
591 38678.54 76177.5975
543 9631.29 66818.2075
570 19195.9925 66587.53
472 37800.815 95237.37
350 51051.9275 98111.1825
472 71754.995 891.03
541 79858.6075 16351.545
520 44530.8525 62054.215
433 38045.2175 62429.7325
503 25836.0475 63622.8425
589 75770.775 32855.1775
514 9190.605 63580.66
631 5717.6275 78961.91
432 69485.8275 92682.785
619 24379.595 58955.6825
452 17102.455 32175.4875
560 2649.1425 12389.33
470 57493.475 33231.9575
553 3709.0075 81218.125
258 59888.625 40456.2725
402 31219.7375 18593.655
318 36428.1275 65533.66
566 94760.71 6660.68
408 6102.9275 30606.7975
724 21673.9125 55787.7475
521 77146.6875 15261.075
587 91620.4075 15385.89
595 12614.27 88586.8825
610 79493.2525 7789.425
639 75047.7375 57910.6575
498 9529.315 9642.8575
406 62474.07 930.39
329 31181.015 29743.545
283 33531.85 10928.75
557 55247.815 79293.12
563 79497.825 79840.295
507 80299.2975 82519.0125
404 64063.2125 46740.815
530 61774.725 39933.175
295 79146.7175 92364.5425
513 20358.9625 98383.925
540 18937.0025 43497.4275
549 66783.87 9423.5675
467 1367.7675 29516.2675
398 3686.71 99038.34
502 40402.0775 52439.1325
634 19272.985 95069.955
474 90711.755 17418.575
638 7155.16 79085.3625
543 96819.3 96071.665
594 56627.4925 97070.8775
370 4946.4575 7790.6
455 95829.61 58851.29
441 81026.13 2752.65
533 44038.5725 34251.155
552 88336.18 7262.6875
559 98804.2025 39432.3025
647 25001.9475 24682.985
354 65963.325 80475.5675
460 13017.2175 29956.055
414 28408.92 1860.7
527 88462.8925 34510.37
457 20136.53 53254.015
441 57493.7125 90759.1225
495 28041.5775 31200.0625
541 3099.0225 79666.865
362 90727.045 69044.4375
549 24685.485 66192.35
365 62319.675 64035.6125
516 41367.08 77153.33
344 57071.3325 24174.735
592 56583.275 2470.2375
432 87379.7175 33238.005
514 54474.645 85984.905
481 21224.6125 82907.01
561 24812.66 66257.325
433 85595.88 19743.7825
496 60315.1375 281.53
492 75129.025 48004.3975
263 54725.8225 49817.1925
490 76720.2675 84360.685
418 26164.8975 57811.505
591 4204.63 64239.0
597 12504.0225 67559.7
547 26427.575 3257.255
545 55036.945 82455.01
387 34632.085 96838.12
488 24975.12 36290.4275
417 54178.585 63481.3075
309 94107.0575 3755.345
512 48086.8925 33169.0125
627 8848.055 82003.235
567 72847.755 88943.7075
492 78874.9375 58809.7725
449 3292.5525 918.0625
586 20037.2075 87360.025
513 85193.31 9350.4325
595 23455.125 88809.7475
591 65219.165 33567.6875
512 9493.035 68435.7325
644 3799.385 92963.26
351 61363.84 42433.7725
556 41427.75 52211.345
623 16423.76 86708.3425
461 45923.8825 33648.335
529 86686.22 21579.39
440 78612.165 18331.7
415 4453.4425 38825.95
470 23796.4625 42261.675
598 85161.25 86511.1775
508 399.955 13790.21
534 79798.8225 45212.7
570 69042.705 40664.42
541 83418.585 34291.7525
612 85962.655 29636.615
500 73026.6375 48565.6875
401 93669.0275 85763.83
318 48795.7275 35137.94
502 58639.4875 59382.695
536 71953.2325 97370.2975
443 96245.455 11005.125
586 71474.1775 66624.3575
439 28388.4325 87610.27
457 70763.9425 62197.7075
679 68746.0825 83183.725
463 2153.0325 76025.9825
538 65747.4675 53819.04
618 24152.79 19533.3775
489 93036.5325 63679.85
623 99655.3175 68915.68
687 18243.2575 70590.065
528 9665.795 51531.7275
519 44388.585 83447.16
447 43763.7275 38614.4275
516 1852.2175 87309.365
552 14540.495 11798.2975
572 2744.5375 62879.035
424 24023.045 98891.325
426 62181.77 62543.8425
667 47042.515 95766.5875
484 6929.615 78974.0575
495 56218.49 39928.2725
602 32968.015 8204.6725
628 8844.15 1331.2175
446 39992.8725 96540.9225
617 77028.44 21544.69
573 74252.89 58221.1575
719 44080.5425 51990.9275
451 71539.1325 36865.2925
457 67421.88 43872.56
495 53945.1 21369.32
502 85208.5925 73574.4975
596 30124.055 27158.03
423 49197.705 94666.3775
594 62807.18 75992.615
563 56330.2 66636.67
509 39273.1375 15074.87
526 50460.5775 20045.285
522 16014.6725 9683.3075
576 42128.7825 3118.38
483 91092.565 24621.6775
591 56562.9175 1297.865
588 5735.5575 94257.935
444 48369.925 46038.53
360 5492.5925 65920.59
458 13432.145 96191.4925
505 12392.055 12474.915
481 74164.6425 26284.1425
540 12080.0025 53122.385
501 88020.28 31998.7525
544 27802.7425 15031.7125
437 90467.0375 18454.2725
363 10738.575 11259.2875
349 60431.26 59958.18
539 30470.4425 10927.145
485 79749.89 34014.105
415 94689.85 33363.395
590 28466.7875 18992.44
469 92178.4175 47722.6725
587 63554.8975 57452.6975
170 97925.125 19827.9275
414 68547.5625 88275.31
470 78120.08 95184.195
360 53442.525 62630.3875
470 78918.545 11426.225
587 15980.725 52775.6075
575 23630.4575 12458.4125
635 56013.0675 60278.48
405 38668.085 51273.5075
445 92691.655 86900.0375
525 73870.3275 13663.145
426 80779.4275 19491.3925
643 17248.6475 40847.195
469 32066.17 99.5775
497 34511.4675 36760.4925
578 47077.665 15158.505
465 79208.6525 87356.7475
576 42720.1725 81820.2475
617 30616.34 56571.275
447 16705.4375 26198.3175
608 31565.5975 69400.6675
416 3477.2425 18693.0275
548 15059.325 22643.675
526 25064.25 70155.45
420 89463.6675 20492.57
327 88265.72 9928.0175
536 30727.4025 21381.6675
526 99267.4375 72061.5625
577 39887.9575 48863.1175
640 26436.025 40780.4375
501 95740.7125 46747.515
239 21848.1025 46325.195
494 81275.25 84953.0125
429 73582.015 67833.3875
564 36282.8325 31132.44
523 68753.345 60570.1675
472 67557.245 61539.91
519 9647.635 22392.25
404 84905.3475 94736.7775
364 23988.705 8085.3425
577 42612.32 55108.835
523 20943.58 74320.36
366 82225.7525 34176.7525
522 10699.96 68076.615
535 45487.94 77252.5225
561 50966.3125 15626.1
563 60442.1475 95827.94
418 45309.335 76425.85
505 87008.0 97996.9175
360 38380.13 91596.9725
509 43533.4775 37073.805
384 67025.205 60148.0225
462 17134.4825 91331.1575
450 41049.0975 7520.4325
622 30704.68 50338.845
492 24881.4725 66707.3175
493 99041.1275 55217.2625
254 30054.19 89198.145
415 25836.2925 70127.68
651 23332.9575 14896.79
513 82401.435 26110.37
550 46681.15 33756.805
558 91690.7775 85791.97
388 42066.3975 99922.625
492 10294.825 44627.665
393 40220.4775 80275.9975
678 86064.435 74427.495
275 68963.1375 50466.12
580 15752.395 42456.445
593 22293.5925 1245.66
509 35336.245 71434.995
275 17951.5125 40551.5325
495 7103.0875 89779.05
566 40270.675 49024.5325
605 93625.185 81908.41
556 7566.545 59561.2475
461 82627.6825 97166.9425
693 69262.5825 25796.635
567 73994.76 18369.64
476 67929.175 42289.7625
535 84828.88 93872.3775
511 56348.26 8529.7875
595 43301.705 31962.625
631 48358.1 43974.4575
426 26418.8975 34753.0575
343 9186.1625 12623.17
536 47089.1225 95910.505
744 44158.865 55024.0725
685 13454.2 45930.4825
435 58151.91 79207.7625
637 35574.2725 71246.3025
603 7882.765 11127.1475
406 94518.6025 26674.275
394 41683.5675 97408.745
471 52316.0925 62584.2325
619 45744.8625 16036.2625
551 73684.0875 96641.25
583 7982.2725 70755.4175
526 65291.2875 42542.48
553 60890.2175 64510.36
407 97550.235 19136.0325
588 91808.9225 54231.04
410 98027.3925 89400.42
415 61006.57 88173.175
577 35438.465 40118.5975
585 24721.02 72516.915
523 67396.79 74396.3975
642 27382.4975 95130.57
347 51771.195 65547.73
396 73897.225 46450.3775
714 96574.7 3812.7875
553 34713.425 95820.5275
560 28604.5275 56360.405
409 52561.7975 61418.13
382 84098.1825 40664.095
320 98462.5275 6476.9025
332 30011.1625 46516.6475
584 29359.755 49843.435
183 70966.975 6206.9375
331 40527.7475 0.0
506 55871.04 90423.515
453 79308.1225 41461.0675
446 2915.6625 7808.815
536 57971.0225 73202.755
415 33872.62 33626.2675
579 21649.515 29465.6925
484 68082.74 76613.5075
548 74098.8975 25161.4725
418 12662.2025 91236.965
517 98340.635 7686.9275
525 15241.47 80694.675
543 84052.9075 47918.33
400 19705.005 71261.9475
606 92175.7825 61092.5925
462 63442.95 80890.1775
480 74625.2775 17672.625
522 54241.93 67629.515
485 79353.095 62395.545
603 90547.965 7673.835
521 91553.1425 5279.8625
566 7222.7975 14589.0875
464 7849.5575 58964.77
635 2230.21 99067.5875
499 37757.3225 16636.34
471 75968.1875 35764.125
515 17417.985 51446.045
580 23554.23 46249.415
590 75035.5625 14310.6375
352 34728.52 42522.1275
465 90272.96 47978.59
424 74687.32 64298.3375
638 53508.36 17541.295
560 98644.0525 88120.6375
562 82230.9825 28023.425
563 47573.62 92198.4975
494 32993.0525 481.9725
464 87469.7275 93813.39
514 57171.2325 93189.69
425 11212.115 56614.15
509 50296.7425 93955.3725
360 83228.485 91738.09
446 1695.8075 19868.7275
483 57388.3825 55537.36
537 94387.45 49234.15
581 56264.945 31021.3925
616 30210.49 21253.5925
575 36637.16 59983.5425
484 32856.875 59542.1675
491 1336.5675 37336.1625
593 94564.9 65511.8675
296 71527.79 48457.0825
438 41361.635 20504.325
371 90198.57 91203.375
424 74477.7375 44650.855
609 63250.4525 69094.315
566 32997.1125 69695.565
598 99209.1775 60884.895
431 39621.0625 90999.97
607 99558.085 10286.785
493 83131.53 65203.8625
559 98200.205 87669.78
134 437.175 90037.8375
507 81356.5525 84330.99
558 4573.8625 87261.3225
648 79597.395 2285.1275
467 73731.8925 16748.0325
591 10826.47 74785.63
580 54354.01 41636.0
528 80175.245 6725.0825
572 20600.9575 88005.18
524 21353.3 69307.285
409 28578.5575 2096.24
407 74022.18 12228.8225
620 57565.95 6727.015
653 82066.2625 46752.8125
412 98709.0 2410.1
722 10586.375 79794.5675
358 92856.21 81562.4025
599 6316.4175 8057.88
407 26099.5225 27865.0
515 99891.6125 65015.7375
402 9939.9175 45127.08
403 31870.665 58253.34
380 98277.22 89413.24
482 5753.9125 11164.7125
484 49525.01 68533.9875
426 86450.6625 44389.255
569 9137.0325 85559.3975
515 70677.655 45800.915
579 93157.43 94220.025
576 4143.9925 83080.565
293 45920.745 22485.8575
581 74605.38 78052.88
652 14029.5575 22996.4525
473 63325.835 80382.17
541 35002.6525 41354.2775
632 25290.305 79830.19
477 93332.0125 25238.09
465 66659.45 655.4125
660 61640.3 9051.2
554 17045.4125 70088.4675
424 53154.935 60825.2775
509 37963.6175 45188.3475
481 66576.6625 14546.28
458 73748.6025 83202.4475
653 5535.4625 64294.155
511 79740.275 53764.1575
486 51196.8025 18134.38
404 7537.455 15306.8325
496 55859.34 74275.065
506 31806.885 22839.225
395 41298.4575 87663.32
489 71378.47 48458.605
605 64998.2225 84315.3825
468 96378.75 38246.9675
490 34588.2125 93318.8825
397 95169.985 70570.4625
295 38049.7725 77459.37
639 44118.2425 57144.6025
617 23809.4025 30882.0425
454 48005.945 8112.4625
434 83146.09 27765.57
340 24379.19 77013.875
546 53801.29 51051.8225
486 23334.445 62214.63
446 39562.4325 78984.5575
528 78225.49 1061.1625
384 84315.895 10378.365
534 22732.1075 70996.1025
499 64201.6625 15060.9575
629 18497.72 20177.125
502 27137.0775 18566.6075
530 6590.47 63520.82
639 59952.4825 93026.265
542 84273.3825 65633.38
626 71042.2975 96263.8475
593 90918.8375 71380.2425
620 68773.4275 42872.425
428 4587.7375 56251.7525
473 94822.2525 30358.35
659 19467.505 69751.47
397 89810.9575 13473.015
483 83701.725 85705.02
458 3381.005 36666.4125
450 75126.295 1746.8025
632 32030.2175 79106.975
248 84825.3625 33586.005
549 42392.775 62779.455
564 14381.0275 17963.82
622 77936.1025 20037.285
438 26654.275 5151.7225
619 14837.4625 68930.8575
409 52601.2825 76556.8225
420 34450.5175 4081.805
436 35948.9175 26038.075
551 29941.6475 34037.12
703 47746.56 5181.39
422 14859.9575 72143.595
574 98346.6725 9633.0825
489 41216.9075 24767.8625
348 11441.9575 22693.065
485 42275.005 36454.755
445 42018.68 29384.885
651 74015.5075 18725.585
549 35820.6575 52044.5025
474 98562.7575 67614.425
473 99803.8375 44721.745
441 96216.7825 76049.1475
545 97821.36 74490.405
603 3152.24 22143.945
591 65117.81 19174.7975
386 83829.435 36746.21
533 69482.685 55576.595
461 3221.4675 47762.375
532 36048.3325 94383.4675
540 2684.4825 54488.6325
531 81725.3325 4557.7675
356 1497.9825 79806.2975
531 72956.6675 76530.89
412 26807.31 62756.2375
360 68444.36 18369.9875
492 28452.325 61227.0075
498 22762.075 69721.73
469 5389.3725 97429.96
655 42161.9125 99741.1125
446 34014.795 22594.9275
463 74976.495 8076.285
456 79398.8125 32947.865
671 87363.965 21031.2
480 95920.45 16618.68
446 63271.705 21937.295
529 77993.77 67655.9675
661 32698.26 16298.355
361 67072.275 19979.84
364 75112.49 94930.1375
450 92672.065 72856.4925
477 11486.2175 35083.555
587 23287.005 29806.0325
629 7721.065 31062.7175
714 83378.1975 22318.455
539 15927.175 37684.22
306 31902.1425 16186.995
337 48340.8925 9190.6525
465 57735.745 17042.24
507 15277.395 72204.49
634 50331.0275 40407.5075
447 93903.87 13833.6825
507 42631.97 75083.105
560 63528.82 90780.705
525 63736.9175 82446.4675
325 14948.9825 33735.8275
603 43707.8925 41793.43
462 80528.145 53099.325
464 25788.7575 47942.66
609 21146.885 65000.91
747 3977.3725 64989.715
414 87277.07 24577.77
328 39535.2425 46567.2225
578 84440.0825 7893.945
548 8986.27 14501.42
395 83464.98 9190.5025
479 91128.155 44601.095
613 45288.91 35701.915
357 86806.9625 36708.045
510 24327.09 15075.1775
476 12641.875 96133.3375
503 8113.3875 61968.08
455 37350.835 45919.37
578 23987.385 25023.4175
377 58929.5425 11794.21
416 63963.54 4335.5025
613 39280.9425 14688.975
604 70101.68 62146.965
644 94544.295 8073.855
628 13582.1425 87865.3575
582 90590.345 3374.56
498 60147.795 50133.435
451 39590.9575 40016.6075
363 98546.66 41846.11
404 15318.7875 45297.1075
556 12631.995 74559.8925
395 5755.185 2865.69
435 2959.5475 15887.015
394 16322.8475 46866.3925
427 57448.7775 37992.0325
463 96504.48 12372.685
446 81133.0275 54251.5375
352 13961.8625 18456.3175
429 47277.08 1305.92
531 23299.18 75423.9675
411 18580.9975 19826.175
511 58227.095 10891.905
623 24752.765 65753.4925
536 20325.31 86588.1225
450 18445.3625 65069.3875
362 54599.565 46132.37
654 27608.7725 85680.89
496 33223.885 13459.685
476 29790.6175 48099.9125
415 143.0525 70106.5775
515 29261.4025 6694.2925
501 45071.6075 62186.32
511 24465.345 14780.295
538 1810.1775 67301.905
428 16279.1125 27492.7575
674 47014.9375 10251.8025
535 64204.805 21920.3525
406 20216.5575 27998.61
456 78206.1275 21617.71
508 25237.415 11550.8775
515 87801.8575 76088.865
611 76681.255 30156.9175
555 66858.2625 84694.45
735 68835.02 55145.3225
383 73119.6025 91403.7325
480 526.41 75639.245
620 87843.34 34618.3125
583 60375.89 68662.1975
536 56965.6575 38594.8975
444 25741.0025 39271.9725
676 92754.0175 9669.76
719 8475.6875 6956.4425
503 16917.485 77828.175
464 32239.6125 37.76
464 68861.64 72031.3725
579 26422.155 7604.9575
324 71382.385 7769.8275
274 71772.8975 42712.9875
521 13133.5425 75025.69
401 70032.625 2517.0025
469 97712.4975 14825.835
576 69757.04 8681.395
398 17707.59 7138.295
529 68721.365 44247.5575
528 95979.8825 92957.46
462 94072.22 28767.6825
585 43165.7175 47866.0425
420 12481.4725 56610.0425
409 25071.1175 90972.8375
478 37015.4575 86946.51
468 59789.6275 51554.5175
639 30440.725 69151.6
443 52068.865 79886.3125
425 31776.5325 27386.74
354 16609.6175 5953.735
572 76142.745 18965.645
680 17522.385 21852.26
513 1437.905 11184.2675
553 31107.1525 42399.44
481 93083.1525 98124.56
470 88161.0175 14125.105
626 64181.0325 59563.0375
466 63290.2875 80101.73
591 1815.1675 37197.7675
466 37081.7025 79561.385
619 23056.1375 32307.025
467 86382.845 43866.4225
597 63659.0075 72543.8825
434 94563.2975 12345.5175
665 12373.2 26001.335
218 56646.645 30022.7825
448 44541.4175 29962.49
564 33413.2675 28867.2075
486 69358.04 26668.0225
619 27212.1875 9426.8675
402 72791.2125 41047.205
662 34441.2275 69362.1125
540 24578.315 62284.3525
459 55815.73 6341.9375
704 48575.975 92301.8525
304 1301.32 45323.0125
558 15033.53 12410.5425
389 60831.5375 36039.2125
681 12831.045 94132.05
613 47283.685 54360.5675
534 3772.86 49373.85
388 99708.545 50720.9525
608 49085.6 79093.7775
599 42921.22 90240.7975
377 94737.4875 33181.82
620 72487.535 26361.6975
485 32515.585 14902.895
485 97889.43 78508.6025
465 16289.1925 44354.71
489 83750.1275 95673.8675
656 75672.855 16386.3025
291 33314.05 4706.845
587 52212.755 38133.14
664 67714.62 28168.925
