200 400
11793.3188 4822 54153.9175 38284.8375
10536.8263 6261 44878.355 55102.6075
12003.6993 5056 68298.255 6143.41
13403.1225 4823 55512.155 2866.75
12773.3779 5890 39284.0775 59349.705
14874.9864 5447 36959.0225 78680.0
13392.2627 3558 1532.63 63451.575
11990.9476 5656 72471.4 20951.775
11237.4514 4717 25689.6725 47479.755
12360.2586 4799 32725.4075 61819.2425
13792.3267 4723 70078.81 35956.0525
12396.086 5517 79055.0925 80042.535
12215.0969 5505 23011.4 28761.045
10623.8493 3561 21209.5725 7343.7075
10977.3049 4836 19769.45 84016.7025
11149.9097 4608 22473.4525 24499.2525
11323.567 4761 58999.1225 65059.1575
11292.6434 6118 24339.815 6366.1425
11726.4928 4325 63794.6975 20056.8225
11588.4876 4823 69932.7825 21497.2675
10586.1397 5305 17632.2575 66844.43
12963.7796 5144 89066.595 13389.8025
13169.5163 3752 55028.085 39700.555
10236.4229 5359 77505.86 34373.9175
12217.4797 4528 51811.225 67403.6475
12098.9623 5465 29639.935 5607.6275
10518.4827 4919 97412.2375 76044.3975
11120.3422 3406 1328.865 32798.745
12624.6075 3973 1675.005 65181.0225
10911.6404 4943 45842.0125 23732.16
9910.1401 4718 67212.3325 78088.3725
12262.6871 5052 4513.06 719.0475
14740.2916 3719 96157.74 94261.46
11838.2394 4111 60722.4075 14746.38
13219.1298 4524 9875.55 79791.34
11777.0528 5041 51995.2625 26780.7275
11053.4564 3002 13508.0475 4765.54
13916.0677 4508 17263.9425 39968.865
12577.6815 4733 25186.7125 52458.4375
12986.063 5471 12230.2925 15536.0425
14330.6367 5565 40581.7075 3966.2
11589.958 5144 60210.755 81713.875
14296.1956 4538 16449.7975 16193.405
11379.0537 5520 9770.61 56433.015
13627.0178 5224 64427.9025 60893.9825
10992.2455 3749 56068.385 39958.115
11943.6855 4310 23320.105 28507.745
12644.7011 4302 18417.8375 43624.105
13531.7449 4420 60828.97 37.1875
9633.9769 6096 58313.535 30641.72
13091.9629 6195 38030.0975 61123.2375
11724.2143 5204 4289.915 85469.45
12110.6095 5345 25569.89 30845.3925
11401.9077 4864 7726.38 7120.75
11651.1966 5410 43435.9525 92221.5
12660.5542 4963 99044.0175 95031.6325
11070.642 4126 56257.565 62315.8575
11792.5116 6000 79608.2675 7706.4675
9697.0021 4136 40632.69 66706.595
12679.1482 4887 74206.73 17695.75
12637.3124 5728 40998.3725 22747.445
15533.901 3956 39759.01 70195.97
11447.0791 5087 48829.97 60173.0225
12099.992 4482 21052.03 85437.745
13163.4867 4572 35317.1725 8977.615
13628.3997 6129 72283.5125 86279.6425
11973.4802 4188 45153.615 39891.04
14083.38 6223 67265.9775 15129.835
11821.3785 5433 65495.905 53625.345
11712.1947 4677 99269.2325 47133.6975
11642.8568 5129 72269.845 1997.3475
13489.0542 4398 9530.195 24891.9225
13109.4559 4335 30198.9125 3511.9775
11044.9269 4693 93748.71 46941.8
11100.3867 3342 81513.195 32738.2475
11722.5066 5537 18731.46 99692.505
11027.4198 4963 44760.7725 28213.77
13488.686 5679 86546.0475 32079.13
13236.4404 4968 91644.29 48923.72
11628.1346 4701 82238.795 43793.445
12457.3842 6056 98534.5475 78812.345
11185.0848 3253 57797.5025 81178.545
13565.5009 4756 75694.3875 88417.0225
10838.4134 5003 94394.855 15285.4425
12164.5681 5748 48295.535 45489.8425
13128.8241 5386 28948.655 10280.2675
11518.1143 5066 8647.9075 55866.2575
11195.4076 3948 98793.225 53821.555
14861.1657 5583 23269.115 0.0
12464.6818 5287 56171.4075 69567.2775
11535.9012 4805 88690.5125 90061.9625
12369.6046 5517 80400.965 67477.445
11218.6865 5643 54565.3875 98862.32
13505.3206 4703 15438.9775 75944.0725
11084.1089 4347 15891.34 85191.2
12110.205 6717 58841.61 50912.53
13005.5597 5322 12913.455 67202.58
14270.1317 4191 69959.905 32905.7525
13226.0501 5680 77491.6925 82474.71
11751.8046 5370 8076.705 18220.5125
10715.1181 6957 2000.895 51144.2425
10014.1386 4258 88095.0525 63374.7025
12158.4016 4106 47836.265 93442.67
14408.1888 5744 5586.27 14043.6925
11553.1875 5118 83244.5275 60261.365
11540.8792 3791 40091.5175 55293.295
10261.3709 4516 90132.0825 65270.94
10047.6186 6117 14383.72 71387.2075
12426.9645 5020 85482.415 94049.53
11563.1007 5787 83300.88 83197.195
11320.889 4178 66019.325 93870.9025
11281.9896 5465 87918.56 57199.3975
13050.6584 3376 75476.095 99110.835
10770.0897 4518 13123.8825 57398.6625
10339.6155 5108 63857.8075 97907.3775
10285.6315 6307 47063.8475 74272.445
12514.5561 4564 41682.4275 10203.0625
12411.8949 4964 79296.5825 71410.5575
11042.2531 4394 21257.275 24970.0225
12502.91 4731 16210.725 74007.97
11587.9693 5339 56267.275 10952.4325
13290.1067 6087 48099.44 21688.2575
14756.7299 3864 64751.025 79932.7
11447.0177 2815 75846.89 28989.03
12112.5937 4119 49128.2125 38739.7625
14847.3003 4372 94419.155 55055.8225
10333.2674 5715 7916.68 16340.19
12147.0881 4843 90173.0425 78520.6075
11838.5874 4020 66768.8275 81319.555
10629.6685 5075 26040.83 37760.755
9976.5841 6229 64522.0175 39798.63
10762.1261 5334 64827.6025 32081.8
12645.6433 5556 95373.2525 29514.6675
14079.3962 5610 90491.6425 86484.155
11586.7173 5575 75055.2175 73709.68
12399.2869 4898 87468.8325 31535.63
12939.9254 5453 40931.7925 40870.6425
12112.5827 5331 4293.495 69968.64
12577.5096 4828 78434.78 77055.6825
12790.7425 4950 69079.71 21757.4775
13943.8836 4213 26110.985 90593.5375
10875.107 3424 53083.1225 7391.4325
12794.9839 5680 35151.5275 93847.4975
9980.8513 5686 89700.375 97984.32
12935.3953 5597 67397.9325 40550.015
10629.0265 5459 96646.91 89864.43
13584.8402 5779 60090.5175 69272.6625
11240.7521 5835 121.13 92863.8975
10544.0488 5126 45311.81 53785.4125
10360.6736 3701 94895.5575 6353.895
12349.5295 5403 38957.2925 82607.0
13265.4679 5073 56415.9125 87846.1525
12208.8605 4965 14518.205 60195.2725
11790.1683 4251 94910.76 30725.7675
13093.9133 4620 91984.47 99648.1675
12971.7671 4871 65600.5825 32793.785
12051.6788 4155 80623.09 9038.135
11949.5518 5119 67035.9425 25068.425
13024.7268 6316 62730.23 2230.2675
13186.4078 4643 38210.7225 15108.1725
11563.4898 6609 72627.61 83583.8175
12432.5573 5857 47342.525 47691.0875
12928.4184 4743 29411.7525 93175.0
13387.9239 3813 26222.91 88907.0575
12248.6631 5248 19597.2225 55394.7425
8721.3368 5083 96861.4025 14189.1775
10952.354 5209 93508.86 9388.5025
14649.8089 3813 12749.125 24280.86
12077.8658 5675 41152.9475 41372.9275
10928.2469 5190 60401.72 37880.035
12164.0289 5233 4053.53 52860.675
8442.6337 5431 36995.75 79668.5175
10855.5377 4512 7928.7275 33686.995
11907.9776 4962 71636.935 20501.1975
12161.1702 4614 54909.9825 64689.86
12884.3998 5907 27100.4025 31109.49
11540.8399 4999 95772.14 2616.165
9574.1112 3807 82413.91 10764.1275
12850.778 6390 38437.92 20050.9975
12148.7034 4628 29310.0225 3315.84
11266.0824 5087 82353.925 42890.015
10019.9926 5633 51490.6625 11141.4825
11583.8832 5036 17622.2 10086.545
10920.6107 5429 93457.87 93000.2275
12180.7185 5885 68677.225 61810.885
12315.2339 6352 87006.6125 59942.845
12980.4534 4998 44373.0825 12470.565
11923.5424 5199 89247.5275 12778.91
11809.5272 4475 4987.255 89435.5575
10917.1953 5843 38408.5 96667.155
11522.0155 5986 39723.2275 24234.7175
12240.0089 4882 77005.7325 43746.59
12802.5129 5312 66619.8825 88076.5725
10191.572 5557 73382.3075 11305.87
12913.129 5845 46210.2975 23979.1
12512.5403 4869 48197.8675 35608.565
11915.8557 4664 96145.12 23117.6675
12040.21 5435 28675.4925 45914.2125
10537.5347 4743 57374.59 45759.4925
11250.4285 5825 70128.39 40884.7375
1324 25122.2325 93958.585
827 31587.5975 27442.68
834 57388.5675 37838.1975
1113 10292.08 11774.5275
1192 52405.9575 84831.2625
1141 7858.7175 2206.695
988 32178.0875 4130.195
933 41401.0375 87069.9525
1266 16533.1175 32159.4025
1024 91832.04 99715.875
1233 18614.17 80736.6625
1149 39686.765 36122.635
1051 75977.0875 89967.225
699 36091.2175 34379.6825
977 78722.315 21555.7825
1114 48742.92 87261.6325
956 74679.4125 64407.3875
1082 96739.155 41596.935
979 92574.185 68642.0925
1032 71648.7225 79630.685
1010 45386.0325 28479.3925
944 66167.99 20223.215
1338 60304.9175 29268.655
1192 77148.475 9654.0575
961 24424.125 76174.0975
953 60099.3425 59100.4625
1170 85443.8125 95475.21
1050 71968.875 71611.525
1151 761.19 33868.8825
881 10796.1525 61338.295
911 26045.5725 47716.855
834 887.8625 62661.4675
1079 14310.0475 96419.8125
982 22906.3625 16579.015
604 61608.215 29778.61
836 28487.86 64988.8675
613 99062.84 61627.4625
969 70197.6325 66589.12
1079 4713.0 8196.6175
1160 54073.3625 80011.145
983 70899.105 94202.0125
1048 15302.6175 54513.0325
1203 76426.51 63779.0175
761 69140.5175 90710.5575
1216 98466.5425 94440.165
884 6262.4625 57381.61
704 30770.7225 14740.1475
994 47201.3775 51943.565
1258 24622.2525 49359.22
973 79977.625 20838.235
682 26986.9375 31489.03
852 17862.6475 1768.3925
1022 24988.6575 58420.915
1500 57067.8075 58934.8075
1197 80409.5375 82226.445
959 96271.105 79484.7725
954 67575.4175 78370.67
929 63428.025 5218.065
1057 53992.54 57966.53
729 53535.9325 92944.1325
1038 18693.5075 32800.51
1035 13816.545 58190.8675
1201 88160.045 98399.865
1020 10082.785 36521.3275
1279 17231.3925 95605.89
1077 24756.18 4710.08
894 70950.6325 78923.9525
1006 78592.3275 4207.6575
1028 38299.69 60106.95
1309 14651.835 47598.755
967 48259.965 76316.5725
1049 73565.78 42124.345
843 45877.2625 70057.3525
599 59641.8075 25392.8
1043 84098.26 86649.1825
808 76932.5975 79525.73
1215 89409.445 72150.275
1312 19700.7175 28756.55
677 95174.9 5480.685
1047 28287.405 52071.15
468 21864.8225 79866.42
1095 59894.3475 98786.945
1121 56059.58 31507.7375
1068 241.3825 40756.1475
1058 1428.295 91647.1675
800 98117.115 46755.3675
850 39624.4075 31780.3625
757 90309.865 67384.1
815 86411.0 10507.495
1002 24649.44 65436.8775
1019 76658.795 7487.34
986 96195.5175 49913.75
976 25685.5575 19335.825
1176 46250.145 68664.1325
1332 16071.3275 61005.8075
1288 88115.48 78305.515
1171 53595.7475 90940.095
1257 75026.4475 5981.2325
1056 43049.0625 81368.665
739 36283.8875 78102.2575
957 93284.7525 61583.9275
1022 64325.8075 90388.8825
792 17060.3 6280.175
1075 3302.445 71136.5975
1090 793.91 41098.5425
1188 46321.005 8452.535
810 46749.5825 29027.4375
891 954.17 36457.5925
794 55555.12 68246.5975
1215 63353.1425 95415.8575
926 62398.845 73456.75
1384 62720.245 1720.745
1055 58503.4425 4602.3525
1007 59717.6375 6005.345
1095 32336.435 68123.255
674 76351.2475 30485.3925
670 94415.26 45692.67
1040 65057.1525 61602.9375
827 61112.765 24776.5325
991 98783.9975 87431.2375
1172 69635.2725 3079.93
1060 97937.825 37547.1775
1073 24096.82 41762.84
1028 10217.795 22198.5775
1072 77674.495 25731.03
875 78688.035 41365.205
940 49296.6575 16912.8775
1253 23686.1025 2093.315
1063 99148.2725 12981.6325
877 32979.2425 72.6775
680 35535.9 51193.8675
1021 73915.6975 31824.8675
835 1842.1825 32775.675
1154 57108.63 10797.7775
892 68743.165 95815.79
1237 84498.68 32074.3375
888 39076.2875 37825.94
777 16556.295 68590.2825
806 54781.7925 5057.0625
1046 13555.6325 23074.185
1043 52840.8825 49452.4875
1032 29375.9775 55086.655
865 71964.0425 67213.5475
769 75302.2125 98686.6275
632 5194.3525 72110.295
719 51673.58 89337.635
1072 47912.7375 55477.9425
1344 34961.4825 32522.2475
1120 45294.7975 98544.465
767 12065.24 2966.88
1123 67982.855 77059.31
973 46622.8175 21002.3825
1142 73246.395 37465.015
990 73693.5775 35630.25
1114 19410.775 60219.39
923 33366.0025 23880.815
1091 46946.485 97138.485
713 85177.455 72326.5275
1076 11008.28 65607.28
863 72733.895 5677.0025
1073 42593.1275 75810.7
1040 36504.89 4455.6925
1032 51771.2275 87822.92
1035 12959.9175 50143.7675
907 21668.385 35188.395
1195 17862.5425 39323.5625
1232 8366.9575 26234.6125
985 5858.7275 71783.77
1504 85521.6325 76076.67
755 8170.075 54474.48
830 31362.1325 97747.2575
680 88657.145 89676.9475
1086 4435.8175 95381.2275
975 37482.6225 58074.225
1052 45339.57 68126.4325
941 54735.4725 58744.9225
912 70384.7925 63766.3675
824 9873.5725 81043.175
709 25957.65 40421.08
756 81127.325 15281.9925
717 93522.1425 33205.9075
979 96837.6175 86623.39
912 50695.835 69935.9
1013 2656.5675 33057.82
1138 38398.525 27742.2675
808 75150.9425 6596.3725
1149 54760.9825 93415.1075
952 3525.38 54446.8225
574 40317.9225 51094.3125
1139 39701.725 77387.2225
1223 6322.3525 68594.37
889 42009.18 70369.7825
1003 21753.7125 11684.6575
1100 25186.705 98811.5575
862 82154.365 89047.9425
1439 10983.9475 94626.24
921 25049.515 19188.3625
1007 86108.865 59037.68
590 8281.7625 13378.8475
953 74135.7425 22457.0925
682 78019.27 35468.09
533 78861.5025 78491.3275
1010 50473.7625 37657.3025
958 33137.9475 83181.0
1272 66274.24 71059.0175
1026 47002.1575 82296.8425
785 23744.8275 73922.53
952 24189.34 77926.985
1062 8315.0825 26417.0075
1466 6540.6925 77089.1625
908 53479.4925 22439.8675
1346 90529.1 5806.9075
777 62328.62 49168.2
749 40782.525 74138.75
914 63429.0225 99505.5775
891 9928.49 88620.825
1010 86626.0675 89750.7325
1094 74531.995 84333.665
921 66274.7575 20967.3575
690 63672.1675 9863.72
813 97309.97 16396.8675
880 96504.085 37859.565
1132 10920.1925 59824.2725
861 38329.2725 77545.9325
908 28726.1875 51034.7025
1023 5712.8525 31747.4725
803 35196.5525 67253.295
1097 23987.9475 99161.4
831 18737.815 64392.86
1360 83319.8375 82324.165
1491 76937.9775 2461.77
967 79793.05 14653.5825
1236 8665.2775 48254.4
1040 915.8225 74526.945
824 15542.0825 37171.4775
773 1175.28 52128.6225
798 61524.475 75844.14
1022 12237.825 43595.71
829 46760.8925 82331.115
788 6830.1375 55721.02
1210 43850.3825 25089.26
840 14029.425 11425.8025
653 38923.5875 99262.585
850 1055.965 72512.1925
1020 40356.385 24349.6225
996 1594.1225 32235.2425
1292 47462.7425 97958.6275
1115 38961.74 50891.6825
780 91913.26 35938.6875
1050 62301.14 48524.5675
943 11585.1825 60411.2575
681 67982.685 7733.8675
1069 57505.95 92472.3525
915 47676.775 84304.84
896 79043.125 2563.4225
824 52093.255 59397.73
848 17814.8725 58885.12
768 50498.65 50109.7175
873 30612.0325 39974.1775
656 42372.235 59842.61
1083 58670.6075 53873.0875
662 34357.7 25086.46
1246 19452.6825 60141.665
1021 44236.885 64151.525
1057 82515.135 44932.8775
1116 79391.35 89494.7725
1039 67781.255 64705.0625
1025 17631.5425 76200.095
848 29705.6775 89480.79
1093 39877.02 25043.19
708 70326.17 92840.4725
1031 76707.9475 38975.385
1029 82044.9325 24740.5625
1151 6384.765 47320.4525
1036 89109.09 66922.5125
1034 17762.16 95076.1275
972 85298.6825 25409.455
1033 18730.81 58638.0625
842 57036.1525 30257.165
864 31040.7225 35775.51
773 75733.1825 32964.4125
844 9049.615 80543.12
955 64674.6575 75011.2475
772 88810.09 42328.465
557 76779.0175 9878.9675
1302 96582.035 14449.2425
1080 33857.3075 94536.8625
1113 86660.45 95606.38
1164 97403.9275 65730.0275
1211 66232.255 18926.4925
1100 93327.04 21354.87
715 53080.055 8802.07
998 84432.0475 16429.2475
880 93463.6925 68571.6075
1289 91700.275 49680.7275
807 74286.49 66980.115
793 53807.8425 24927.7275
1241 6446.25 37540.01
1078 97593.515 32643.1775
1174 38444.7325 22051.62
1254 77636.1725 27746.25
1071 87615.905 4557.3975
1295 50309.8175 34247.8775
1158 20765.085 76297.1175
1069 28020.0525 6749.035
881 5017.1975 66145.2325
759 58274.2425 59304.85
1320 16392.085 69468.9125
702 18565.8275 82902.9
1127 13726.7475 1894.495
900 84246.4925 26893.5525
1122 25747.5125 73701.665
850 79301.315 78553.265
883 24985.5775 94468.7625
958 47081.3425 60799.3675
1333 18248.7075 47596.795
984 78359.4175 49931.075
839 35380.105 76838.055
1144 98531.98 67939.955
796 66896.0925 83898.08
887 38147.5925 3763.8625
1215 8913.9125 3153.075
1021 79213.8975 56547.6525
713 80975.565 9365.06
1119 51893.46 84252.695
1325 69151.135 92526.1225
883 84143.92 3273.2425
783 25874.1075 22628.6375
608 98289.88 18735.3075
783 87071.8375 67203.8575
1132 10097.185 4249.1825
850 17854.335 36595.4725
987 10370.115 19439.8
1000 26047.8 16091.615
753 8250.075 22332.535
1005 96634.8725 65415.6625
1103 41101.9025 34311.955
1169 16740.8 49214.5025
1477 53171.365 56091.7975
1030 2001.82 13289.91
1007 14206.065 29025.1525
1358 11447.175 58097.815
819 1379.0 87360.0725
1210 78954.5125 13281.4325
1134 56919.7375 3202.29
703 97055.3525 88031.6125
1252 81907.48 86191.0575
1305 94123.775 19575.0525
915 18118.545 77585.87
802 67365.225 3726.56
824 78122.46 87793.975
1238 65151.505 40114.1875
852 64913.2675 38009.75
844 1712.0175 84104.75
1056 44272.845 63088.645
1191 16524.085 95418.78
863 51519.0 24065.6325
863 48361.11 96371.97
606 83726.935 18708.485
929 89339.0525 45178.37
1582 53784.3275 40496.7375
1173 77271.3575 58168.5125
1158 93933.505 80707.2775
1281 98835.4275 83094.935
763 34724.91 49328.6425
809 47266.785 39263.205
923 87059.26 38468.72
1002 27549.4725 87706.135
772 57420.8825 90567.6075
1250 99187.89 59856.3825
1079 96967.6175 87778.715
933 12479.6825 6154.235
682 44504.55 27038.575
1163 66067.335 8562.145
1018 97141.08 42084.84
1142 63012.965 85071.9275
996 67855.77 71933.925
1210 32072.175 60717.955
991 92321.385 96339.4375
879 21554.5325 92148.52
1033 70107.485 90636.555
993 68345.715 91147.9525
896 81139.9125 33717.1275
1068 4530.93 11101.9075
1040 66402.0325 31667.9675
777 33265.735 59571.795
750 44376.045 71474.2075
1234 46667.855 44949.59
851 22828.0725 30138.34
940 21495.0925 94188.665
691 658.5575 95411.66
742 53447.4875 48771.51
829 61570.505 38824.295
744 83794.0475 27969.34
866 24844.6375 74400.7425
1256 35564.41 62671.2075
928 90218.6325 11749.9725
1159 71050.34 57142.2825
1015 40974.6175 96801.6375
960 85730.12 40895.9
