25 50 
7500 58268 430582.903998 430582.903998 
7500 58268 441967.566511 447095.077733 
7500 58268 432905.871800 444706.599336 
7500 58268 427142.671483 433986.863525 
7500 58268 428333.083285 439147.783561 
7500 58268 430307.998493 442044.334989 
7500 58268 434319.760208 348947.990899 
7500 58268 437312.884269 236298.791087 
7500 58268 429898.891150 440158.789247 
7500 58268 468580.203206 309704.537261 
0 58268 427330.722028 438586.802905 
7500 58268 424118.342226 407682.076185 
7500 58268 384802.033706 14516.509560 
7500 58268 426329.771259 418931.439518 
7500 58268 481984.149045 368646.428732 
7500 58268 432098.903302 394292.526943 
7500 58268 438572.694477 450113.198552 
7500 58268 436874.502971 448932.035513 
7500 58268 431558.339438 444153.081356 
7500 58268 425944.670705 428053.302347 
7500 58268 427630.945127 408740.437421 
7500 58268 394480.895391 110170.066274 
7500 58268 384295.454825 0.000000 
7500 58268 388328.901804 13931.450473 
7500 58268 435685.130355 447103.687854 
146 416189.973974 279924.793498 
87 416200.962928 279953.351993 
672 416235.375342 281420.913036 
1337 416041.801381 287758.719716 
31 416203.112456 279952.407299 
559 416217.961112 280854.973380 
2370 407844.877813 313480.956397 
1089 415956.078122 284292.337751 
33 416202.706826 279950.944713 
32 416203.385487 279953.320311 
5495 301852.601198 459101.879327 
904 416145.372162 282477.950440 
1466 415753.199890 287343.540750 
143 416205.945564 280029.518347 
615 416128.050052 280314.598578 
564 416005.244245 279715.008320 
226 416190.248294 280030.155212 
3016 404930.246190 319656.101204 
253 416177.919605 280052.145685 
195 416179.770958 279903.129895 
38 416203.263566 279955.326144 
807 416104.798995 280678.966717 
551 416173.828443 280804.702077 
304 416215.303062 280274.727997 
814 416051.672631 280906.816241 
337 416208.796835 280331.587594 
4368 250434.121120 187215.186265 
577 416187.082652 280929.527847 
482 416196.152806 280491.239857 
495 416225.028739 280836.244976 
231 416206.203653 280094.445899 
322 416204.643497 280254.428039 
685 416204.142469 281045.423457 
12912 498348.622166 1042778.922491 
325 416179.102073 280057.581514 
366 416161.819666 280094.540903 
3671 333744.356821 398310.433016 
2213 414235.515804 300297.443467 
705 415188.053917 276838.289088 
328 416206.142378 280393.884218 
1681 415716.236926 286746.974892 
1117 415698.915544 281877.987819 
275 416119.647107 279722.785725 
500 416137.917099 280096.149318 
2241 400036.118513 242474.851379 
733 415078.765968 276755.173333 
222 416124.787869 279743.799920 
49 416201.847278 279947.509166 
1464 416009.615280 289392.477399 
222 416191.073327 280003.552376
