500 1000
12163.2718 5162 4942.545 65886.38
11069.3592 5689 54392.615 3189.4775
11896.9849 5851 50320.425 78805.2425
10262.0266 4442 14112.515 84661.2575
12820.2529 3788 32755.6675 14591.0825
10939.4121 5338 66170.7975 14163.2025
11784.3205 4299 26571.1525 14852.0325
11779.1178 3455 30300.0675 28314.2025
14229.8999 5006 48555.485 7214.945
12683.4981 5381 62362.2025 5778.19
12063.3164 5196 15658.7825 1350.2725
11300.1951 5441 47816.445 65252.58
12714.811 3646 22238.375 3061.51
12616.5099 4837 25085.4825 97595.145
9562.2809 5352 23803.7375 13764.3875
12731.0802 5610 25070.3125 9276.7775
9837.7668 4589 97910.0375 44573.915
10967.153 3856 8912.6225 76084.2875
10221.7233 5937 11491.835 79624.07
12450.0146 4721 9334.89 37515.93
12082.8223 3856 36089.2525 42732.7425
12017.7698 5718 86584.92 12553.4375
12758.9225 5644 95307.135 9717.945
11782.8753 4742 69512.635 80983.46
12495.6865 5991 38798.4425 58892.2525
13391.2925 4076 37757.915 48479.85
13719.851 5646 6682.1775 34135.9125
12349.1062 4281 74636.2475 24457.705
12821.6111 4149 75361.105 42755.1425
13190.2447 4745 76808.55 24959.5525
12370.1135 4013 87352.665 69556.5525
12461.3095 3702 67880.8275 48938.1275
12375.1526 4754 20374.22 92696.8725
13031.0094 5467 70689.0825 754.0
12653.1574 5197 61134.535 97750.88
10984.7154 5804 10662.7975 92576.105
11780.6673 4328 81270.93 59224.1875
12681.6681 5619 24335.0125 21149.0925
13266.0504 4653 40644.3675 36323.6825
9956.8535 5235 51502.7325 91506.46
14624.5795 4881 75915.7725 43269.66
12666.3191 5839 98843.1625 50858.655
11945.6843 4957 25665.585 40166.175
11398.7686 6563 58855.78 68332.53
11242.2284 4855 36891.61 17708.2375
10371.785 5407 39019.75 68801.62
10423.5665 3909 85038.405 11330.18
13035.9095 7144 73691.1525 12564.2575
11609.5894 5086 36526.5375 18737.615
11183.7372 5149 44011.235 42186.935
10460.8142 4418 27346.9675 41730.955
12828.3371 3612 4271.555 176.2625
15503.1422 4839 32559.06 72607.7725
12783.9531 4760 83774.3175 88653.6525
10352.3079 5838 28470.895 54031.6
13774.2952 4570 31373.845 74059.4425
11787.6972 4748 20768.835 18076.5325
12295.1807 4385 17136.26 94386.84
12150.992 5231 18690.285 75471.5
11099.9469 4208 71997.285 80043.5375
12741.5271 7004 34928.085 306.155
12347.7771 6012 34056.32 63104.8325
11438.009 6966 82750.1575 14859.71
12926.4139 6305 79558.5325 97978.7325
9189.3366 4263 26977.1875 80423.4975
9564.6566 4497 18509.32 18017.49
12158.0845 6026 57904.255 69228.81
13602.0273 5164 63441.4075 41726.72
13839.9461 3758 36030.7625 73315.86
10669.5907 5726 70888.2375 81819.515
12596.9629 4098 21282.235 69688.0625
13194.9933 4257 16870.13 46272.8875
11070.3249 4865 39247.9125 40976.3075
9996.2833 4543 29695.4525 14679.9675
12587.2287 5040 15547.4775 30488.245
11727.137 4683 52876.0825 77161.13
12345.9215 5274 33595.9725 17205.3325
14452.0654 5659 733.585 76317.425
12677.0364 5121 24869.3625 19762.5025
9053.3169 4731 9579.2825 71934.7875
11711.6802 4995 5036.53 53529.9625
12388.7765 5426 168.6575 60469.23
11764.9153 5337 33413.6725 88786.8075
12526.3507 3924 76108.6725 85673.9625
11491.3252 4404 54183.5575 35493.9725
11502.5623 5658 39145.9275 67335.08
8532.4685 5085 48806.585 24605.585
12694.2969 5246 92470.8275 73138.275
13507.5495 4087 75734.28 51585.4225
12271.5579 6368 40873.055 76793.3575
10842.4053 5362 64014.4425 99100.775
12592.5786 5529 89362.4925 91970.7025
10402.816 3962 29921.395 8022.135
12234.0273 4192 59755.7825 4502.9625
12440.7627 6154 41127.1425 18230.9975
12712.4587 5070 17224.6475 51998.9875
10758.9982 4541 33200.7625 77673.53
13737.929 5842 40765.5675 54405.3925
12942.9449 5722 49141.585 90901.3875
13619.7767 4533 95679.6675 29841.4675
11374.5992 4277 69322.485 52964.385
11537.0856 4944 10884.79 61133.7475
11837.4506 4243 91652.15 10975.4525
11589.0431 5477 15104.3375 21410.845
14076.9295 5094 28888.22 61904.1625
9793.6435 3515 74697.3125 13016.49
11853.1491 4415 43002.62 37278.6075
13734.3645 3994 3859.675 74808.5775
13136.2316 4811 88096.7075 82932.0
13050.3447 6257 17107.3125 99756.84
13686.2277 5640 30239.8525 2391.635
11268.3621 5057 90367.8625 3228.6475
13429.7898 5564 75726.17 12277.4
12784.2953 5777 29931.29 46770.535
12269.9225 4978 3742.1875 51349.8325
12191.0907 5824 62668.6375 75382.475
12673.0091 5796 9413.985 65344.54
12485.3152 4026 8568.9875 62674.8375
13015.3623 3368 95898.2875 86464.18
10880.7266 5278 7107.9 8655.0775
12324.7015 5985 43154.0125 27836.0425
11460.3515 4909 68291.54 40916.685
12718.5575 6286 98591.1275 38909.1825
11394.6466 4166 66188.9525 90732.3175
7342.9569 6004 85273.195 98029.3675
14190.6834 5223 42611.335 45183.38
13497.8901 4710 71058.775 62741.775
11339.3276 3823 18702.33 59608.0925
11357.6083 5999 62276.11 31360.0925
12057.5334 5039 73650.065 6012.9025
13457.949 6327 90782.8425 11443.7375
10315.7163 5224 79666.9 71000.385
10120.9012 5246 22361.3375 48409.88
13385.0758 4621 85605.835 22356.91
14265.2017 5456 92969.355 57916.1325
12373.3236 5864 38367.835 50807.4525
12280.7068 4338 17187.86 89059.5075
12286.9416 3240 58710.9825 27245.345
12607.3862 5465 62205.25 41912.6975
10634.1771 6888 98814.72 91773.1575
9957.3718 6170 52874.1325 61796.5175
12494.6643 5411 60366.0875 5839.985
12895.6991 5596 75199.19 56944.8575
10623.4065 5268 71992.2125 86127.9575
10304.1296 4504 38994.7825 76295.0475
12146.0193 4756 92626.2125 97125.0525
12956.192 4748 41688.8325 61613.305
11587.5564 5068 38001.6125 34263.755
12778.0498 4420 36135.6625 76239.76
11833.4369 3676 80747.655 72402.285
11812.5508 4156 43730.4775 51989.665
11352.0745 5251 47572.3025 30974.29
12965.3234 5176 62672.1975 90280.835
12511.2522 5267 86402.9575 86179.025
13629.5853 3478 79987.345 58225.7575
11858.4565 4919 40426.06 41290.66
13052.2536 5322 87923.805 889.97
11236.992 6071 22143.975 50174.21
13134.6576 4366 75843.2975 28009.2425
11046.7956 4731 72696.905 2116.4075
12417.6882 5320 2842.545 90025.625
13175.3953 5015 92843.0525 21384.3025
11108.9339 4193 87884.4325 10405.135
13238.9065 5002 5800.26 30227.99
10986.8945 3991 33037.48 22914.625
14675.3833 4930 16458.6875 46862.3625
13456.9481 6322 95891.93 9996.2225
12636.9393 4562 91650.7025 30562.07
11895.7907 6307 10964.1475 38346.4625
11150.6299 5760 88487.7025 4277.9675
11767.4598 4839 48899.6925 43815.64
11345.4176 5611 95374.4525 25781.0675
12412.7836 3964 87317.4875 87691.085
10070.5746 6643 86506.315 75943.3
11408.5018 4888 1025.5375 99197.2875
12942.7573 3591 8691.5725 54519.0
11709.7596 5399 83547.6025 45003.1875
10079.6103 4984 44187.825 27371.0575
9999.8076 4338 90168.845 888.51
12945.0113 4427 74393.92 76460.3275
13608.1194 6233 8332.91 47858.91
9906.5445 4946 96963.255 27079.5425
11036.1739 4460 62895.1575 22368.16
11124.2104 5612 5961.275 1602.1125
11823.6132 3374 73746.15 74569.835
11348.9521 6263 20069.5425 93957.5725
12291.6673 3573 31435.4925 21945.865
11097.885 6155 69643.9775 41372.935
13322.4314 3827 29969.465 48792.3
14171.6757 5417 5168.1875 82670.65
11030.4206 5553 13177.03 11823.5175
14314.8175 5103 2374.61 10085.1325
9287.8093 5989 61718.2325 33353.25
13738.2081 5885 68998.85 98248.715
13170.0803 5049 30845.3525 89034.865
13942.2704 4119 80835.99 88835.3275
11384.3815 4691 26214.2325 8734.8975
12435.9473 5139 10258.5925 65148.305
11138.3389 5367 90817.3575 30416.0025
11674.3061 4168 80137.34 92799.8175
12524.3265 3139 66088.3275 22149.39
12050.9249 3897 18269.7925 25426.4
10815.1471 4594 73678.105 37321.71
10640.0794 6377 16706.115 58208.665
11088.324 4807 45607.0125 72997.06
13490.0918 7264 2285.0725 6034.825
11600.4004 3798 11017.215 59710.29
12355.4151 4910 8916.1825 86385.13
11692.2986 3508 83432.875 47267.095
11076.3915 4519 55210.3675 2468.7525
11955.1399 5871 54299.39 32504.6425
12809.2896 4382 62246.715 83286.31
10587.0141 6243 49174.8075 79625.19
10515.0922 5097 95037.0225 76943.97
13093.6957 3872 43854.8075 9982.105
11906.5692 4859 36515.0575 54489.745
11686.3628 4566 34072.115 7742.405
9764.7979 4950 23533.6975 96444.7725
11530.9946 5514 7112.81 95094.7
12505.3418 5923 26194.0275 23234.5775
12353.3193 5481 32884.415 5004.6425
11308.2344 4778 80388.1275 76628.14
12302.7605 4604 89810.2125 64427.045
11349.0156 5281 16248.685 66521.4675
8847.8988 4426 78420.5675 77179.2425
12239.3399 4548 25222.6975 3324.495
11268.9033 4612 41139.08 74372.2025
9869.3379 4464 75426.4125 77382.675
11775.6788 4660 72480.835 52719.9825
9533.1949 4532 6527.8675 94751.9375
12052.4369 5116 86195.7125 33383.8325
14172.24 5933 44980.8275 86193.135
11763.8008 3599 38496.715 39892.405
11644.9432 5321 23798.4125 39300.085
11274.7926 5642 77819.8875 72737.1925
11457.3865 4253 18746.03 21250.075
14220.8579 5332 36251.9475 49970.5675
12670.954 5008 47218.6775 95601.9975
12202.1857 5011 95635.465 1748.1425
13213.1475 7867 12247.36 99199.47
12913.1912 5958 27289.755 33326.9725
9430.4132 5042 68669.0 34802.42
11738.4036 5207 90019.785 21419.9875
12469.319 3429 90262.32 86995.9
12583.2144 4688 62020.675 18451.8775
14421.4508 5488 16251.2825 1675.6875
12268.2004 4340 11410.5075 28975.62
11698.5129 3525 11519.8875 85669.3875
12027.5127 5234 63361.3275 23752.825
12731.1026 5304 21656.4225 89671.74
12585.4145 4785 48296.535 9862.6275
11193.5448 4653 33178.445 66492.6325
10930.2752 5401 69019.895 85365.195
11738.4659 6077 21787.04 44429.8
10673.5635 4536 27215.0875 98266.0225
12561.6822 5411 68494.37 83874.6925
12249.6351 4838 8888.715 37280.805
10958.4966 5093 37258.755 14532.925
12175.0192 4732 94508.7 65841.3525
11564.2801 5507 14436.6825 44413.39
11838.7644 5676 63936.5275 52597.0775
12221.9581 4407 28496.59 64469.6175
14019.6891 4084 34569.3175 85491.9125
10870.9899 5602 25763.5625 39479.0625
11290.5698 5026 2236.3925 4024.95
9494.1781 4837 41203.9625 61737.1375
11022.5688 6104 99151.1175 80554.3625
11719.6491 3486 24660.4325 61813.5725
11508.0167 4674 95380.5325 16339.965
12394.7701 5624 93660.455 40677.9425
13168.827 3136 79746.4425 75549.965
13549.9763 4894 89280.19 72641.38
13271.2091 4956 71055.645 99280.1
11332.1438 4859 87923.045 7507.335
11855.5325 5968 36846.27 32595.74
13799.5627 5066 83307.8975 67204.4625
13335.5602 5935 40725.7525 96531.1775
10263.8108 4475 82015.1125 66237.1325
13548.5732 3338 68985.58 78773.985
13392.6133 4133 6721.09 61796.4825
12295.3587 4244 53777.0325 87557.2975
9943.4965 5666 53960.1975 55014.6775
12909.2246 4530 43692.8325 95051.7625
13798.3881 4040 48296.3925 86986.3775
12980.6812 4789 63174.145 20369.2375
8934.4252 4578 50839.1625 18330.83
13406.0937 5108 32143.89 27485.57
9990.1009 4495 31464.985 12447.0875
12100.3381 4794 27167.91 42522.2975
11321.124 4992 41299.345 64065.1275
13769.6346 5072 12361.61 79346.59
9849.0158 3871 2924.2025 87656.5975
12007.7575 3801 71236.63 40621.4625
12095.7841 5136 48390.165 6495.63
13576.3419 4127 77155.4925 50067.4425
12700.9463 4967 60374.71 86607.9625
9475.3022 5766 62364.6825 48432.145
10446.6709 3988 97044.5225 54305.84
12832.0977 4581 60837.12 58505.345
12171.9014 4884 41204.5675 44861.4425
11799.3557 4647 33201.0075 2601.3725
12835.598 5463 97546.56 58796.9375
10784.0355 5053 33941.55 95323.1175
10996.8329 4081 32108.07 53625.06
11569.501 4795 72424.7875 77251.7575
12180.6068 5142 37836.7375 18249.7
10928.7267 6066 1598.0825 47407.185
13681.594 4400 28387.7625 72522.195
10915.0092 5300 37771.36 77125.4475
9773.6922 5783 99141.91 1120.43
11052.7867 5810 23333.26 40751.48
10438.6823 4903 76358.7425 11673.065
11909.6707 4748 93954.545 11607.0175
13179.0735 4413 91100.1025 59129.9475
10613.5847 3915 49238.1 99267.39
11433.9868 5065 42138.1925 31565.17
13248.1756 6114 69652.485 91391.9675
11861.9751 4564 57942.8125 63291.59
9464.5053 4744 29524.7825 2325.1275
14058.999 5527 30022.69 97391.855
11100.3717 3605 87434.4775 59497.9225
11985.3469 5980 29375.7025 85872.4575
9427.4924 4253 67051.89 78089.12
12031.6697 3597 64054.055 4903.6525
11509.3872 5029 2827.3025 47289.415
12371.9114 5163 56670.7475 33279.0925
10480.5606 4791 37185.3175 90375.6225
11941.0415 6242 40846.5075 72734.11
14922.9346 4071 25696.9 85562.2725
13878.6347 5399 11098.415 83662.475
11683.7893 5126 4160.1325 22427.495
9715.3456 5145 6263.59 889.9625
10830.8962 4325 20305.6925 24596.2275
12365.5997 5332 50972.2375 45992.2625
11261.3969 5279 48620.9475 57035.8
11592.7654 4852 13084.16 59619.71
11128.9892 5736 69158.2575 97804.1475
11245.1756 4393 56299.32 32051.7975
13456.3759 4821 89329.4675 12702.6775
13891.96 4023 83137.2375 51554.375
12057.2281 5102 96133.6575 92427.8075
12976.5606 4945 58032.92 71353.8575
11955.9841 4857 50197.87 10941.305
12953.895 5026 9071.325 2015.4975
9979.3404 6286 23481.03 78907.3475
12523.5096 4644 75986.5375 47232.745
10996.3094 4903 6145.4975 38288.865
11227.692 3122 5104.08 16132.215
10602.003 5807 13256.075 45283.59
12052.1975 5117 66267.155 24465.3575
10391.5832 5212 55422.165 2463.815
12658.0185 5029 36456.7225 89011.27
12872.6527 4623 30969.5725 67947.875
12873.5375 5422 55727.99 74293.1975
13251.3225 3956 48976.9375 10674.2175
13105.5181 5970 6340.555 28346.76
12748.9198 4363 47415.785 21147.06
12783.587 4628 25626.6625 13168.285
12174.3062 5434 55876.195 7535.8925
11776.7249 4935 88713.275 99039.7075
11548.8119 5373 31753.21 14841.6075
12766.1281 5905 57347.875 31184.2375
11851.5345 6416 17757.4725 53699.0175
12674.9246 4813 93823.9025 12969.33
12102.0543 4187 96278.7475 45585.575
11347.8072 4102 24529.805 83576.1975
12977.3395 4890 79719.875 27408.2925
13204.0564 6073 53615.78 52257.69
11069.4978 4260 86182.54 76775.545
11490.7393 5164 50062.0325 28529.9025
9774.8272 4798 74024.6625 62433.2625
10804.2761 7266 19841.405 34800.2075
12182.471 4081 51938.965 7462.615
10620.8039 3968 47390.2975 41829.695
11755.2953 5493 2057.49 55999.74
11776.5853 3797 97020.8375 12444.06
13330.8283 6475 81874.8025 69141.4875
11779.4027 3842 12045.6625 35099.2725
13803.3373 4393 35890.3425 59088.3125
12868.1189 4894 60360.3775 71117.71
14677.368 5470 31870.155 15995.5425
11115.8689 5638 31746.505 70267.2575
12193.2357 5936 18410.28 74814.9125
12415.3926 3878 88654.4075 16108.535
12617.5244 4390 13708.44 83649.5175
10862.8716 5402 61636.6875 45099.47
11760.9398 7434 30426.9175 42064.1675
12734.4586 5813 82263.025 21250.1975
12131.2075 5950 42823.3975 92751.755
13440.2896 4889 94844.0675 7735.4875
11690.612 5757 69353.28 13995.3725
10921.7986 7381 41737.2525 10676.955
12974.694 5431 52821.9275 33997.4325
11552.3313 5382 93489.145 60132.4125
12490.9853 4219 57567.305 64701.1075
10036.8099 3970 43467.6675 93485.83
10587.237 4903 51454.4925 97762.8525
13197.1321 5390 41387.5 20218.9425
10650.2084 4826 84870.655 20521.875
11803.5147 3988 62216.09 81781.2
12128.6392 4823 44971.71 44601.1525
12314.3464 4800 60340.115 39940.22
11057.5372 5662 11684.985 74521.375
8861.6477 4695 45317.66 3568.9675
10228.7656 4650 64516.4425 85494.075
11948.1367 4410 6737.3675 61222.0625
9025.8024 5256 36609.6025 22838.065
13684.5509 5458 45261.76 42379.8725
9887.2883 5528 75953.0275 32610.72
13257.7494 3715 24077.7175 22218.8925
12064.6221 5231 12518.72 26566.0075
10500.9051 3807 47431.1675 45132.0125
10870.3259 5065 99481.125 15911.865
11096.9332 4638 77550.1075 96728.5675
12590.6608 5796 90715.2825 53265.62
12092.1433 4449 62297.9825 79866.01
13469.9951 3933 58819.475 86283.97
10419.1408 4288 68572.795 63319.55
12862.7426 5789 83752.1475 35585.165
12258.4198 5359 333.6275 32157.1625
12973.1226 4998 81210.38 10648.7775
11535.3496 3849 87424.28 83697.98
12365.1388 5381 18899.815 56603.2625
12610.494 4165 10187.68 7071.2125
10611.4139 4942 62949.2975 22708.8675
13227.3304 4929 73698.545 35468.275
9870.882 5510 46822.9475 71276.21
13601.1121 3816 11067.2 41925.6575
12027.3372 6302 74604.1675 62505.1
11456.0137 3702 75593.5675 84658.6975
10250.9427 5265 1897.4425 16054.6675
11651.8336 4288 60355.4875 44283.44
11505.8053 6718 68629.0925 82717.25
11569.764 5320 41438.8875 82058.025
12897.5981 4529 9059.68 15685.14
13627.7025 4470 33551.165 6534.94
13106.9336 4413 38986.41 42296.385
11364.186 4084 92008.2875 25498.4
11462.0553 4624 62301.2825 41951.48
11519.3723 5320 42499.2525 22382.375
10647.7549 4420 45235.1 30884.24
10585.8038 4443 66384.9425 86508.8
12060.8624 4808 41088.1075 56558.155
13511.2326 5605 5895.845 85086.2475
13945.5154 5912 22904.065 93638.995
12170.5484 5949 75966.12 68809.6475
11585.9303 4305 30032.415 1080.3775
11162.5567 6133 78855.6875 76249.815
11045.2619 5824 71359.7625 91626.515
12374.9816 4986 1336.7125 61143.8025
12704.0472 4660 50168.7875 39782.575
10901.216 4674 49255.5975 75276.86
10414.1581 4844 33106.8925 88980.3325
10419.952 5298 42953.625 37023.8825
12420.1965 5643 78498.12 69312.0025
10813.4127 4913 64594.715 35196.68
13154.0915 4918 34489.555 14864.1925
11326.7245 5194 22840.235 89450.0275
9613.2669 4676 6928.56 38381.36
14722.6446 6217 21550.5825 88787.0975
10411.6991 6855 56061.0125 3074.835
12993.5402 4812 48556.1625 45309.8225
13154.0059 6061 70384.56 64312.03
11764.1725 5070 38436.0575 39125.6925
11777.8945 5125 96738.8425 72437.12
11921.6905 5521 50924.51 67331.52
10894.7229 5162 22087.905 65540.8325
15073.4821 3363 55195.2425 6895.3225
12805.1985 6292 96756.1075 24782.905
12765.6038 4075 42787.455 1378.8275
13462.4244 5959 31677.7725 12765.265
14833.6952 5562 62715.4725 48422.6075
12442.3881 4969 29306.105 30617.25
10866.1602 6307 96535.66 78275.2775
13607.4582 4921 93883.5825 94283.19
11422.7526 4073 93389.6525 88707.69
12001.9595 5681 5497.295 14139.0575
10903.2408 3482 33809.94 17006.6175
12265.9197 5220 39721.9975 81524.225
12113.3467 4861 27033.7625 68590.31
11376.1513 4131 41726.6175 64700.5075
13016.9811 4946 47001.6 83723.4225
14596.6129 3511 85615.235 52383.4325
11754.2886 4467 19431.2575 99151.645
12432.5961 5632 74318.335 74661.6175
11344.3687 4681 66487.1775 32738.635
11907.347 3627 18802.4375 31735.6325
12074.2623 3966 93725.7625 77997.5575
13987.4216 3875 41361.945 72031.77
12941.7901 5330 11568.455 19738.9525
10794.3819 5268 29983.46 12932.9225
11712.9294 4686 94629.2975 82674.4275
12320.0806 5278 68177.1875 2545.0225
13211.1722 7265 34320.69 14556.435
13483.6334 4764 82428.1675 12141.1625
11556.1619 5804 34280.1975 13285.2325
11066.0481 4912 19699.365 44257.0375
12563.945 4884 10270.3025 60721.9875
10943.8839 5176 88590.98 7159.7375
12568.4892 3637 33356.0475 87724.3925
801 29985.855 47097.8325
943 67523.035 50430.7025
1214 85953.3925 33071.62
1162 29144.825 72563.01
993 16803.3575 13187.11
1042 21347.025 28014.4475
1262 79419.47 55515.1575
820 29622.7525 71837.705
1232 73825.055 24323.25
1167 90601.7325 39112.7575
878 44646.35 28546.4425
973 31695.5275 90775.695
1230 76737.365 68771.07
947 63133.7775 97779.5325
1024 78791.575 38414.1825
944 83144.85 35974.8025
1140 91789.8675 50698.9125
978 66534.3425 86680.355
1185 30153.0025 74435.5125
787 38796.98 80756.205
701 37869.7025 77282.795
1319 64686.605 38784.245
913 88337.8925 10767.1725
966 4353.42 54022.925
1197 17706.0925 6066.1
713 88826.3075 41008.98
1624 41386.6675 22869.425
786 39983.9875 98886.2625
1077 42568.815 79554.125
671 60757.425 78066.6225
1120 666.1425 3808.13
1009 42079.9025 61469.355
1104 25619.7325 43128.3725
1169 53220.2625 41008.15
819 31945.4625 98837.825
976 12313.4675 38257.7025
996 81778.18 58208.1025
1088 62290.44 51565.745
553 2817.0075 5279.4125
954 6756.46 81323.41
778 14891.665 56383.0125
1034 67813.7325 34485.4275
1150 51558.555 38117.39
1236 97898.06 71604.25
1177 81449.08 3260.5625
1081 40197.485 68271.575
1040 20102.045 28303.02
432 81679.53 30961.45
1131 10385.73 14883.495
804 31804.1975 29283.3275
987 4707.0575 64003.9225
1105 22975.6075 60941.745
1007 14415.0725 62809.47
1059 3727.765 80536.2675
1259 87049.095 96782.235
1363 41120.2725 51502.715
1057 76998.8875 14823.345
1111 68009.2525 38807.495
1088 37661.215 46738.9375
995 77019.9075 92030.0625
1195 90273.4375 28629.7425
1052 40207.2775 680.7875
1321 30665.6375 38555.215
894 37305.05 27554.485
994 92169.14 25323.8025
1327 73867.4625 1907.4475
1068 92822.065 44016.16
963 22494.64 97509.9675
1164 12931.655 32400.2625
1454 60581.985 77728.295
1224 3528.435 8536.16
1168 29847.0175 65774.0825
932 86329.285 40813.4625
758 41188.265 33686.7475
760 98347.9275 24444.2675
763 14407.765 61381.175
1050 97076.165 64204.105
1169 99601.9625 58463.745
1011 31015.1225 72421.15
1243 18394.62 83536.865
688 18810.1625 81296.65
1260 1813.22 91105.83
1187 27712.8425 47415.9825
1001 33270.965 63770.5325
957 94098.29 73829.075
772 2677.255 26310.1425
793 32866.305 83487.465
1141 77221.0975 21963.075
773 20038.8925 8433.8025
843 11386.85 71219.42
917 12531.9725 30659.9
984 50507.9575 93832.9125
809 33342.5475 2174.0925
1033 39021.9425 41074.685
544 18108.7025 56554.2675
715 42196.725 49244.0675
1102 67459.2375 42225.4025
1018 52694.7925 81740.875
1006 6405.595 15517.825
930 95751.6625 28237.08
1009 67898.2575 64566.1125
764 54108.98 89575.3725
892 4789.99 44900.675
1127 5643.6675 39333.0875
949 76845.155 9873.885
985 32136.4875 18092.915
801 75412.71 86887.275
716 73257.8 56137.7525
787 77922.8625 67438.06
1013 98978.4525 66084.165
530 36395.8125 48685.8475
1203 50920.4425 75075.4125
670 38532.485 31312.575
761 65265.495 55220.0625
607 58562.5975 38752.0525
781 12594.2125 55900.77
1024 32922.76 11460.8125
1088 84701.395 21319.225
910 16256.7675 86663.0675
889 35820.13 97594.3625
1380 86411.2675 51919.91
919 93008.335 72130.795
954 85710.34 70664.7525
940 19711.6175 65863.0125
615 95008.31 84953.45
1185 98479.815 82192.59
1237 35348.655 57293.49
1154 30742.17 93256.3
967 60000.345 7980.45
882 78341.57 27416.7125
880 30330.215 76544.1
796 22548.775 97161.2425
683 84500.0725 54127.6925
1199 33208.745 19299.18
689 95301.9975 48325.16
1222 24613.725 83310.46
1172 60419.595 93993.4775
1075 80240.7175 85365.375
861 56738.2225 23238.7725
829 28687.485 88066.1775
983 14326.3275 77923.6225
1039 76215.19 90619.2775
1002 8533.5125 56523.3975
916 2428.0725 19659.2075
768 28884.9375 62661.47
1192 79795.2575 66778.305
665 53128.645 2971.3325
1139 98832.67 51473.7375
1023 37638.4775 70040.0375
1258 87627.2675 48571.7175
836 24163.8 4032.3175
757 90967.6125 76190.7825
1247 63060.3325 59360.8675
1338 17929.8725 4806.06
1073 65709.5575 51521.615
871 38935.965 56729.6425
647 49254.04 5771.0175
1146 71062.9775 5474.625
863 71023.66 38502.165
1076 6361.6275 88329.46
808 73153.6225 20316.07
1302 41208.96 21945.24
1170 87762.165 10229.265
804 44102.1375 83896.735
1088 53138.335 16924.365
884 53879.36 44818.08
903 32634.615 47609.9775
956 40930.275 95500.645
948 74941.7625 90965.6
1121 41437.12 98836.245
906 12978.6275 96761.88
679 20282.06 71310.8125
1462 13101.885 42574.075
945 56174.4975 28039.1975
774 19778.3825 77308.995
1238 45201.9125 82309.535
952 25992.68 89486.6925
722 34102.9125 92436.8375
1185 65651.14 72332.1825
832 15155.575 13755.635
1211 80534.9275 34334.9525
977 87196.2675 40323.8225
1178 83209.6425 623.5
1078 13255.8675 39062.53
1159 76609.2475 95718.9525
1150 42087.78 17853.415
995 42928.7875 69262.8475
1077 96820.245 82209.0825
912 52014.9825 64111.075
803 66976.83 41417.2325
1345 66415.955 97904.4875
756 43042.3325 1183.8325
1260 82663.47 11486.7
1237 13646.3575 12237.5775
552 173.7675 14239.52
1258 81883.0675 22395.8375
1124 80628.45 30877.325
1294 22875.225 83731.2675
923 5555.08 7714.2425
834 95876.7125 24446.76
949 28861.0625 32980.37
799 6125.09 8804.885
1090 85352.24 6880.8775
994 5607.765 21710.8575
838 62952.69 93580.6175
1230 76683.455 94247.2075
964 93236.74 41539.005
1159 4173.205 60757.6725
1079 72832.1125 43979.4475
1175 51359.5375 97218.86
1074 37408.405 75567.6425
1058 66619.0925 25753.7425
848 52075.185 65913.8375
1048 19537.5575 92608.895
904 63924.4525 74097.73
658 93083.05 355.89
891 46769.4125 58784.29
1210 23113.295 58185.0575
682 4375.345 87151.49
695 85460.855 38394.4525
733 59227.3725 23174.985
1131 22350.6125 4098.4475
857 44690.86 464.8225
835 31183.69 11432.615
901 9937.9675 62804.3775
895 35177.8475 46902.0025
949 57965.2575 17438.145
1261 75411.89 23347.83
878 72026.4925 97170.855
985 30594.58 32011.025
566 20814.7975 10014.32
1043 94506.2 67941.1625
846 27295.5725 48841.1525
1293 46591.7125 62121.335
778 13376.3025 34972.125
1168 40665.84 771.5125
1095 37864.1475 94206.5325
928 77259.5425 86906.51
1285 17673.75 65051.4625
830 99051.105 52728.8975
1554 56411.315 7515.9325
1044 54732.53 44389.57
1133 40690.6 30280.1525
1458 78085.62 67210.34
802 57251.655 47849.895
1285 43979.4575 70386.06
818 56770.475 73128.4525
975 37202.4825 57796.14
738 82054.9075 29870.3175
936 49711.6625 72648.2725
1009 24034.3925 22725.0625
1258 42744.955 59178.195
994 94060.375 47986.7825
751 80161.485 60240.715
760 10905.6125 62019.365
811 10367.695 34982.085
1083 27326.435 70303.5475
1103 79848.7475 72785.88
1003 67888.7975 88175.34
1083 97040.6825 38751.8325
1215 19428.8675 60957.235
1317 80397.585 56373.555
958 17935.845 3054.405
928 27220.06 40063.0575
885 58885.6925 23313.145
843 86007.385 40164.035
1135 85821.975 26186.7425
1081 97743.5225 60557.0575
1188 59306.4125 27525.095
739 50063.84 71042.46
1132 1539.81 12809.8125
1049 38349.8575 90415.415
1090 17947.6075 26944.5075
817 16509.975 15259.3325
715 361.1275 32435.9125
1538 21908.3175 37488.6275
1122 70175.4125 61452.32
1161 31177.2075 38614.6725
718 34038.1075 93682.7025
1015 68845.3275 78039.4775
1097 20287.1325 90352.075
847 10586.1175 62428.2575
527 59537.33 72013.605
1079 24608.785 6123.425
957 79681.385 21619.83
1126 60183.7675 54994.23
1264 39109.4575 44139.32
667 3700.83 18614.4475
836 92465.19 17054.3275
1090 69067.375 87682.4075
786 18712.7875 55253.385
933 71633.845 97407.125
826 75378.65 39769.585
774 98908.56 69205.0525
828 67571.5425 84627.7825
572 33600.5275 38540.7225
1014 48560.5825 52428.5475
703 96723.265 40657.185
855 9438.6575 48942.01
953 81898.1375 46216.6925
998 84914.73 5982.5075
1068 14808.6675 77150.3425
1248 66304.9975 97259.25
681 94355.8575 53498.5025
687 78910.3075 83641.29
1398 43506.2675 7622.345
1110 19843.0625 79828.1225
950 19495.425 32682.885
1160 63071.8625 86403.475
957 22346.0475 96784.015
628 68075.51 35249.925
823 11117.98 22720.1875
851 69980.2475 70726.0
944 30598.985 39906.3725
914 48773.24 49162.3975
1061 55852.665 45890.345
746 88379.5675 5575.4075
902 19985.7 87848.195
1312 32660.6325 46246.9625
714 16301.1775 78235.9775
1229 26822.3175 84433.9975
980 76882.895 7366.705
970 17124.3075 32815.56
1209 4246.5375 62579.0675
829 48325.325 78826.3475
1274 22191.7475 2759.88
921 63517.2075 36043.6475
803 36754.845 95630.275
742 83263.4825 17563.7175
591 69075.5975 10514.0625
1219 56515.4325 32037.2075
1260 1639.7625 39129.7775
479 3389.335 61710.05
787 30884.265 2959.1925
873 2369.7175 66944.98
843 55775.1875 25049.3575
860 47814.58 26214.645
852 8010.6525 20900.8875
1216 56704.8075 71880.0625
968 12126.2625 3031.315
851 59172.16 56654.56
1122 55312.1375 6397.21
863 83685.92 28324.235
781 18256.5225 74843.465
1207 52604.5725 19600.2175
1052 82040.4225 70046.7375
976 31259.5175 37179.8
1202 58012.755 58157.395
803 43321.2375 33807.7975
797 50032.5225 89233.8125
882 69000.4575 33366.5775
793 71338.1325 93460.96
1197 71615.295 52055.835
1181 91996.6225 13216.2125
942 86356.76 71102.065
1051 0.0 2682.8625
1283 10619.8875 10319.5575
1270 9639.3825 89167.24
1160 9128.925 87865.205
1085 25449.255 58182.16
627 22386.7125 31.86
1312 59063.6975 32743.8725
1158 51916.695 73199.615
923 12905.8775 87838.5125
1084 5132.5525 77840.005
1045 34356.7925 47890.4525
915 98440.1275 70473.2775
1351 98350.25 84684.265
1165 78834.7425 17926.77
825 423.2875 18359.16
960 17762.5225 55440.0125
741 22970.07 77402.1925
897 97995.6275 33710.8575
1158 87768.8775 50589.5325
676 85988.5825 37866.9975
604 64312.2775 97675.675
1372 56800.2675 18286.085
720 20846.7475 50637.7125
1099 97398.325 99393.0125
1028 3376.3725 9579.615
817 51321.5575 2348.115
1224 55378.475 9519.5175
949 51488.01 19577.44
1055 8329.7775 47361.6725
626 64734.2025 1299.045
1216 4811.7225 52140.13
794 31464.3 66208.18
885 34572.63 95637.705
679 85429.7425 50025.6575
1191 64610.7075 40937.4075
721 78458.0925 88632.89
1332 22785.9925 74799.4925
1052 69224.4325 97624.1725
1147 89790.81 21552.8125
1104 49945.6075 39086.3525
854 86287.5625 90135.18
859 78847.6175 15877.4875
1310 68265.73 40810.325
919 59568.4675 89223.4275
1154 41792.12 81011.5
844 44321.955 25435.945
1079 9448.41 64957.4425
1126 91720.45 44716.1725
1056 6265.005 6030.8
882 35479.5075 33409.5625
869 10053.3475 94258.265
962 98150.815 79716.3275
611 56035.56 90703.935
949 7497.5725 48222.7225
1055 19369.205 79408.4975
785 37589.9025 33530.235
759 65928.6825 45374.445
1071 17438.85 76156.6425
1210 26424.7975 42977.3525
840 86875.695 53489.675
1444 34094.515 35971.2325
682 14623.28 15233.905
681 87614.5925 72683.5775
1349 26497.25 15862.185
891 78557.5125 8101.8775
1088 12276.125 26806.7675
1204 79202.0425 73848.5875
1096 60141.87 68845.7475
1277 35583.3 43213.5575
1278 32355.9625 58884.0125
1148 17259.0925 74607.2425
1077 90058.49 9377.86
883 81114.1375 10979.895
1223 31286.695 26191.94
967 35906.08 81078.005
993 77855.055 88152.625
1217 43799.2 78991.2675
904 3605.5375 95652.3675
1359 25485.425 42071.935
945 50865.905 71835.8225
1078 37691.3925 34136.3375
851 11144.955 71592.8775
1303 9175.9475 33499.69
1068 43341.775 82675.51
996 49363.5325 775.6025
1012 58870.8875 5380.4875
963 18822.95 4904.37
755 22424.57 39014.7475
1094 36133.0825 66662.005
1107 99303.35 54720.74
1248 51874.8125 89095.68
880 31162.75 16412.6375
880 88150.5 58713.005
1103 41060.8475 24356.695
1230 61877.31 54528.995
1023 61788.77 86719.28
966 55187.965 36168.66
1161 97973.28 74552.25
1489 24069.5475 69275.055
1156 44645.575 93526.1325
1273 19776.5 44799.6325
1063 33186.5425 30722.505
770 80922.9425 6047.3625
931 64415.505 14569.2575
917 2503.76 13636.1
1051 34802.1 4750.4025
911 94974.2375 50133.775
1071 58416.055 46879.155
1011 93008.7325 25534.845
1336 9229.65 26305.3225
1145 70006.4075 45733.995
1071 20064.05 1824.1625
787 71491.47 62839.165
1275 82684.295 77060.2425
728 44524.92 84088.0025
745 59383.7075 78933.9
1156 230.4375 76500.8825
663 19430.2925 7294.585
841 73448.3075 24915.535
1223 93182.57 79111.75
1007 17284.6525 69471.575
861 85620.3025 66776.5275
794 5713.675 14529.775
1069 40221.3325 88092.6125
943 44548.055 46146.185
948 3375.225 26394.6925
878 70577.2 47976.5
1070 40765.1825 74813.745
1350 22029.1475 30081.2525
1048 63931.3625 5709.22
1120 56780.4625 75762.0125
901 69794.4525 43986.33
1305 82118.7475 77285.915
1418 29348.4125 45335.0075
981 20430.445 46372.3725
1246 25495.9675 4963.745
1358 71865.835 48408.915
475 63378.0775 51040.3175
1035 19453.365 12873.9175
833 8005.785 14071.2925
942 63471.8725 52833.43
1014 4105.6925 82354.0875
796 35106.7625 93480.8275
1106 37201.285 79831.4725
950 80014.4775 4583.3225
1073 4276.7625 67347.7
855 52165.42 43816.485
987 71143.01 33452.7025
1266 33502.59 64725.0525
1580 76188.1075 49996.2925
840 8109.595 4403.27
1230 40266.0575 84316.6025
1132 52424.7125 718.435
1252 32326.8625 46277.2875
970 42179.6275 13615.76
1023 71685.7675 33423.715
1165 90228.3425 95935.0575
1019 90268.4925 19078.0225
779 51534.4975 99877.3775
500 55520.6425 77935.78
1006 35081.54 51404.935
1227 35078.7775 36055.04
1163 51384.1075 89404.8225
1163 27682.74 19714.455
768 44079.365 38399.69
964 9547.8125 49630.72
1047 8006.995 29534.6325
942 98229.12 43826.7625
1288 97712.52 60449.62
614 89364.8625 11910.88
1005 12706.7825 32625.7075
1281 31678.485 71046.2425
955 94705.8625 58616.3875
1262 8008.825 77942.8625
1043 58611.6475 15806.55
1135 41799.69 57860.1125
849 38941.655 57102.25
584 68016.6825 87606.685
959 75074.77 28461.42
1155 18200.8425 76791.1125
967 68955.235 48584.31
454 88468.6525 65741.81
1041 60631.97 55750.855
827 67032.435 21349.505
799 79312.5825 94288.7875
1001 13403.435 22021.375
1153 37018.07 36658.0775
900 48784.2925 68248.23
843 50120.6775 56751.82
885 23215.05 197.0425
889 44273.4475 24373.905
868 43880.5525 28213.745
541 64875.1425 1323.9075
1250 65588.68 46963.91
1192 11239.7225 9627.68
1005 23367.595 82215.8725
1177 63293.595 9518.2325
975 95254.9825 75802.92
1044 1346.7575 84267.26
1048 23830.2025 94421.35
1055 68747.135 83709.415
1276 1403.78 85152.2925
880 1354.73 74349.2675
884 87131.3925 99111.2
957 93529.105 57027.8325
908 80268.3675 78031.925
1018 47336.3 75977.6025
1061 25953.5875 81124.1225
738 2513.2425 52584.1475
1072 77329.13 4558.24
1474 16677.21 50471.0025
1022 72846.3625 8373.335
710 47801.6075 24048.94
766 59633.0875 84963.415
1265 37829.6775 12909.41
595 98347.7825 20706.7375
1377 21180.42 95399.9075
479 1205.175 60665.9125
1206 44469.0825 46918.7625
1254 42049.1475 39474.5125
1070 45633.3025 26260.75
1013 43428.0575 18295.9525
1060 72024.3675 70073.2825
877 81589.0725 90671.76
1088 3567.355 8639.53
894 80390.315 1701.1125
1148 12090.5475 50510.7875
655 63663.4225 30975.8575
1066 28462.5925 55600.7475
483 45797.1625 54346.8125
1043 39969.97 93709.7
937 5658.455 7052.9475
937 6440.76 63342.66
852 24422.985 53775.755
873 37878.4475 37469.96
1360 12189.7525 79708.53
1207 30530.675 96675.05
1026 24308.4 13116.48
1155 89921.965 55368.185
1138 42208.2125 47351.9425
921 75783.5575 5172.295
642 6197.51 97816.805
602 34537.98 42035.4375
1249 58249.975 42279.805
1134 9629.87 23373.1375
671 14545.6525 56333.3925
965 30103.9525 6377.375
1122 57378.5025 62003.42
913 15852.47 54291.0775
801 2481.4075 7426.18
1154 20403.065 11056.26
804 43635.57 28418.7675
1245 50813.46 35022.1325
1066 88797.755 3869.95
1166 23427.415 242.79
1220 88420.3625 61342.105
987 74328.335 40007.9225
938 17244.9975 83337.8425
1015 24529.7425 9845.4275
989 53628.3 14604.535
927 46404.76 74374.5125
1052 48183.6725 83053.595
924 12581.95 86594.99
956 66884.12 12215.675
1156 86474.875 33299.555
863 47061.72 46577.63
1122 65256.175 50785.98
850 48066.8825 28613.4275
992 30577.975 24405.3975
1065 15807.3225 15452.805
1106 27710.9575 20633.4975
1116 82657.8875 39551.6925
1060 18146.845 79830.815
1048 45022.0575 48760.58
994 19123.24 18997.08
932 95879.8375 58190.5675
1197 93956.425 44285.1875
888 92790.6675 10283.94
1020 9742.12 33880.87
1259 32829.75 95544.9925
1272 89889.05 67056.4975
1011 22354.2875 96190.54
1038 24213.0975 74286.685
466 91371.885 1798.11
482 39646.465 31579.2425
1156 35003.4625 89176.4
1255 39762.915 65182.7075
1064 21943.905 23296.06
640 96869.4075 40578.4475
685 50262.89 20675.3825
989 57068.71 85360.875
792 49196.7075 96300.26
1104 72989.26 98096.725
973 43630.7525 61285.7075
832 58701.8625 96875.49
924 66896.5125 40406.8125
1314 13968.56 38731.3825
1134 41672.3075 81160.1925
994 3260.1525 30137.6125
1079 34348.86 7396.1775
1053 82373.1675 56060.9925
1280 59823.375 99122.1775
1286 98462.5225 51456.82
680 86823.7725 4699.7325
626 83777.2625 90700.0625
822 82505.9375 56811.7675
1114 91840.39 10154.1325
903 77835.1875 71945.0575
627 23952.4275 68096.4475
970 81310.2925 79068.3375
1093 16326.4175 76796.1725
1059 64284.7675 51889.495
490 30296.4 49475.4475
1339 34809.14 57455.0275
1180 41147.58 85152.32
1246 41191.25 53949.985
727 15554.4 80956.205
1196 18236.42 21063.5
847 42501.1025 44511.235
1055 39855.695 57845.905
1209 97814.73 27954.3
1106 35316.315 98481.0125
1137 96652.605 92895.3325
1022 26112.6425 24738.2375
863 49499.3275 55502.75
1027 70024.5625 52370.1875
868 68794.1025 4169.48
973 74529.795 5769.56
933 59515.0525 13529.2575
730 31424.9825 68145.565
724 9459.62 89669.1325
1112 76090.17 82772.975
881 9082.4875 22137.2
621 94243.7975 29082.8825
1041 76227.8975 61914.3525
799 59826.11 73228.18
837 28613.13 86325.32
948 90937.465 1650.5625
1105 43089.67 98578.7975
683 41936.35 81271.4
794 71968.12 92601.035
1407 6731.8475 42306.7825
950 5733.0825 47507.5675
959 76543.875 61470.3675
960 9364.76 48459.2075
580 28546.2 38131.085
1238 14181.6725 94022.4475
877 50725.9025 51528.5875
1299 19755.6675 30001.3775
915 81410.7875 48138.53
1050 38396.2225 86835.65
1098 61868.215 77439.84
857 82219.7025 98101.6825
805 28343.5075 11089.935
835 68207.75 28419.0825
966 54969.51 32041.7425
867 46526.205 46080.7025
921 35815.4225 88497.48
981 31497.755 40731.08
1391 14710.2875 91376.2775
1057 49672.7575 88248.6225
906 55835.99 25137.0275
960 8784.8975 12388.6625
1245 47339.89 85179.105
833 51926.1775 4008.2175
977 11162.75 35896.0375
792 16941.24 51496.4525
1098 24832.215 60975.4
1185 93931.6875 30035.7875
1202 95245.885 66349.4075
911 45223.24 31118.43
1245 11355.5625 67545.87
919 61107.825 31878.155
1244 88764.57 66716.64
1035 68422.36 14430.3325
1235 89383.2325 54847.81
1084 2836.37 47076.8975
1084 26734.6325 88522.8325
1128 97555.615 62400.2625
621 59498.2475 92265.1225
1033 91831.4225 61786.9575
1111 11532.885 896.6875
1232 50614.43 22652.1575
767 29259.545 32382.145
1029 87908.485 48813.955
851 19741.7125 57926.425
1010 94838.305 40600.32
836 58933.5475 97959.06
1283 70883.215 51206.8675
1167 78890.6525 32932.7025
1149 69981.1375 20639.65
746 10544.1525 11308.245
1329 5914.8325 75277.5975
582 54490.485 33442.94
414 37361.2275 27160.645
1184 2272.26 79635.8425
1231 30739.56 1099.2425
1215 81174.5525 33640.0025
962 60121.955 65356.245
1142 4945.33 65735.59
904 52023.255 4836.665
1012 16837.4325 12413.3425
1032 4992.34 23616.2325
1057 43785.985 44848.6725
809 63722.6975 18182.2425
1251 3152.785 64683.0275
945 25804.485 89950.5875
954 44082.2425 82260.9425
963 81304.47 90483.9575
1416 36127.8325 86551.6325
990 32485.81 89775.1275
1106 39856.3625 23067.785
1071 87656.9875 72344.23
1426 33466.0325 60716.2575
1191 67862.13 98873.115
912 99663.9275 53168.1
721 23394.2375 46746.2375
974 98216.165 71184.685
895 30850.59 77987.41
658 28406.9925 20150.305
524 62092.5925 68544.6025
637 89584.3325 34285.135
802 91060.5675 23577.47
684 85260.705 94362.5025
1084 49712.5175 75798.4625
874 34141.8725 5512.425
805 87284.765 49761.115
1121 281.6775 63873.39
1057 86678.87 58625.56
1108 80022.525 21740.975
769 29003.1975 21026.0875
736 57863.695 50708.03
838 42469.9125 6827.2325
923 62530.3525 90208.73
746 61981.2925 55748.4075
986 9755.935 96251.1625
873 70215.06 49241.4225
1056 53257.57 19275.3025
944 2806.7025 39089.6925
1282 96576.98 7038.205
1023 51584.2975 28982.43
934 29076.965 98871.68
581 56860.3325 24689.165
808 14972.5675 43363.94
1691 14044.525 43048.4725
701 52267.39 59786.5175
971 64184.48 49384.6425
685 60087.7575 3061.825
1120 44610.3575 53464.89
1116 88630.11 46957.995
1166 84625.765 89186.5475
1204 33979.09 47227.8425
834 10553.5 95887.025
821 91131.7825 57512.975
965 34257.13 34310.6575
1262 60270.1875 92605.49
1081 73163.0525 51314.4175
816 50724.3075 75234.7575
878 80028.7525 45148.515
947 79192.2275 20962.95
1206 26620.35 8780.445
1121 94649.8275 97990.24
947 95807.2125 32653.18
815 86945.47 66196.92
645 19449.0575 19012.77
1193 71842.88 48279.845
1053 37598.3325 59710.23
1070 16082.6575 50553.5425
780 3751.155 39137.8925
1048 14822.325 26529.59
1035 88068.25 43160.8475
1100 4435.7675 76026.7175
1126 20429.0975 42252.75
1278 28749.265 90508.1775
957 44662.425 79589.65
895 89900.1 1758.7825
1046 45045.43 38861.8025
1145 73058.1975 95837.5875
1102 95454.7175 53869.1
1128 84516.1975 48719.68
1018 56616.09 86509.1925
1098 10759.8625 35486.6375
933 61349.23 70229.935
858 18628.0775 27795.8675
1070 39435.34 14609.42
1112 37706.3225 83992.5875
1145 88273.22 97992.5775
856 42386.92 34772.4075
1525 81320.7575 3011.8225
1375 27409.035 4178.22
877 56809.59 76652.9675
1015 78520.3075 28824.8775
1240 55560.1625 108.1025
1117 49985.7 60114.995
820 83767.3175 47082.8025
923 33407.0575 8296.54
1056 58703.855 71889.5575
814 710.34 48194.89
716 58467.7025 34922.9825
1173 71276.47 40012.095
1187 71082.2175 52894.01
938 74855.21 69515.3275
1070 37525.445 81845.2525
1045 89194.925 39531.84
1027 43774.1875 96952.04
777 25547.9775 57491.405
1170 19060.4875 70319.945
597 56735.205 59822.5975
856 370.785 8390.585
1040 55162.695 99363.905
1101 34026.1675 44517.6075
671 14227.4875 20701.945
1187 15344.5925 74676.265
966 5822.5875 31107.8875
1292 477.065 86076.855
1074 20176.195 92352.665
790 70209.1875 6024.145
766 55933.1125 60572.17
892 43509.0825 46813.4275
539 89243.9825 67775.455
913 46538.79 8872.8775
1071 20127.37 9876.0925
737 88281.4375 9232.8275
906 5087.075 3297.3775
630 63957.7025 63166.81
543 83853.4625 54962.6
1047 99636.67 45693.075
1378 54944.6925 58321.17
1164 16170.6225 28787.715
911 5070.8875 74723.065
1002 9837.6425 59371.8675
860 62283.5325 45939.015
750 59217.49 4590.06
1076 25387.465 45961.555
1174 57995.5325 89027.3475
892 23141.535 60816.6925
1009 10321.8075 89109.66
1050 40876.4175 33712.725
1266 1527.68 10958.0925
775 69719.12 84209.66
1185 4882.9925 98484.095
1083 1945.2025 35390.595
746 19417.065 84593.605
1191 36167.8675 98623.74
838 29310.105 975.39
1322 97048.52 35005.8675
1469 25239.67 52567.5825
1026 78207.68 56736.51
829 93274.4475 84274.2375
926 31059.4725 52275.9225
1031 88667.955 94982.4075
1013 38663.7775 25502.9125
796 91984.475 2720.7825
1338 1170.5575 4777.5775
1158 15661.535 25897.2175
954 80359.775 92991.725
945 42153.0525 46565.845
1024 21116.275 82024.1725
778 32117.595 42627.4375
1025 71270.4575 48461.01
1111 95209.52 39945.685
1033 75322.845 73077.7325
1109 51034.3925 32481.24
695 30382.0825 66060.5075
1145 76669.215 75602.1575
1206 87956.49 19130.71
1059 88997.6675 11623.17
1149 14724.0725 86793.635
996 44938.1175 16456.73
1058 65201.8275 80737.1725
873 16926.2425 68223.5275
1338 52018.245 21834.095
1110 30936.2075 90517.4575
1097 21914.96 68877.855
1071 25675.575 55474.13
748 40799.66 16373.425
1332 19919.0275 45151.9225
1253 56662.985 44906.9375
1083 7927.205 16614.32
940 99476.8575 33333.5275
1082 64567.275 14320.1425
1391 89646.6425 7648.2025
1050 81383.995 40164.9575
996 13816.54 71282.06
1463 7994.97 97069.9
977 44585.7525 37427.95
906 11303.2025 55507.5
1059 12789.725 95633.125
974 44446.695 80737.4125
952 66832.4575 20913.0775
1350 37146.3275 4542.0875
1268 7248.7525 92860.34
1239 6028.8675 17810.5825
909 34634.375 26269.0075
1100 36363.2725 53674.225
815 64276.365 14523.9275
526 95724.7075 14537.6675
1434 51201.365 72096.9175
945 2884.175 47359.085
1205 18246.54 84118.7875
863 36325.4375 78479.61
1253 70810.45 16101.19
1007 86727.495 87269.455
1085 94033.5775 4885.2575
656 85279.6725 331.11
1147 2016.1275 46673.1225
1100 74275.015 56582.6275
706 67644.1 37280.2
1038 43171.44 90210.985
1066 7897.2175 73195.3775
1069 73401.9125 92297.35
999 38220.965 70750.1525
780 90841.9125 61122.055
1286 2348.8625 73600.135
851 26711.5275 30966.1175
1123 55981.4325 68313.1775
1161 50568.675 58509.425
1269 6308.28 23666.4125
1089 14722.52 79379.87
885 91079.085 41718.8525
800 61177.625 97936.7875
1251 26121.25 87469.4325
664 39587.1125 94701.15
1156 69694.82 5664.36
1077 86451.985 29040.61
936 88063.8725 46743.3325
787 90625.4425 68166.0975
977 52670.7775 41629.56
775 88672.13 51894.7075
848 23633.41 890.455
698 22756.2925 10313.37
1088 56813.4175 83287.59
1017 22310.005 71145.5
1199 31687.44 1372.9775
875 17686.5975 33056.07
1034 17236.5225 31092.3525
800 9196.71 91188.09
900 1642.105 17383.5225
734 22780.7025 51183.135
1092 57915.35 40957.345
1305 89404.6625 32186.8575
1111 73854.5425 70177.31
1479 8674.1075 28223.8675
730 70122.1625 17594.51
1271 95263.6825 55240.18
