50 100
12236.03 5365 84836.445 28948.6725
12132.5648 3341 86862.3375 62246.1525
11530.4082 4821 29766.8975 84850.1325
12685.7338 4449 71346.17 4891.7875
12110.9165 5901 42040.33 35159.465
13018.0952 5131 53797.6025 15091.72
11264.7906 5809 84139.7825 59084.2025
14600.1484 5116 67454.1975 70742.565
10997.2902 4911 70998.7825 80345.315
11431.8764 4176 12911.88 39215.49
11937.9636 6232 89581.2875 97543.2175
10616.7359 5386 56337.61 81126.1925
12168.0538 5397 91045.6225 34592.48
10334.368 4561 50998.11 40259.4825
10953.8025 4374 43348.63 33357.36
11107.3471 4585 21492.545 70737.41
11806.0374 4726 75854.23 7221.9025
11769.7411 3575 73215.315 5303.3925
12923.1982 4645 95593.35 1028.4075
13691.0004 6961 56846.0625 98847.5625
9776.9631 4535 84569.3075 88865.2025
10900.8802 5063 20884.9925 76947.2075
12546.4822 4622 81683.15 14741.5025
13957.5517 5357 3816.025 69946.5825
10656.2567 3964 29037.715 74985.2775
11458.3322 5708 4508.9625 61246.7425
10375.162 5627 91579.045 95143.6225
11204.0141 5866 59914.21 29384.0975
13948.8836 4903 95186.7075 91607.95
13621.4276 4809 59490.2875 68833.1775
11876.9567 4729 3912.6225 64132.19
10304.5666 5999 42586.8775 85970.92
12590.0068 4556 3665.87 85812.2375
11342.1716 5467 85258.425 28069.4575
12310.5959 5159 64803.535 43090.065
11842.7357 3829 7267.61 53152.8775
11999.4418 4224 93234.1 38695.0025
11611.5714 4456 91612.915 70254.955
12110.2863 5284 41940.7675 72889.865
12992.5926 6054 29324.3025 27513.985
10785.4531 6252 60445.6175 1655.5425
11364.9279 7245 19427.8575 8202.575
12234.9612 4712 57346.7775 44708.73
11512.6019 4560 35067.0225 25064.1025
9767.5531 4427 52921.805 9165.68
12183.158 4019 1959.675 24892.8975
13790.9955 4931 69462.025 38072.245
11761.0661 5104 59483.3825 63058.5325
10894.4046 4817 72558.6 46127.915
13471.74 4790 3596.865 6318.9425
992 23703.6925 63134.5825
797 21266.0875 92767.015
732 24837.105 16938.345
917 97342.49 87145.4075
1313 34734.0375 221.69
563 91816.315 84824.1275
1057 51526.735 28737.35
808 7204.7675 70579.5125
1249 24002.5625 47389.86
715 47750.405 11173.8125
856 34072.235 39294.1525
1304 60708.3175 98933.0
1076 64028.1625 56392.92
974 38132.26 26894.5275
1005 3236.745 22217.4925
652 57897.0 45207.21
1462 12740.2225 93382.365
957 77753.7775 26234.495
1027 82033.48 39402.5475
1065 84217.0775 0.0
1024 67745.12 45437.3775
713 88253.34 50418.375
732 91848.385 4936.18
1105 12219.9675 93081.9125
776 48347.7975 19061.415
816 60394.7225 27327.425
1278 28272.24 96237.77
846 49115.65 1194.925
1438 6619.3525 84151.6175
1188 90150.79 71367.425
956 70674.46 97119.215
1204 77950.1075 54971.62
747 85321.285 588.81
989 90040.8825 11218.68
885 5270.63 74599.095
811 49195.9575 86292.095
1005 10861.3375 93337.245
1006 48364.655 49194.2425
908 36579.8075 29709.4325
985 96974.82 97213.1325
912 51085.7275 41193.79
1021 35558.0925 117.54
943 39809.135 15608.8475
1094 31306.8775 53181.0325
1020 72212.755 55331.82
902 94449.2525 50749.585
1102 10170.15 21234.6375
1029 27948.4675 26109.5325
1251 63912.12 84270.315
924 73202.8375 5448.005
1189 48019.7925 53057.385
857 20312.33 3749.055
995 70065.005 59794.8575
1014 1875.625 53534.015
988 55543.3225 51758.5075
1296 27352.525 75165.6175
819 3737.5875 65818.4675
806 70139.875 18345.435
873 40268.0825 28064.9475
653 68148.275 32428.7625
1086 63397.69 71083.8425
761 84149.01 75280.3675
1023 27770.05 43201.005
899 86739.2775 50748.4675
623 38080.1275 94765.285
832 4388.845 84698.8325
1001 16266.285 92408.8175
1335 47102.555 59155.395
661 66063.365 60746.4525
1163 29396.445 75440.2075
854 22020.17 39467.885
1112 80572.3625 2714.805
968 10653.7825 25224.7675
815 61163.35 26714.475
1420 51983.5625 85574.3125
951 7414.2075 12953.475
1103 51696.475 94768.17
1137 87281.2575 37152.2925
1331 78644.4825 46125.8725
963 51282.9825 4663.705
477 26832.6275 98826.1175
1211 33136.1075 23049.6025
1381 97946.2725 75756.7925
981 41179.9125 61118.4775
870 53958.66 62878.59
1152 27821.4 3582.185
891 41994.67 8775.8875
1368 22521.615 37524.0525
1092 45050.5475 84403.25
645 71123.7975 64840.2575
1251 95659.735 18729.4975
1444 46065.79 34370.6875
926 44851.435 45714.1975
1056 82695.2775 75981.64
1048 67078.69 80408.645
1512 36652.7 93008.765
1328 36154.7 77859.21
992 36660.06 96277.6775
1081 30115.1525 35325.7075
852 32275.6825 85414.585
