500 3000
55955.9783 4463 39196.895 153388.105
40727.5046 2976 174572.9525 123003.6225
52559.922 3987 168185.68 97874.165
59180.4282 6595 63173.4325 52563.645
40291.2368 5217 184739.25 3587.58
45430.4052 7597 155838.38 193485.015
53872.3252 4339 154067.05 143293.33
49393.9197 6881 101491.05 22022.03
53197.2004 3655 87490.2975 58429.5575
69797.2676 3730 11770.93 155739.8775
60511.7331 5595 25321.2425 37822.0075
52481.6353 5266 37743.4325 23209.855
45236.8306 5788 131266.62 13120.14
45565.4576 6328 31722.615 163789.7875
47337.2756 5043 77317.36 163774.7375
46588.5945 5049 88770.9275 32804.18
60025.6026 5716 90410.5175 23989.3875
66865.5385 3138 18708.1025 10123.29
51515.0499 5819 17580.9825 105763.785
48666.5811 5215 192949.59 172255.7825
66230.5515 4226 187395.9275 169603.9975
36163.876 5152 151681.6875 82941.56
38506.0018 5707 78505.0875 131158.4475
31676.8267 5505 115407.8825 49026.325
56944.7674 4590 82710.1125 171542.475
47850.216 3716 101688.07 172875.58
24511.4757 5285 170115.5375 171776.5825
54576.487 5588 134934.9025 66165.1075
66832.4331 4522 1385.21 121105.275
49061.72 3990 133827.6725 116893.13
44872.3764 4470 11009.43 176583.0125
40689.1665 5217 102870.2325 130848.55
43521.0199 4989 90117.5225 61087.66
51915.9486 5668 88936.395 187291.03
49591.7976 4939 164589.665 9877.3575
53410.3859 3558 100499.09 145900.5525
45003.4134 4636 27250.39 128166.45
28603.9393 5110 118256.775 87982.5775
70068.3979 3838 35597.6275 22095.9575
48299.1782 5811 32536.2575 67327.0525
71995.05 4584 129271.31 195984.6625
40016.1486 5200 50531.7525 5628.0375
52880.4189 5606 73578.1725 141090.19
46744.4187 4720 99243.075 130434.7125
45375.1673 3908 26269.505 187971.8025
38211.9672 4252 188617.0725 78447.625
62364.6217 6217 71179.88 198834.0
53836.9416 5696 58645.44 187614.0725
45987.3487 4039 58669.7525 106857.325
70920.7171 5856 80234.71 123757.2025
63732.1374 4015 62394.7325 23015.2025
52430.7808 4614 66142.8125 177209.3925
17587.8915 7151 106604.5525 92137.5725
28412.7952 4588 1421.605 143392.43
69324.2924 5489 111293.4275 94443.58
73333.9321 4914 31502.1375 47933.8125
45478.4685 3211 178597.57 195371.525
47312.9886 6076 135162.94 108654.845
51890.7057 5023 170845.15 191333.5525
54448.2646 4241 127277.0675 1745.19
38552.6245 5968 44319.5 88663.1225
62028.0655 6299 73020.5325 117633.7925
47934.8734 4679 125730.5525 7229.3375
56423.0318 4840 152770.67 108508.35
42925.4408 5082 165665.2025 90453.0225
42353.2434 4017 156503.9275 5248.4875
44756.2788 4949 131412.02 88987.12
36052.6493 3490 17622.7175 182920.8275
61542.7982 4134 96756.26 136397.7675
60216.6702 4346 12503.0575 38227.7125
39342.6763 4238 9659.4925 142887.715
67693.3275 2830 105585.3975 125628.045
75020.0237 4103 152863.9725 146343.62
36582.08 5389 116096.4275 49505.4475
44599.6131 4056 151198.31 149961.065
55496.6926 4738 146843.605 185504.06
42772.2088 4545 57965.0375 3147.795
43752.9498 4708 150940.1775 154644.15
64413.3135 4905 96710.4475 116202.43
64897.441 4522 113052.72 177563.8975
37654.5439 4808 147875.5575 6625.2325
52986.4419 5845 27443.0075 101011.325
40738.1211 5591 93755.5325 68080.4275
45047.8382 4879 68027.6075 101272.4525
57848.545 4143 18057.59 59026.5975
46711.8232 3693 64589.0925 140103.0275
39696.4363 6100 151045.66 31108.0025
69953.5433 5174 153153.92 104188.27
47802.876 5668 87144.4375 109124.585
69548.886 7154 58930.18 82774.44
59046.5075 4688 184236.5725 160847.29
55000.3829 5491 89079.6425 82032.845
52458.8953 6529 138376.0375 173600.46
58107.2915 5867 937.805 58729.3025
53231.4274 4061 139063.4075 84278.9925
36845.1927 5777 34403.475 132956.3175
36446.0206 4012 11056.9725 82767.5175
59110.3624 4758 173308.7475 116520.235
53890.579 5475 68143.025 173030.69
47862.3539 3952 112269.5175 85161.7925
55695.9152 5059 174571.3 185848.6975
44544.7125 5843 52657.5125 118267.815
65578.2304 4405 188700.85 15873.9225
51321.3028 4728 185599.6675 136509.165
37498.9313 4749 154365.725 30978.825
40810.2474 3245 157009.1525 8779.2675
32124.063 5309 155910.7775 69557.7875
55601.4271 3969 180031.145 145986.06
68612.2854 4401 138801.42 180055.595
71180.1017 5877 150819.295 66430.6875
56454.8004 4151 4213.3475 189797.43
42150.1529 4846 62678.8125 58653.9725
34558.8521 5037 124749.21 131742.3525
53434.8086 5141 172721.1125 135677.8975
35029.0754 3894 27505.5825 13244.545
41125.9182 5351 96268.25 171067.285
60709.0835 6153 135834.315 46014.4725
62806.0432 4261 38913.3525 60081.6775
68003.1419 5871 128257.0625 44512.955
31495.1169 5884 181481.435 124607.095
30422.1834 5495 124127.8325 37664.8975
48898.9342 5625 6941.23 82177.525
56592.3848 5093 155502.005 70780.12
56343.2086 5255 118068.91 112148.2275
36748.1466 5343 14054.105 133550.685
46165.8012 4780 48075.685 163349.825
63552.7671 3469 47040.19 78325.2175
45345.2406 4596 45431.7725 176481.5375
56064.4797 4494 160181.1925 112077.3
64148.3431 4244 171539.06 27796.6725
31021.9705 4992 156095.8825 168756.4725
54564.7936 4575 114936.845 93837.6075
77293.1564 4810 107605.6325 132518.4775
47253.2751 4653 118399.415 118440.05
38335.2142 4258 55730.055 111649.74
86174.6521 5935 68608.265 21378.6575
44677.352 3747 165966.685 73057.44
70060.1645 6164 154645.2875 73912.7375
46456.6637 5225 101795.015 57508.7625
52628.8264 6564 12886.895 49766.9475
36731.2761 4970 133735.9325 43559.2875
54848.8325 4938 2399.7 4140.3125
43258.5732 4851 106072.8575 10085.08
62508.4147 4539 92293.235 53988.5375
39807.8219 5195 119723.835 69278.0
45763.8958 4827 115555.39 47468.24
39942.122 4965 92378.0825 99788.9525
49331.883 5460 81425.0225 6305.125
50437.9878 5177 26654.09 90927.2775
69703.5522 4145 22186.66 60960.535
52660.7117 5812 93233.8325 193986.6775
63385.6899 5042 61700.96 30598.3725
67328.658 5564 136458.12 168002.8575
28948.6086 5295 193339.21 100720.5
53130.2337 6776 484.8075 42541.2775
34403.2569 5147 79271.065 180731.74
52500.5617 4787 118262.905 173632.8825
33333.1955 5890 177696.3775 105541.675
45300.2747 3858 118077.185 78071.335
45513.9196 4778 0.0 145833.4075
55917.8361 5058 125485.0625 198095.7725
43660.2197 5279 99807.1425 45892.96
19911.2188 6667 24065.9475 15750.6225
54796.1627 4763 174231.8225 14006.515
39885.0141 4386 113396.5325 32345.4275
59589.2252 3784 27200.9675 193049.7325
36055.9249 4152 159420.2325 2564.4875
42856.685 5056 4918.555 21515.84
48821.568 5492 187091.1375 81029.7075
28614.7839 4414 105037.9525 49961.1775
47754.2073 5294 86643.2225 169752.1475
58742.0245 5218 143203.295 188945.125
52833.0085 6262 140563.9375 49594.19
55063.0858 5301 87054.595 122078.51
72770.5461 5374 118127.175 80425.62
72509.6766 4247 114343.025 135918.83
48617.6449 5318 147005.79 176802.3375
27876.1816 4114 186440.1175 143198.5125
56292.4056 4602 171511.3125 114720.8875
50665.7656 4995 139274.205 66380.215
65148.9546 4254 104598.9575 100580.4125
39059.4407 3790 46534.3 198675.005
26407.8643 4360 191124.255 33767.49
49498.5637 4851 160468.7725 12561.5
63666.5265 5291 105513.4975 141352.4675
28891.525 3433 133902.4 8996.445
20180.8993 6564 16847.1 117410.9275
56351.8823 6441 103117.39 161831.5425
35504.1815 6301 184893.7925 167830.53
46975.9209 5203 40105.2375 39480.1775
48818.6613 5435 79214.6675 59261.5
64794.4634 6013 181180.195 46133.1675
67159.1584 5036 171929.86 150.0975
45497.9949 5369 88607.275 92281.3375
46958.0939 4185 38777.2625 104413.305
50248.0105 3703 187881.89 50787.83
52088.9026 4588 104326.2825 173968.7875
37003.0258 3768 142391.4525 99661.9475
52358.4523 4215 161274.7375 13419.325
77146.086 4313 106975.655 174743.9525
54706.4986 5329 130188.28 191084.8625
54663.7778 4818 124027.4275 61791.7475
52204.0099 5278 58999.52 145807.18
54532.282 5442 152291.3875 117758.6725
77297.5558 4607 107827.47 86866.4625
39125.5941 5512 168049.1825 94228.355
65742.1124 6702 188985.665 60145.45
32048.3408 5479 128254.4675 127612.015
56350.3709 4640 187907.275 128362.6075
74230.0168 4576 68450.495 46037.035
19034.277 3055 78984.6325 15674.515
41967.5082 5207 374.9175 87354.795
57161.3814 5194 16579.3525 130845.035
71701.8114 5256 9750.4675 147210.1625
66862.6244 5085 72236.605 70672.5525
30498.1484 5969 157463.0775 60960.6375
50146.5375 5961 114300.245 195601.21
45767.0998 4645 90197.0 146523.68
34221.288 5809 153261.3225 16860.3875
56387.0972 5525 138279.165 60502.9575
53561.6417 4329 60854.89 121199.6275
41448.6067 5252 49446.39 39216.4875
33091.858 5590 115281.9225 143303.035
63688.5176 5640 185004.8025 151364.975
46224.5909 4486 66169.79 188896.51
20589.9889 3111 170130.6575 190129.125
43722.0329 5653 47077.2675 7030.9175
47328.8601 5804 53617.0875 179859.795
41743.4503 5343 145421.085 31434.7175
67551.5133 5179 161698.145 177863.17
52569.3198 4987 195244.775 116566.5725
42263.9073 6159 57788.9225 122345.1525
51767.066 5146 143802.3925 29783.15
53546.1094 5077 109338.9925 114456.7675
53741.0131 4184 51120.3475 158027.185
46913.2591 5150 105175.6075 110191.9125
38987.8878 4467 49670.9725 145774.505
46555.8729 4237 12040.8175 27342.0925
56738.8093 3513 63800.4425 70717.73
43862.0905 5690 130055.92 70286.49
54181.7965 5227 41853.49 194550.205
39184.1289 4594 106736.7225 11919.1275
24348.7952 3640 196174.1625 109398.1525
41909.2149 4944 78808.44 128621.1875
30429.4104 4212 111204.4775 121305.39
57260.4094 4521 75098.4475 28101.4125
12748.4429 5939 67064.0875 127805.1075
61052.2153 4666 135695.1525 13555.1025
44425.2104 4893 108036.6425 37502.24
36917.1349 5917 28943.3675 85654.525
61662.2495 5657 56575.515 80409.975
55924.748 5659 49652.59 85258.14
68236.591 5750 192996.5575 24205.655
30642.3929 5458 136151.27 44268.85
70437.7934 5143 189483.0675 18965.1
25779.4563 6383 127312.94 1113.155
57812.6246 4696 153421.21 38318.2525
53828.9329 5125 24058.57 97070.4825
54870.8509 5467 197572.1625 164886.6975
39788.8542 5712 120044.855 104648.57
45794.5164 5586 17992.295 60681.5375
57145.2137 3940 131968.25 18052.405
74433.6568 6366 140945.5425 66245.4725
26938.0723 5199 2574.5625 120255.845
52832.8753 5476 60187.835 49605.965
52471.9078 4741 60399.9275 147541.4775
63270.0638 5440 91740.745 145930.32
46259.7536 4558 132287.0775 87717.16
69064.3831 5021 96590.5675 82253.4775
58279.4207 4571 65939.625 28235.1175
60672.0328 3425 43755.7925 84429.7
40516.3927 5047 170055.58 67364.415
52771.3563 4679 54059.8725 100231.215
38751.088 6395 17137.08 147597.87
46660.8406 4030 20807.1825 117367.0375
58969.1008 5346 188717.135 177187.5475
48185.5489 5168 2552.455 95130.795
64720.6967 5561 176466.515 31684.83
48396.4162 4240 106168.0575 144750.39
61737.6317 7071 124026.195 111691.06
56890.1408 3894 169790.8875 159151.8025
48775.114 4786 47870.6275 151254.14
31587.7478 5706 191750.0375 98459.855
57439.1513 5655 84213.945 106690.4125
65463.9102 5552 180805.9175 198255.6925
43373.1147 6971 147195.92 12332.5
66369.647 4517 65144.46 11047.095
55768.6904 4600 54953.885 134897.865
45938.3337 4816 65878.32 22464.5675
33264.8042 4344 115350.2125 18158.73
60897.39 5109 20759.1475 197688.81
60223.4296 4416 183195.235 832.4775
38015.1173 5537 52533.955 84876.5675
55988.371 4734 103570.0425 90820.1275
66294.5332 5186 81451.3975 121784.34
43468.3092 6192 93331.9325 140760.1875
75938.4285 7294 158960.645 175481.39
57986.6762 5848 6073.4325 67799.0375
64254.0633 4067 96764.1525 132684.9825
66357.8681 3136 98651.0775 26079.4975
53133.2627 5067 80778.61 68593.7
59823.9247 4111 27474.96 269.595
61395.8673 5548 106769.99 26209.6825
52804.5035 3729 193401.6525 109183.0275
65061.7274 4572 191181.4675 83290.9525
64390.8026 5487 64614.9275 159888.5825
51736.8866 4740 17843.9725 197211.415
76833.3857 5192 63990.1175 125086.1175
51071.4 5449 72001.72 108255.41
42684.3321 4929 26303.8725 181126.82
49726.1333 4589 21676.56 126563.8025
81900.7912 5745 172698.57 160358.7475
64216.8596 4538 80878.185 96741.1325
35934.929 5113 128289.2175 181145.765
58805.7525 6390 191040.17 159713.265
70896.42 4688 190444.4325 82429.015
44272.5237 4475 103899.405 19092.06
53792.3395 4519 100054.7825 79472.8425
70475.261 5436 25273.305 41021.1
32751.2271 5574 116533.9225 41421.505
45355.0743 4804 35730.32 161046.77
61427.5484 5164 192612.945 176562.0275
52732.0041 4655 181599.5025 63135.4925
45722.1135 3966 9726.6625 88189.8325
39081.0108 4809 81305.5075 76305.8875
57855.9862 5912 39704.8075 37449.5025
41820.5958 4548 147257.545 171887.2575
41126.2989 3916 173517.07 123381.42
67664.6813 4014 188729.2675 81393.6675
67373.6946 4005 178486.7875 113116.8475
61575.6059 5432 47505.77 141461.2575
53114.6753 3581 185642.8875 61405.3275
33599.5299 4040 150842.2225 11609.3325
33424.8775 5379 27142.1075 119187.76
49242.543 4994 121261.32 83001.8325
55942.8704 5173 101279.415 186205.6525
41041.8692 7222 34595.6325 134067.66
35357.7498 2264 197777.305 53846.585
56659.4748 3264 150550.7325 37635.52
54366.4387 5764 17075.75 126621.2175
63108.4495 5540 50046.395 67431.555
59158.8143 5299 89567.7225 114317.6175
38894.3695 5862 176916.03 81756.425
33763.7275 5887 194157.395 66373.565
50768.2944 4461 4624.8925 175070.5525
39695.2465 4408 135223.1775 16608.72
48930.7762 5245 50414.0325 54570.4425
23982.9618 5073 66198.3275 101181.11
48427.1725 4784 194533.0625 157309.9975
73589.8982 4450 23522.8925 137847.9525
51066.3279 5976 33197.9575 81239.515
72024.7976 4256 126198.25 194733.1525
52916.0731 3807 142658.4875 47921.105
46753.4253 5752 88040.9675 111867.775
25994.5743 5648 145114.5075 67977.0625
47329.4608 4371 13781.34 193277.7975
43849.9672 4698 34799.1475 141788.895
40636.5952 5104 187282.66 81042.685
48769.415 4089 50811.18 3498.625
43180.6461 5152 111546.42 58582.7825
48689.4007 5337 65333.9 154348.1925
58466.1518 4556 42662.1925 91941.0675
47243.2729 4924 74457.7975 28192.4625
47975.121 5164 174575.7075 169374.885
39025.9441 4632 70045.7675 101701.6125
29359.8067 4468 198893.1825 22813.8575
70200.9822 4530 115963.9775 146901.4725
51532.8521 6638 188026.145 37951.5275
52690.4794 3915 180333.6475 10255.66
61911.1008 5347 45423.6525 118176.0375
36177.1298 4951 185643.7425 163504.6775
43282.7337 5046 80164.2325 23007.01
56757.3942 3941 70638.76 61364.47
40485.5177 4505 96755.5 72472.3875
40564.2301 5150 138543.6725 99033.5775
67857.7189 5643 38708.9475 85672.59
58448.6553 6713 89576.21 199259.225
60499.9957 4837 64706.8675 11820.245
33569.2595 3997 187471.985 6200.7125
45467.8376 4759 9139.9125 153344.0925
60286.3044 5165 15906.2525 86956.7425
38486.5358 4911 182628.695 94211.075
43810.1083 5407 171926.4625 56565.42
50146.1961 5263 116139.145 83473.2125
57849.0631 5090 18854.0275 168335.7275
50275.4029 5389 197665.48 29127.0525
49449.7084 4654 92617.3625 184504.765
51537.0804 3224 176736.4675 135874.6125
38852.453 5184 61562.1575 86380.755
45094.0738 3952 196608.0425 110367.08
47639.2892 5866 176881.5875 43241.6825
36048.768 4910 52572.1 118651.5125
50891.4531 5398 17575.6625 53675.1275
61332.4924 5280 63563.0075 92978.9375
57738.6982 6456 126229.515 150512.835
46095.2851 5051 163175.82 104292.3325
52658.1013 4482 186997.44 143924.865
62643.1589 5334 171464.4675 3243.2025
49322.4563 5609 105086.2475 139381.8425
55027.9725 5627 71112.1275 36709.8125
47959.3236 6587 162283.6325 66031.0275
59533.0129 5251 90624.17 95855.26
53759.2589 4643 86388.2825 161823.965
51529.3218 4045 16521.845 84837.89
46440.9199 6358 195283.0975 29637.395
72574.9766 4975 98171.25 111527.365
61030.8375 4581 69823.765 16218.5
59870.6987 4970 51504.5925 8655.1475
54458.5769 5233 135219.3375 159708.465
39041.3598 5483 32513.4875 190011.58
64323.8581 5183 63719.3075 154121.31
58843.0775 6277 116998.3875 127624.045
38920.0029 4439 18388.25 147550.54
46922.9873 5116 93145.385 102803.605
44862.0526 5558 121139.255 55639.2175
49210.3255 6111 133266.8925 14457.8425
50526.5131 5181 12926.2975 130801.04
50410.9565 3056 102861.6825 136791.26
46683.5279 4868 121837.3475 3178.835
48696.525 3409 29023.325 40843.52
59822.1249 4987 59384.6575 34943.785
45070.9297 2818 30946.9975 64944.8425
62654.4158 5734 70619.0425 12588.59
49877.2043 4715 46897.3875 75876.015
40833.131 4704 128459.995 115502.715
50021.3537 5825 37220.3525 139396.6975
55937.7294 4494 151429.2025 179011.7
58615.0881 4915 49235.5 190956.91
57262.0713 5947 199424.5225 59752.3275
50167.7696 4979 144343.325 80252.96
39529.1437 6129 55221.3275 32793.1025
47889.1039 3434 30283.48 5711.825
45980.6803 4717 125660.945 175444.245
21311.0766 4328 147462.0575 6593.4925
46232.1132 4448 1330.555 22997.86
71568.6847 4170 109218.7875 87856.02
43568.467 5562 190699.6825 13465.57
73485.3241 6525 173495.3275 21881.955
39320.594 4468 17667.425 41759.4325
69646.281 5064 115616.4475 124026.555
45950.3671 5330 3058.6325 46817.435
53401.2186 4508 103667.3975 75982.885
37782.5058 5542 111409.12 19871.48
58706.4724 5371 105676.0325 181652.3675
49864.9592 6806 197945.1775 144147.7075
40560.366 4921 1986.1675 121255.7075
54366.009 4996 62212.46 167229.0625
66094.1673 3326 108015.69 127205.2825
52090.3353 5989 37258.4975 125719.125
47040.0103 4407 35820.015 90860.4775
54851.2744 4660 163332.7425 128993.5175
36088.5889 4838 119314.115 29655.835
58981.6404 5342 93227.01 192597.225
32468.3187 5626 188024.96 167941.2175
58453.9623 5507 131448.75 32947.6675
58881.7934 5052 156091.6475 4305.3675
50652.5159 5140 95781.015 115573.19
38406.875 6085 46704.5075 152665.6675
33899.4723 5614 29674.06 187739.1325
51254.8308 3084 46834.95 1723.02
25511.6004 4282 5056.215 75744.24
47774.5277 3632 146331.87 11474.445
66642.0229 5365 129696.575 35585.6525
58032.5616 3566 97665.5625 168061.81
49829.1486 3695 69891.79 143548.395
31566.7492 5656 113728.595 91670.895
56024.8076 4655 61027.835 86541.4475
56054.9866 3944 5167.3425 153535.56
65498.075 4412 187384.7175 50674.2325
55158.634 4569 20390.9375 157777.2325
34508.0121 5838 115963.0175 31656.695
63930.1636 4992 179651.79 171304.9725
55916.4392 4329 143461.22 98411.4575
78403.6284 5943 143130.7175 191270.56
44085.1858 4619 195503.7825 77368.38
50992.2174 5260 3910.13 186019.3025
73217.4234 2993 154067.4775 34445.485
46027.5307 4195 174112.3175 154623.6175
53379.2151 6908 143689.4325 199782.2775
58665.5003 4374 57984.815 161301.85
55378.6216 4822 58570.8275 190913.3775
62328.3421 4775 61504.5975 96388.185
29395.9621 5312 198415.7475 137755.05
58055.2262 4976 145337.1925 143528.8
31520.7479 4180 93586.49 182448.235
44853.4332 4431 114755.055 176989.52
51897.9083 5204 24394.065 112830.075
54088.0141 5772 197687.9175 43457.89
67028.3649 4939 133682.0875 124481.8775
52898.8417 6391 138865.83 24883.0875
50494.15 4079 76802.3675 199862.6175
43849.0265 4053 71815.45 7181.7375
59294.8814 4159 167155.8 62491.8425
45937.8442 4606 111314.3875 70891.9025
48315.144 5736 59007.115 152813.6525
48878.6095 6166 152940.4925 179695.005
44247.2746 5009 59933.445 44392.7125
43538.7998 4891 72428.9825 7026.7875
44139.9021 5636 46792.325 175626.045
47421.6031 5390 118448.705 86929.9125
297 115832.405 98959.7075
399 85836.355 193195.6025
416 109927.7375 56501.45
207 188761.905 57308.6375
357 86860.4575 104888.8475
342 30581.7275 158977.765
280 130146.495 66261.4075
366 62004.875 55.005
358 50017.185 190731.0325
209 172785.0375 127835.66
303 12482.3775 23892.1025
401 44740.5525 139914.79
365 174590.645 84015.96
404 59592.71 125664.3825
390 175694.5625 31065.75
337 121172.76 136700.575
356 125420.3 144079.135
507 145025.6375 162681.995
346 178256.1125 108173.215
467 84074.635 165687.74
257 139827.33 183503.9325
192 178726.445 161104.1975
321 106958.325 154902.2325
276 138318.2 150306.465
245 186907.5525 10459.455
350 53437.2325 96394.4875
302 42578.2225 106013.345
314 46410.715 147429.73
242 91884.19 184728.6025
264 52431.5775 190480.49
316 140002.385 29834.81
435 81253.1575 63784.3125
335 91885.02 163376.1525
273 187300.8625 169418.22
245 82565.95 59206.0125
368 11366.07 121555.875
328 163815.545 5833.69
321 30916.7875 67808.74
346 13000.5375 126007.6475
281 10454.47 159950.7975
367 67170.7425 68940.59
312 81078.69 195066.99
294 68015.49 179142.7775
274 118525.02 35330.34
232 148582.075 42914.115
265 95043.55 187201.55
347 192898.6275 68316.7825
346 28195.0175 184917.5625
406 2875.6425 100657.165
377 158514.9125 31835.7975
257 43274.1675 173215.2425
290 65615.005 110512.3225
323 146472.1025 199395.6775
268 198478.63 133681.1575
429 68687.2125 57913.295
334 60426.56 101692.3625
294 60342.675 175519.1575
347 52380.45 111148.605
241 127320.1825 187216.965
282 6877.3475 159903.1425
395 165102.145 118796.14
363 2277.585 17778.0825
350 122031.135 155919.1475
205 24141.06 187458.9225
379 111572.925 150675.8875
342 4464.6625 22573.33
442 131674.77 77658.545
306 58149.4825 19982.8425
365 140982.7625 173534.38
311 92805.9375 159044.805
341 159970.19 28956.5775
301 114284.275 8618.84
430 154072.2725 143058.5575
347 113135.47 146717.9325
441 8079.135 157628.4625
387 24553.655 37950.66
247 45506.395 57944.1575
429 83699.4825 86053.7675
261 31400.9825 21794.465
403 131365.245 140657.9175
429 56445.7925 24472.645
362 103769.995 58432.2525
407 182776.515 116406.4
317 3816.305 184749.795
373 116881.605 75514.355
451 77803.665 49367.2875
439 92547.31 66592.97
390 19514.6525 18969.6725
286 1542.45 130022.35
453 107503.475 21906.41
184 61779.27 85129.835
224 168227.7475 40349.4875
407 195492.7475 138693.7275
369 19694.2025 126744.965
266 174191.935 177047.2125
471 179306.4525 99168.9825
308 141554.2425 116797.0725
388 100591.95 193940.2475
433 136866.4825 167795.3675
535 30297.3475 8525.86
337 163513.3875 132855.08
346 164797.6175 4971.2
365 17905.5725 183622.195
439 103926.49 133066.455
368 106753.13 92.095
201 50268.5825 173190.6425
433 61412.43 197174.5575
308 180362.5825 36478.1475
392 148433.965 86802.2525
307 188823.625 78157.355
340 21699.9875 147437.035
364 95708.6425 30546.8025
360 136436.0325 22339.7325
272 176884.4075 98409.675
437 196185.4325 110096.9275
306 116214.6525 44270.4775
430 50478.035 38485.12
354 81596.83 196863.9075
415 192619.8175 54924.655
399 164190.8325 23611.71
407 159114.1525 147954.2725
328 116598.51 19068.1475
254 110978.69 37637.195
397 108445.04 62751.0825
420 77326.0425 31425.4475
334 71404.71 191427.2975
381 194277.985 163812.33
335 110011.7775 54915.895
266 28739.2475 168554.0275
457 9572.09 190271.1375
323 148446.3625 3600.72
463 189312.0225 77584.165
507 147312.545 187157.0325
314 126568.0275 145174.085
254 168179.045 176946.905
307 160820.395 58156.9575
311 110047.4375 183018.44
372 4926.3025 79602.445
201 129197.7325 102900.2225
361 14750.0 170433.8875
343 86165.905 167313.795
317 9838.3375 186682.5525
205 195988.8425 151995.6575
422 51655.5725 157943.6175
420 6110.645 33778.6725
223 28098.1125 124118.15
245 13999.1175 159344.145
349 31607.4125 28660.5275
313 26943.7575 191669.375
311 158528.245 17453.1775
313 150280.095 9916.5075
393 24950.2225 40480.7175
461 114432.905 1666.0825
386 61042.7575 24105.1325
227 70949.6375 53189.205
293 128652.5025 148581.1675
390 60908.4675 154625.695
334 135326.3875 166001.4
291 163599.485 41140.5775
310 48448.15 161450.735
313 5319.2225 45466.0725
355 11085.3575 1966.315
450 195214.615 73777.8425
353 36380.705 83096.0025
388 91739.5925 195830.6325
440 75846.3675 35526.78
311 108521.81 115748.9425
366 149862.1925 138133.43
283 25456.555 129659.8375
432 161874.915 5474.655
278 73002.3275 83254.7
373 94375.345 30282.2775
237 141774.5725 173459.8675
356 26426.82 183978.6
336 1175.8275 142286.65
365 96998.31 131295.605
325 163197.825 114724.7025
264 187972.625 158662.0725
488 32249.855 189011.2925
339 116717.7825 161085.19
362 194883.97 9048.2825
274 57145.27 199775.3375
414 81368.265 38319.7725
383 183106.1825 140170.855
388 132461.15 30678.105
333 20449.5725 92955.53
353 24700.5575 71369.185
332 141294.4125 4590.9
355 145726.1425 65925.715
343 61763.435 142628.5125
429 96300.795 64904.3525
480 92344.9325 56597.825
349 118208.37 119887.2875
298 170089.875 16031.945
390 127474.595 67029.975
237 116715.6 48227.61
263 58426.73 178586.9625
325 12056.915 164793.445
388 38356.1425 23194.5525
400 168844.1575 181440.2725
442 136054.605 146833.525
304 33500.615 90326.3575
362 193947.25 59708.305
337 48035.7425 71894.5575
278 27642.0925 26713.7925
332 103546.2725 27614.7375
274 153038.2225 72548.33
260 96696.8975 122955.92
301 156304.855 4763.2225
382 186937.99 108859.6075
428 68471.84 4218.53
302 278.04 181066.8625
343 70078.8725 164671.0775
304 39014.185 167060.7075
411 32732.6025 14182.765
212 103681.9925 131192.445
419 41995.9225 174509.5775
349 77892.0 117713.655
238 135559.4875 79121.375
305 62149.055 170366.685
293 58820.4275 68686.6625
281 13981.2125 42714.795
239 159038.035 91040.9
297 139494.245 148868.405
329 32364.045 80456.07
288 166264.925 190103.4225
338 75721.4275 75455.4375
352 29678.065 145266.3075
302 14030.2375 60292.345
348 65759.955 57776.56
321 153778.325 6035.8925
134 31846.5725 25968.7275
391 121520.0225 90411.8225
308 117593.685 26317.9475
242 171711.025 189894.2
373 9683.39 34854.885
435 143258.8225 84771.805
416 138925.055 89943.285
421 33018.23 67647.7825
367 199360.775 54396.885
327 115926.855 159766.3125
421 39205.5625 63411.99
354 67881.3575 60837.18
320 99892.47 60955.625
345 114091.745 129130.085
365 38087.19 40717.4475
410 152981.39 142562.65
354 168054.775 167785.7225
415 176928.665 56393.82
295 14747.555 85387.6725
345 2949.785 52189.095
308 54543.6275 36304.68
344 101374.44 87770.86
354 75051.84 173076.6475
293 129795.565 26365.4575
309 54855.4475 108854.7975
400 78285.37 135685.585
376 100733.7825 63697.9125
271 68757.47 187756.3925
420 22246.2175 197381.2525
338 139861.3125 147760.935
291 101850.685 86828.125
224 119684.5575 152977.36
397 171124.6375 11234.95
279 97628.93 99975.97
425 97162.4075 98697.59
325 85912.6875 78868.705
331 91704.645 58682.585
189 120815.0425 87089.2275
281 15637.3675 194131.4025
363 4313.045 48989.4025
372 84603.1425 166833.74
319 190673.2675 53780.2925
326 111363.5475 45489.625
263 47951.6825 32916.5575
374 44293.27 107504.795
232 60876.865 27290.46
279 68443.485 112842.9575
441 5377.8275 97505.665
394 139422.885 58398.93
335 35047.5775 164968.9125
331 77862.2825 102728.9775
196 8248.655 130157.5075
305 1486.4075 7462.125
319 171116.545 128298.55
425 73773.5975 106003.15
307 175228.585 61278.2625
336 85276.74 28653.1575
286 153697.625 174277.07
477 2293.7325 110865.65
315 142229.84 158173.155
430 10193.4225 144156.69
385 199248.32 111587.1375
336 50889.385 24235.46
383 33867.12 170835.12
339 33525.5525 178523.1825
330 194943.53 147818.1275
454 168239.9775 166793.52
256 154149.6025 182629.98
388 177168.7125 82962.815
392 156343.8725 122436.2225
419 78897.41 10771.41
283 48300.11 7040.435
334 35498.2 181738.6475
230 92927.2875 175511.4025
220 133973.22 194610.5875
352 88360.02 41927.745
198 32971.7175 27529.6175
359 175393.5175 64269.525
337 27812.35 21324.3175
506 156641.275 185765.2075
302 17274.525 190040.3075
401 146851.7825 174284.255
426 81382.4575 76555.735
358 12959.3725 16321.8475
343 15424.6 107008.2575
346 64078.86 13373.8875
321 9570.765 13845.7025
192 25833.375 182722.48
313 30245.405 178919.8075
315 192554.0925 19402.845
441 103137.89 2196.88
365 23176.9025 78801.8875
288 156785.8775 92343.0175
313 57151.3775 11096.1875
273 177836.255 42350.885
249 12165.2125 100824.41
304 84011.6775 198423.825
296 27540.2575 191632.695
378 46729.68 35725.0625
290 5157.965 58748.425
264 62109.87 98029.975
362 114803.59 64794.105
213 11713.5425 50072.4675
302 146356.465 81318.0375
402 131725.23 23974.0025
319 123874.1175 198941.9625
250 103067.7825 152055.2025
300 152374.565 129086.0625
237 145540.0175 142438.33
351 119209.9 179588.5225
262 13985.065 156561.8475
328 169974.8525 77932.3625
276 132105.975 54806.1775
426 126419.715 107508.0075
350 141145.4425 80848.18
282 1914.2225 170072.3575
228 12199.5625 158110.4025
387 63332.825 67926.275
322 96588.5425 188699.465
291 30219.135 31979.505
261 169378.6375 168101.91
396 140007.0475 76115.15
272 199362.7 178969.9175
303 12784.9325 187466.91
326 177860.86 14294.235
423 80226.845 66065.1675
378 180418.655 182390.64
442 17779.115 79073.5475
295 71253.215 79381.96
378 162142.155 120057.7525
384 44950.71 63125.4525
457 122010.98 195926.2
417 29597.395 25422.145
277 28387.48 35636.04
273 177348.885 182623.975
388 130671.47 127760.5275
345 172708.5075 47782.9675
354 163127.96 129193.05
210 119765.5975 21183.705
330 141176.7625 183097.83
437 181489.4475 9927.2525
353 58983.2125 47231.6875
368 124688.91 58075.8675
212 143165.92 131704.4475
276 32526.435 90584.695
333 89590.4975 136928.49
404 122112.44 186266.5575
420 120265.32 80116.4375
340 107585.4125 183936.7175
319 48494.56 195315.875
303 116202.29 184742.6775
351 2528.225 148631.5025
334 102163.8 183209.78
288 111895.6925 102047.225
254 75670.2775 180708.9275
401 74316.055 41800.4625
297 120332.575 133113.82
495 46456.9225 34126.48
410 174477.705 100288.965
297 115734.1075 30511.6975
348 42035.44 142937.9025
249 78363.585 156263.6175
523 147735.4325 3168.935
311 118851.085 166516.5475
279 159250.4125 55475.7225
332 111303.82 141714.3425
322 142524.7175 31596.0125
363 131742.325 187583.07
299 38063.315 178027.7825
338 192067.17 105783.07
258 96516.78 159628.34
259 149038.65 9080.2875
316 122131.285 85868.5425
273 110552.815 155966.2625
272 141238.0025 196456.4575
309 173946.5975 86599.78
508 49030.185 54941.1825
346 83278.4125 85712.86
371 169435.565 183144.1025
234 185547.11 151508.1675
360 130447.435 40422.6025
323 102700.3425 3987.0025
256 100539.1275 192436.66
305 73193.685 188552.79
426 75448.0125 199919.66
335 5948.31 102320.31
376 77277.905 96116.305
363 171036.545 181385.785
394 132743.3 104735.9375
241 155268.8075 72911.36
435 72460.765 168400.02
319 87404.39 11008.1775
312 145029.555 63072.975
295 73933.8225 21721.615
402 151115.9625 162672.665
212 75296.3175 11734.7025
319 50554.28 44187.8725
426 10334.89 24308.255
404 103272.4 20156.98
379 130946.31 47857.0625
201 76462.7725 168948.77
397 108417.95 119114.26
371 98278.695 125021.3425
441 109912.665 66363.595
277 47144.735 142613.525
274 135484.905 96130.49
328 128655.7875 198329.0175
383 178155.245 82139.445
431 162930.4275 185767.8
301 37977.735 126211.4425
412 67946.2625 11066.14
385 193794.7075 141880.8675
273 80145.9075 67088.135
261 72734.3775 15479.7425
356 129345.415 165958.5725
374 125351.035 174908.525
369 154193.555 121658.79
295 36308.095 150917.565
302 3610.865 148359.055
207 153248.7675 160398.1175
316 145655.3125 152395.825
306 155203.865 169429.0525
378 73727.035 9828.125
278 30454.2425 127382.225
453 161547.84 77613.2575
222 181107.07 92174.9025
232 69174.5825 182916.0475
314 125297.1225 20283.9875
232 66775.195 131015.8325
365 8619.81 70427.02
411 124551.13 69777.0375
464 193241.705 66152.6625
353 152801.24 145408.085
403 177204.5825 108769.78
255 88316.5375 20722.0375
289 37877.8525 109121.9925
316 6834.075 105026.4375
322 133206.6875 189193.605
349 35483.3025 68751.7875
344 35407.1425 174257.9175
477 72018.5175 124276.87
391 87577.6675 81531.555
402 13614.7275 78543.905
317 191917.3975 74400.7775
291 170888.1075 87166.64
384 172804.0225 169247.57
422 151163.35 131933.815
287 38616.315 163701.0325
247 36190.7075 40520.4125
401 151521.33 103773.39
344 167115.4325 76958.6525
384 49751.9175 70999.78
306 158426.8175 33658.7225
224 126006.2125 15710.7125
244 25253.715 62459.52
399 28021.865 68335.005
301 138501.495 111421.2325
315 46732.6075 121800.8
410 116051.655 18076.2375
319 148470.535 80870.6425
246 156455.5225 22838.9225
368 185771.8575 139397.8725
328 104091.0325 105321.425
213 49124.71 131170.115
275 132103.92 178001.05
278 161627.3425 163386.95
254 518.5125 171659.58
282 129031.6475 142477.8825
383 62703.5025 109235.44
417 19555.44 109203.9325
344 174171.9875 12775.9275
204 177895.41 153422.2025
305 8486.6575 42822.7075
325 144524.5725 142135.2775
374 187813.165 38058.6425
405 197388.455 136076.1375
337 151219.24 105648.355
246 35103.3975 22987.5675
413 96488.1375 77303.4675
304 45181.805 196081.47
410 102751.6725 128795.7625
327 147681.2975 165946.0225
363 18031.7325 6841.2625
276 78084.12 118243.935
351 83569.0925 135532.9475
286 183453.21 82475.6625
506 177280.085 152854.525
327 25255.6175 191436.9125
520 108083.8825 2383.895
395 19418.5575 184646.4675
336 91172.295 174968.56
251 75375.0 151124.8275
471 17387.3 175531.38
403 6751.3975 116467.1375
309 74147.545 66310.4625
297 181668.525 84193.655
261 93987.0875 126053.905
444 195637.3525 189786.01
434 198211.895 33704.295
407 117261.255 58524.42
287 32353.3825 130985.85
318 139748.4425 46563.6275
336 27792.9625 2757.7575
383 187059.4075 159085.6975
307 19246.0475 146459.395
364 41012.565 29430.01
333 88336.85 14471.5075
358 20959.085 153468.19
347 100817.5825 47462.6
397 40941.8625 98172.0575
294 15626.135 25236.93
365 10071.865 59121.235
370 168020.805 57137.0825
313 75030.2725 127899.6275
302 86919.04 157719.12
344 150627.8125 74421.8175
442 171325.335 132069.665
273 192504.0575 43644.225
351 24143.505 184374.3
331 87117.62 18222.1125
220 168021.1975 42600.7275
296 29659.355 169416.225
285 92329.7875 193112.17
343 156252.6325 54214.8625
319 114531.9675 45027.45
389 38279.6275 61028.97
342 132382.7875 157862.39
480 52439.59 163043.6075
327 37937.945 125757.8925
331 191619.9725 76669.28
306 146359.0475 113672.4175
279 31367.79 178735.7675
425 144582.8325 175329.9925
330 111256.975 188214.0125
349 43193.5875 98023.5175
430 160564.335 80016.64
421 52841.0475 43701.3325
435 107535.9275 184697.9125
433 147310.985 81832.905
363 14629.565 62704.25
483 102692.3325 117664.4525
290 69999.615 152368.275
214 53792.4625 49784.2825
294 12900.6175 59574.4125
372 147837.3075 135692.7725
342 31359.3775 179968.4425
386 137043.72 87226.55
376 81527.1125 180810.83
335 50492.83 162784.1925
299 32839.0325 89681.555
292 16145.095 198297.085
271 13095.2325 171859.9225
352 183339.5625 51779.81
244 193297.2025 66509.3125
298 199138.4075 81020.3125
376 136316.7175 60731.9875
269 11152.6425 54495.29
406 58275.7475 79835.6125
257 9358.04 119498.3675
336 144509.945 158122.13
267 10805.7725 120027.2475
312 181830.405 65251.84
200 124573.0925 16621.1125
296 121589.6975 75398.325
297 49632.21 98206.945
344 162946.235 193550.33
340 187093.9825 85516.4475
322 79784.3925 172088.275
436 123417.7775 121491.6825
212 92702.94 111298.225
294 95297.9325 27150.99
344 174432.0925 6760.48
448 152938.855 23071.3975
289 38116.94 23464.4625
273 10409.48 105181.925
488 118629.4175 155070.4
280 89050.38 17003.835
359 63514.8925 94504.8675
318 18642.9675 36641.7075
187 121087.385 42467.0525
492 87792.855 50847.77
345 103882.34 141994.895
114 167432.1325 181568.2
213 50038.655 75453.42
511 117237.4175 122083.465
379 40826.2225 48214.97
398 145487.36 7587.3025
304 182225.61 95542.4425
418 73905.69 27103.3
335 33395.0375 127126.3875
410 2802.5825 192499.715
327 155608.95 27060.62
374 77546.93 128635.2125
223 96764.925 127886.0075
230 99575.305 198486.775
352 34903.0925 73377.3325
403 92717.72 57248.1075
245 43359.4275 82281.815
423 37415.5075 39349.8675
402 93327.94 192995.84
268 12349.52 39220.76
194 10659.885 152205.2675
230 197258.8075 7993.0075
309 147279.0325 139876.2
425 18212.2675 52321.5125
293 144719.035 185508.8625
231 15975.3875 116232.0975
345 159515.4675 34315.355
362 5802.3025 109517.745
363 69228.18 11028.9825
312 95046.985 142091.9175
288 32571.745 64512.805
268 79191.6875 19426.555
184 52545.3375 158280.5675
248 92082.9025 77228.885
278 95672.1675 35819.09
237 85618.9625 91333.9275
366 120856.85 54117.5175
332 127473.0 64911.385
443 24474.435 65460.47
230 98885.3075 18787.5575
255 126967.775 160532.53
359 144905.695 131039.6725
220 67113.805 73219.1625
372 135958.4575 127264.0275
376 84967.735 4093.1075
318 118212.97 16899.57
323 50924.26 145023.95
311 91374.64 173925.7175
374 151919.91 179336.63
209 44460.3625 98979.8575
277 197229.1775 31379.5725
297 100949.63 16602.7275
327 191833.9575 112477.1975
393 16452.895 47591.1925
305 16178.58 183460.65
209 94547.8475 112231.1175
326 167789.18 28836.79
354 102681.465 106166.96
368 149635.9675 69595.5225
355 97519.275 102004.585
246 80752.435 152710.1075
356 63984.055 95675.335
351 62891.5575 189857.3275
209 75059.4525 157224.9525
354 176556.065 92713.7275
329 189585.6025 123035.3
195 182253.97 58012.01
359 186149.3975 33518.52
373 80234.1275 107319.0325
464 93638.45 76159.875
336 77207.3875 124726.385
329 85454.7725 19947.4675
359 171183.165 17878.2825
313 17045.4975 60047.48
376 60332.79 54293.075
341 18229.7175 102985.015
364 44230.1975 33456.3775
424 194631.2825 178676.7325
215 103542.4775 160931.4175
450 190756.17 122221.94
281 117494.8025 75051.1775
353 55140.7475 102292.8175
263 23677.305 26822.7975
332 54241.23 62146.905
442 119366.36 80817.42
239 152308.55 169049.87
332 60808.94 164136.07
279 148596.96 25969.37
263 190335.655 24105.41
377 117437.9125 112809.8325
441 103137.2775 120304.2175
341 43880.66 184798.755
321 112169.86 8250.4825
423 55948.4525 102446.285
325 95055.0175 5510.86
180 136898.5075 138228.12
303 42571.9625 186574.7
490 88676.5925 58574.845
232 156633.2625 48850.4175
321 65739.005 120986.3225
426 100335.4975 63819.92
158 40015.0725 162803.8575
365 56263.9125 30907.35
251 113354.29 119287.2675
437 147355.485 140444.8075
341 182485.43 100932.4575
227 149411.185 193388.595
238 171207.985 147829.33
395 21401.4275 71845.9775
335 161021.5275 37993.5075
415 39667.9425 31306.055
331 124813.5075 158139.0125
292 55855.545 156434.6925
393 185233.0225 141384.9875
350 154049.6825 53310.5925
376 119073.6 97329.455
279 90981.455 14857.0125
339 186198.9775 93902.275
325 80596.3875 119728.7
287 125580.7225 133055.675
254 160965.5775 146993.0375
294 157976.01 75679.875
314 168627.5175 188040.605
198 127957.6525 195789.4175
230 94037.7375 168051.4275
381 121244.3825 87332.0025
235 41510.33 83823.645
304 165894.0525 167555.2975
268 195807.2275 146616.72
390 105258.9925 107014.68
315 167415.485 165963.7175
393 123876.98 60489.7375
418 195305.155 197606.3375
342 100556.0625 115243.6475
311 74028.1275 123589.605
280 47483.0575 56327.1175
308 186043.935 118630.5
210 106185.5325 142460.685
386 32079.19 146437.9675
267 92687.5425 132454.375
339 15967.7075 58849.2275
373 198759.98 101665.21
300 106214.02 143093.105
282 155115.0975 53900.335
314 115612.175 166462.34
327 114418.3875 72195.5275
304 86074.51 115961.355
372 11285.02 163362.7725
279 102649.4375 3300.375
416 165038.2925 12488.5725
320 173330.1275 4476.78
256 159382.4125 5841.11
283 159359.3925 17277.835
393 172901.9575 3290.4875
309 160184.0475 164965.0825
358 29366.455 110656.7275
252 25718.3425 171696.02
377 139488.12 70047.7325
306 36146.85 116827.9975
405 23613.365 35606.7225
363 68454.145 159845.03
273 187877.0825 73409.045
411 112329.6775 47176.065
298 90995.685 24381.0
399 48150.3025 12036.605
270 89341.625 105767.57
278 180805.31 91475.55
359 54559.5125 170652.335
393 152208.875 55797.525
372 136752.245 43896.6425
292 56942.085 53028.5075
206 14858.51 65306.15
296 9242.4 17632.3675
314 121990.8425 94558.085
388 18956.825 101412.8825
330 99131.9775 116385.065
322 60029.0575 74029.355
401 107654.0425 132544.7575
335 84709.99 37945.33
396 159677.7725 98136.02
305 37505.59 69316.6675
312 186553.9375 166086.1575
417 18629.515 161292.5525
501 162453.315 151079.075
230 50477.2175 43469.205
308 27176.115 49880.75
272 26417.0675 74245.7275
290 129483.4275 32822.1675
406 70539.8775 75057.745
461 175703.95 59102.79
460 158642.7825 25996.16
238 109480.73 81901.72
262 59937.8325 169238.8725
353 117908.1425 166272.18
423 139984.2025 32074.705
251 64885.24 86644.2725
207 189432.22 50084.9625
362 53283.115 26534.86
401 190738.745 92197.265
429 196151.7 52596.085
348 194392.4225 44039.1975
293 106380.6875 192249.41
332 5377.07 154375.38
286 151801.1675 67859.1375
305 48136.62 171362.6375
397 93912.3975 120031.2875
233 24805.6425 49174.47
366 185730.505 85050.3675
353 70482.47 54880.06
302 29967.3475 29249.8375
175 131334.3975 75132.7525
385 149017.0525 142866.4375
302 193276.115 68840.13
383 166521.035 90824.115
325 15916.755 28064.2525
318 101447.6275 191937.8075
323 975.3325 132321.2225
293 18525.6825 89434.0625
247 148703.8575 37290.865
382 60500.69 170737.7375
312 144339.625 101301.68
350 109509.0675 110433.26
264 23142.3225 100097.2925
303 55688.345 78728.5275
270 115472.73 78155.4825
258 7735.4525 74308.325
301 13642.335 110990.955
369 110506.005 19632.875
272 116877.11 459.57
375 6524.655 46378.6825
233 99859.6275 130811.07
308 122499.9775 190928.765
364 108691.9425 4829.68
355 160284.14 61565.2275
395 58697.425 70252.9025
333 117724.875 28815.4925
394 30379.65 175977.2775
290 132126.84 19364.2225
261 123187.7475 24269.1875
287 148794.965 99479.64
251 113627.5325 132119.6975
463 179020.42 36295.1675
267 189211.015 167108.7875
299 58985.1425 168143.2675
292 115116.2075 108623.0025
348 2732.86 195214.84
283 12103.125 60728.2025
347 5166.6275 100767.4725
369 105189.0175 154490.21
342 193863.86 61537.585
322 6656.6975 179026.8125
393 152913.605 78638.92
476 177552.78 22782.065
360 74853.755 14376.5375
297 112654.835 63930.715
345 58331.4075 16551.305
304 118131.8775 76996.1825
338 24078.1325 137035.88
293 198264.2775 56280.8925
349 158356.18 177520.05
317 44567.3275 151861.8275
132 32073.6075 57458.2725
444 158408.1625 179669.205
251 146116.5425 92400.455
357 94532.6325 194103.295
408 65119.8825 56901.495
190 63812.4325 125528.2325
469 144755.755 123920.4575
344 71809.85 152884.6075
287 149016.535 81196.965
335 128245.425 115400.355
279 49897.555 66488.0425
451 101912.685 60050.5025
435 154300.625 9615.9075
382 141411.0425 187919.8325
408 20013.1625 66129.825
381 155023.31 161019.605
351 91219.6975 18776.4975
318 90262.7425 133268.6425
287 91144.68 133441.3075
334 31535.55 2006.49
272 69029.005 153131.5575
380 116117.7075 53631.7275
373 71746.3675 48626.79
317 151616.705 62667.3
360 118585.215 125235.8675
342 139625.4375 173431.6675
363 116771.2825 34890.3725
430 16458.7125 123394.135
385 97432.6225 108693.925
383 75227.23 174758.0025
424 124274.0475 103283.1125
304 37524.075 127393.895
274 176842.1675 32062.035
237 195249.705 98098.9925
391 825.76 12948.5525
295 184104.6925 103957.2775
426 184151.1125 135890.3725
193 118451.2875 176134.695
337 79806.1625 172885.3525
340 102924.2625 161475.705
361 176775.5975 30458.84
337 152427.87 163783.1325
315 55690.4725 74716.8925
414 49416.965 163474.64
346 17377.16 121565.3775
312 118431.76 193437.965
348 64357.5525 74646.3525
379 192679.4625 114667.175
357 165870.7425 101029.3225
477 130008.0525 101620.8125
268 20950.8225 182119.6325
296 190701.055 61878.2175
249 7222.2425 158073.3
442 91230.2475 120495.855
406 31079.18 16824.67
318 196965.52 94939.465
313 36737.7225 149761.485
233 70713.4875 15608.39
315 110750.0875 22450.0475
455 122901.36 55171.655
204 176343.0425 15846.78
374 109489.5525 56760.3625
290 55108.8025 151163.145
255 193478.475 117524.01
423 189439.54 76942.045
327 111501.54 171349.5875
336 64609.7475 142972.2225
443 6208.4825 37752.79
211 33219.195 5346.02
343 138455.3525 161593.6075
238 71485.3 151453.34
247 86987.3225 123221.055
295 11497.3925 137738.1625
416 96789.2875 58122.84
370 13087.0825 30983.355
309 6446.8175 113045.505
283 134906.225 195247.6575
364 185232.4475 123250.59
477 6161.5125 67680.01
361 158578.0275 61726.9575
377 73597.3575 130743.64
258 178255.09 170904.8725
292 44889.4125 182865.685
370 116574.89 59034.6375
375 58812.85 146956.0525
334 164188.5175 148451.51
377 179520.3225 177091.8
359 95037.5875 124655.96
298 163261.5625 12820.555
323 152829.19 133437.1225
265 6862.26 85981.415
189 69652.1775 197255.9075
472 107786.6725 45497.685
264 115195.365 89293.29
349 15882.6475 111558.47
313 42923.9625 127306.4175
194 182249.08 80866.7075
330 19614.7825 142395.2325
396 38654.7825 120296.7025
403 109452.12 3998.235
267 77282.2475 19446.8375
287 54318.6675 105135.0475
396 101104.3675 130218.655
383 74301.2325 93996.735
361 70655.115 193439.0975
299 106611.0325 54353.7175
307 37929.5025 191220.7475
262 85447.36 149980.34
296 121030.18 86660.2275
330 105076.305 182408.945
229 26737.245 50350.12
349 168562.28 7254.11
226 28481.665 14669.685
224 52538.3 98688.1425
313 42575.735 177024.71
364 106950.255 49346.065
306 168950.1875 59298.055
353 98253.7975 146076.8575
318 131213.155 131026.5025
373 45194.1025 175048.945
245 112237.93 101419.3925
342 149237.82 131974.1875
339 33969.845 165068.8725
365 139783.285 85713.2875
344 189424.7125 71632.8
285 73658.0275 113639.03
407 104324.0225 189526.4025
475 152517.74 147140.435
434 172805.9925 150585.1775
316 166435.7175 183589.2475
303 151694.23 186200.3125
370 176908.05 156936.6875
234 145142.55 19471.065
378 14649.6725 178986.42
348 99223.645 1338.7
354 195364.195 13383.065
254 150280.9675 137079.96
318 32132.31 142876.0075
493 42598.17 94949.31
333 53076.8725 148327.3075
307 40711.225 186141.0875
147 110220.5325 44965.1075
360 74692.945 147518.9175
321 102245.3425 7186.0325
341 161079.94 8743.7025
426 181657.8775 24555.945
299 13498.0675 20466.025
392 41440.43 154287.7425
316 169827.375 151100.4675
361 42034.3675 85592.215
398 183822.7975 156132.8525
319 94346.3475 152870.6575
336 14226.11 122310.2425
408 193825.5825 16275.74
389 158729.28 199231.58
301 194862.0425 179934.8775
397 169867.5225 117484.605
388 49900.74 120196.8175
343 185393.9675 193577.185
408 169171.01 193.3025
328 40791.4725 160085.7
265 169500.7025 49107.7925
351 86803.1275 112972.29
429 120960.31 3318.5525
423 3518.4625 76011.8625
157 66297.5675 108072.8825
393 130802.415 100879.555
306 180670.485 188197.285
326 82631.3125 126356.915
425 120266.3975 12395.865
328 44632.13 165338.28
353 170901.635 11446.6425
408 24444.64 33275.7175
319 181977.57 83204.5625
378 113292.975 29781.645
311 42701.6575 84690.885
374 38051.5475 121413.8475
440 165036.0275 153628.435
330 70040.5275 169128.71
322 35886.6125 65951.8325
404 159237.6925 179931.69
244 9612.3475 190233.82
282 86019.5325 21243.2525
265 23871.525 114054.4225
312 199658.3775 149541.42
415 31809.7525 27620.0225
245 144404.6825 95286.855
263 85193.6475 19440.08
265 30490.3 169995.1
236 58002.7825 63141.8975
286 189587.925 27072.9775
311 107028.0475 7939.18
352 116700.8825 12789.59
326 90377.855 147461.2675
289 7306.9125 156548.8
440 108328.26 68009.065
312 182841.025 164811.47
381 41516.5525 195755.6725
386 60800.9525 55464.5425
347 178829.305 190664.635
354 180090.265 31798.2775
384 17860.4925 136894.6925
437 105597.74 141970.9025
442 89225.925 198666.6675
420 86372.545 33116.2775
288 167257.4575 87528.385
308 91145.615 21998.6225
240 51497.26 179284.9075
401 106242.5225 5223.445
338 133171.025 159823.855
304 62507.4 97058.1625
468 6128.0875 54995.73
362 187419.42 34493.8825
348 66009.1775 199516.9975
305 168236.635 152981.8625
235 98728.83 30891.3975
305 151669.935 89864.09
281 80724.535 120249.355
391 106835.3375 25521.8625
411 123160.385 42117.05
312 3484.25 55726.685
284 13805.435 100171.5075
271 32746.01 149341.1025
369 114634.135 77129.4675
312 167189.425 117145.0125
309 179369.46 134587.7525
277 145335.79 190976.24
422 84164.1 138015.3875
397 115369.6775 174576.2875
340 154386.9875 32433.195
249 186948.46 168451.8975
394 171215.0175 127663.355
338 60192.19 43867.2925
404 124402.88 139605.65
189 159447.1975 131600.415
297 189362.9475 13409.625
297 25921.38 8832.9275
265 65485.555 146638.9
365 156855.985 45643.9325
271 113400.5125 63325.42
362 63445.31 68684.81
222 16621.075 150023.525
270 103345.0425 92896.5475
436 130086.2125 28171.52
309 181476.8375 137955.285
324 76185.9775 154726.825
429 179145.3075 21940.005
328 133060.705 126547.9025
386 693.985 181166.4875
404 20188.285 69841.9775
409 158407.4425 45871.92
414 141019.4525 5534.03
358 84883.73 12566.6
288 29755.8175 170803.965
419 161780.425 180156.795
425 38899.4725 198162.245
435 39171.295 161857.3625
346 50622.7925 48309.6475
305 64215.9575 137664.69
289 47892.1875 138201.7625
334 164365.62 77592.395
375 120750.9925 175739.445
328 7035.1375 164709.8625
269 4678.8175 55065.685
271 2618.2825 36547.195
340 3156.755 91055.9775
292 34916.8675 55697.0575
377 67407.9 13244.75
409 24466.265 34475.0675
293 123573.1425 185403.345
370 73628.365 123885.05
315 75324.6975 10793.5825
421 40157.105 18550.1075
431 65628.4525 27523.605
224 75564.575 179874.1825
428 58064.0275 26696.5975
397 75362.065 29902.1375
317 72335.9475 75570.7
316 49177.91 84054.915
337 140949.1925 107840.1775
286 44523.8825 162968.9375
328 129880.2075 114287.13
351 33070.355 146739.3475
401 21778.13 114811.2625
227 56062.86 180033.005
424 54397.29 149026.515
387 158002.61 11616.2975
389 112017.2625 110624.8325
334 30372.7775 188205.725
281 183751.0575 180723.035
356 14252.6925 187077.5475
360 31768.6475 22807.585
373 27557.1325 46148.1125
307 53054.8475 147145.9075
379 18725.345 82057.7575
340 60592.9075 196039.9425
387 137800.825 14960.23
376 169897.4825 83406.995
233 164262.8675 188246.1475
322 122786.0625 104987.2875
341 194391.48 49560.8575
321 122834.34 23593.9575
286 73716.0375 47123.0575
375 151347.01 194040.715
290 35800.11 9060.5725
337 76223.5225 18947.495
359 58842.275 13864.3075
347 55021.9725 4872.205
253 83156.5425 115388.76
445 199673.53 86915.7875
340 43358.5625 96957.835
260 136537.7275 147057.4625
219 130002.9125 127368.675
415 110920.5 25872.0525
306 159626.28 100410.2225
395 143422.6975 160348.1425
313 149211.92 46832.22
145 36339.1325 54675.315
279 2788.685 165191.85
329 13667.86 186802.5475
313 71289.1475 66780.415
434 178180.61 136949.31
375 56949.28 195084.9775
392 115408.8375 149464.9375
219 20784.335 5173.68
445 99841.8325 137052.74
292 87044.2825 12658.745
350 138383.5675 72059.2925
298 116106.02 34977.7125
426 6067.1775 121714.8625
326 146907.555 152478.93
466 20455.795 177343.4725
376 167951.225 142793.6175
422 95522.5075 153310.0625
340 171264.2775 104061.195
397 155615.7325 119819.975
261 31751.6875 30614.53
332 178966.4025 45767.275
271 169020.5075 152562.16
342 33408.165 120268.425
264 19002.39 119278.3925
423 173974.76 77527.3225
330 26647.545 65704.005
273 2898.3525 183781.9975
305 191087.11 10491.865
353 108524.44 129460.985
344 188313.495 13701.87
351 72605.3525 132546.755
406 196527.27 21412.485
403 189726.465 179785.6825
359 77514.85 198515.695
314 161384.4675 100744.555
265 44994.61 104336.6775
366 48117.655 38395.715
399 159024.9175 68505.2975
325 163837.8775 192160.1425
174 9008.5875 159721.4175
378 42488.2275 52211.18
349 142487.1525 176222.06
305 84962.08 175218.0525
258 100801.1425 3414.8075
358 107633.205 94680.9025
398 178884.055 4268.5625
277 40096.215 137062.5475
312 177340.86 104575.5075
380 139366.845 12373.8175
275 147584.2875 1450.865
218 120318.065 58724.7675
254 56810.8725 73612.215
407 56865.29 62159.265
321 71059.39 66495.905
386 192645.89 94356.6525
390 133202.8875 130277.275
270 60264.08 37744.71
311 96772.14 31574.5875
342 37758.5075 8350.0225
364 23807.0 170033.9025
298 89347.3125 146526.25
305 147997.1975 142548.5275
292 41584.38 101995.415
292 143222.03 25307.12
415 179516.6475 45826.8625
348 163492.5475 182179.1475
384 183906.3675 6625.1725
359 114751.44 25800.7475
300 174810.3075 177221.41
299 50978.8025 63273.6675
401 9181.1275 54314.515
368 21028.09 100193.485
276 29604.2325 46861.4725
374 17246.31 148495.105
268 198056.64 110636.4625
423 22315.4775 45135.75
248 157667.68 94404.35
328 92386.725 32317.365
385 130253.6075 156497.835
313 36637.5825 5496.8475
374 166751.6325 74833.46
351 184052.4275 111644.1425
344 59602.29 70144.25
290 12097.19 161222.7925
383 156831.63 11099.7075
240 160989.2 113361.94
313 48576.425 33952.13
145 36449.235 87903.5675
249 105389.61 23500.0275
405 184229.6225 181577.0575
460 4383.315 193115.855
335 9475.6175 196333.8725
370 183887.3125 133003.0025
374 172564.5925 26471.515
265 111862.9775 193560.365
280 72368.56 81622.205
362 103438.88 126848.0925
308 74866.8125 8278.37
348 164367.755 145727.56
428 145519.92 18115.95
357 106930.0125 158483.715
401 197766.38 35261.325
255 131185.785 111608.22
358 139915.1225 31646.1225
371 75267.1275 162284.855
355 125464.9575 67.96
323 26275.53 134187.7625
461 145737.22 12684.865
226 3081.0475 75123.4475
329 50739.7625 77906.575
362 123182.25 175168.49
288 10865.6775 188533.7975
202 144395.15 80208.315
391 178396.7375 75857.43
250 136730.6825 126367.6625
188 10061.675 131267.6575
302 111058.5375 79594.9175
397 5468.2225 83560.425
335 179118.05 180273.1
349 179043.7925 164509.67
316 76070.63 90732.5925
398 37626.195 174975.4175
342 18612.13 161244.66
277 195003.245 196203.17
291 71823.725 46524.485
354 90815.1175 172287.07
238 50162.425 12361.8475
302 198046.98 129942.14
334 59221.4425 162369.61
210 160244.0075 114702.6825
497 182384.9125 173985.0375
232 67862.2525 71684.44
330 156862.9675 154469.79
383 129950.6875 91349.675
310 161977.135 34698.4925
307 147046.9625 42782.65
331 77270.1125 170766.645
374 132104.215 23035.9475
336 67345.0325 152686.1125
277 19547.655 114508.3875
214 43299.345 9126.515
387 136953.4525 178860.4375
256 98499.4225 150707.835
310 63290.3425 7927.7575
257 170027.5975 84435.6175
319 79224.66 113866.8875
291 85589.445 65219.245
423 199244.6125 57796.895
247 133689.2175 76095.0575
284 590.735 14914.5975
252 85456.885 36741.7975
370 124248.6775 34080.7425
394 1044.42 80721.65
297 38339.0575 31610.0675
245 43708.155 135905.755
295 30696.245 123885.96
283 170691.825 59377.0175
384 185823.81 185050.3575
322 37793.0825 166846.0975
307 68866.65 175321.085
373 111887.535 41095.74
261 150122.4125 142665.3275
283 186566.1225 63686.845
330 164783.7125 126088.5425
353 142144.29 39227.035
337 46891.0825 170993.795
284 133813.375 181152.655
366 56503.815 25762.3075
307 16926.5475 179125.0075
273 51307.5225 120825.3025
337 135348.3425 105651.9125
360 25184.9775 24657.4825
398 125232.01 72157.6325
394 30705.9925 176457.27
413 88460.245 37355.1125
123 26103.7775 54012.8075
457 174144.175 45147.5325
261 49800.31 135881.7575
337 69509.86 11563.3175
220 193855.3575 80330.9
209 20756.025 38487.3675
324 29365.855 14177.7825
461 112742.3675 62621.4675
243 122370.255 36198.025
450 163445.26 96825.4375
309 448.57 94393.25
338 111865.5925 89385.3
454 130696.8125 2485.5575
343 25643.8175 176682.84
436 169970.035 55161.695
348 38083.9875 25912.44
337 48089.77 193504.36
358 75517.4375 87888.6375
426 76691.2275 13641.54
219 190992.58 121648.2225
303 199548.505 189775.4125
270 124341.425 152277.6125
177 177451.85 46545.085
378 159077.785 90555.87
303 133241.9575 152811.335
328 159257.5525 43231.2575
384 64386.08 185465.3475
334 77258.7425 165439.4025
300 93083.55 162842.545
304 128498.1675 18456.2
343 98656.74 192106.1525
401 157961.155 159974.5575
560 113447.4225 131973.3475
349 21704.2425 149350.4575
379 5964.05 194378.275
256 186152.1225 170518.12
295 26022.0325 22037.7575
279 40611.245 189939.1675
384 120590.9475 71811.2175
290 60464.5425 194105.345
345 2208.7225 110384.8375
261 126474.27 180262.1925
258 170864.935 15867.12
394 69993.7175 161270.695
363 123740.1525 189696.1275
323 36102.8975 6887.1925
306 144441.99 122140.3225
379 166811.585 48949.03
337 135203.62 22316.205
382 182304.43 89758.6275
373 103217.6525 183564.5625
363 126222.4875 152926.41
379 19068.905 115291.455
320 120990.4875 47859.7575
330 22752.1875 141173.7025
339 70025.645 51609.4525
307 191474.59 29046.9725
354 1928.4075 135438.72
322 134669.09 189310.245
250 26901.435 38798.66
378 153802.495 53991.74
409 70632.0925 136663.3775
311 2369.82 132623.5625
171 153978.1975 72805.415
277 41100.3175 115731.5375
344 177731.9225 71030.55
327 161796.08 115984.8425
336 100544.595 165254.8125
302 109889.0 171618.945
366 120357.9925 120787.6975
338 175454.29 160105.0625
308 193518.8475 123289.7525
400 112369.36 145343.34
290 56852.81 154262.24
352 167126.4275 22594.08
353 117518.8125 174663.02
167 27428.54 25038.985
361 150742.51 71464.315
330 3572.9525 9219.3975
186 88997.9925 59062.19
425 93410.4 34043.78
291 195574.715 120687.8675
392 29187.05 177300.635
321 126143.285 166031.725
212 40882.1975 111147.745
336 44474.7625 68948.7125
277 77128.2925 78044.8925
325 182433.1525 21947.645
334 161629.9925 194055.46
269 93612.3925 96960.4725
336 79628.8275 170247.23
240 180372.775 181665.17
405 57644.1675 37624.305
337 96850.07 118938.485
335 43030.51 21176.505
246 174175.81 133479.92
322 5157.8225 112100.6175
318 5429.65 33417.055
443 131440.6 153177.54
387 143179.4 18874.7125
398 26833.455 35893.54
347 128412.6325 87031.1975
401 139104.0 51347.6375
381 191648.4025 73342.8525
310 117815.3675 197009.8525
360 183377.08 74699.815
488 101615.25 17932.21
325 68582.16 152795.595
355 4960.26 29986.295
198 198298.69 142765.4475
375 48485.2075 172270.325
279 33381.49 126907.1625
422 104085.3875 51918.485
390 63872.5675 3908.675
425 134217.615 98208.0
382 154021.015 82373.2525
280 61020.6575 65983.6875
425 159819.525 86138.7975
233 158117.45 14792.8925
329 92397.5925 123041.69
314 75901.445 5404.0375
244 30275.7875 49334.8325
226 11711.575 136659.545
459 86214.885 133623.01
411 578.7725 136909.4775
347 57392.295 170337.765
414 82144.0875 197285.4575
379 68920.1125 48751.395
445 154161.1375 42552.9075
265 187929.4675 59617.21
345 63503.97 165287.61
298 29898.8925 187377.985
241 172884.6825 172426.7875
458 60807.2825 126494.9075
281 94614.5225 19585.18
387 86983.5675 82086.88
380 32625.025 23015.535
366 54658.36 30275.0825
216 39356.6825 10395.8325
334 20914.955 35188.74
343 5009.5075 111288.4525
288 145426.8025 145590.8325
509 107976.0325 183645.3425
306 17560.4375 60932.1025
297 133947.8675 33510.4
329 84991.27 78878.295
391 50499.55 89262.9725
290 140350.0325 92415.47
350 93561.4075 21079.4375
335 66447.98 155364.1725
356 61749.0175 54777.0225
164 64813.2425 177994.9025
379 17425.1475 35443.945
374 44174.795 164785.045
281 163110.4525 126500.59
390 9453.125 85010.42
279 196812.505 156901.5825
365 82817.0525 179564.3725
381 137309.8375 534.5
319 132485.385 56506.9225
344 36722.5425 97491.6475
380 88433.735 5564.3325
364 55716.3125 55736.4475
233 73087.275 93869.0275
326 49163.8775 84644.0025
360 164390.38 98507.07
345 121664.895 37106.935
436 79009.46 190802.1575
356 139934.6125 162882.7875
255 19238.93 95040.36
260 161660.925 154221.2625
226 72244.4 143313.615
369 23541.565 26643.6225
395 39102.045 168706.785
310 65120.545 117328.53
337 70270.9525 99026.4125
455 128150.0375 34816.925
373 156592.9425 1594.965
296 43057.135 53827.715
308 150156.54 117565.4575
470 119946.81 130675.24
410 109513.4025 1490.1575
209 187450.0325 155629.52
494 99169.2225 28154.3675
289 80473.38 107344.5025
201 116622.69 1007.4275
276 64384.9 13688.4475
364 196935.6175 106481.8
311 12938.65 4418.855
391 136391.6175 104250.71
322 70030.9575 86858.95
332 149637.905 165193.9775
336 1447.3175 81967.9975
189 73662.7325 10844.6675
453 5803.9825 51086.215
221 90278.7475 110701.08
352 135350.245 46530.51
358 89464.97 124538.92
291 103263.475 10729.22
300 29295.445 70082.0075
308 101248.33 188960.77
335 91264.99 142976.805
363 49906.3375 6980.6625
345 120296.775 2034.5375
424 110861.715 46577.96
398 111454.775 166291.5475
396 115947.03 62023.365
422 23770.32 147939.175
378 151653.1775 60832.22
323 143703.025 129693.0025
292 158739.73 410.5475
323 48333.82 199102.455
337 139535.06 101522.33
251 22966.0775 29571.9925
224 14897.94 56934.55
413 24264.9725 144044.48
362 148117.4225 193392.95
435 112641.675 181170.1375
318 180432.04 54225.5125
176 30038.7975 57363.31
220 12285.5625 69859.54
292 101121.275 333.8575
378 130612.645 79364.1325
357 65594.9575 161821.6425
337 77136.5825 4497.2775
330 5182.66 116671.37
348 95144.1825 36584.1525
440 110274.6725 61041.2225
412 96405.22 132132.385
295 181248.4875 9647.78
267 68210.4675 112739.195
342 104497.72 44790.505
271 116054.4575 22722.7225
370 168462.74 161093.8225
395 1819.0425 57439.3525
355 30097.4425 150870.6725
424 113881.1525 12436.95
363 176625.0375 164904.28
424 9066.845 124546.8525
377 77481.7375 165304.785
223 120295.4875 134788.605
415 144050.6375 17346.4925
311 29801.3775 115958.7125
288 132675.1475 25732.8625
410 199240.4425 174902.1125
331 137303.2 44729.9175
220 9053.9375 98210.51
424 57637.61 17826.4825
360 34500.395 98709.4475
292 162728.03 26680.5
304 176275.1475 154861.8675
386 6488.7075 59130.11
353 27043.365 92744.7925
398 140335.14 72868.215
353 82382.345 1281.125
314 112548.66 36788.24
326 63212.7775 102903.7275
208 198770.7975 142823.845
266 21464.1925 6085.5825
341 99793.165 135288.855
544 128360.845 80969.9525
390 140858.0575 78695.81
279 34104.23 199073.0975
345 85991.485 138094.975
312 49312.195 123433.885
305 199439.54 23437.57
301 166008.395 179581.495
228 48493.5175 111295.3375
355 130329.0825 129212.5875
421 81529.2675 118849.3025
324 27486.1075 146113.47
350 60204.565 105361.4875
214 182686.3275 79851.24
277 55360.06 171372.83
244 52211.5125 59862.365
259 166445.725 136974.76
369 80438.2325 21406.6625
420 164907.055 55412.095
282 52991.2225 102626.48
291 60853.42 69212.5375
306 106280.7375 198973.395
453 15428.035 178819.67
345 65994.505 69838.8325
303 158479.71 134885.68
338 86013.34 27312.9375
360 86225.4975 79486.9425
244 157467.095 159362.3275
385 6338.3725 114959.005
367 57405.0225 51232.6675
396 35867.345 130514.17
348 133371.2125 95719.66
332 54805.5875 22084.2175
267 81520.4825 130932.5275
208 164329.035 20451.33
337 62451.88 143715.2525
182 169809.1 187819.6525
292 165980.9025 45395.5775
322 114693.59 153113.365
319 105737.5175 29344.405
459 58558.2825 157356.6925
299 7117.94 121831.3575
289 25589.67 33118.775
279 32837.1025 95620.3775
417 36900.0025 92975.3575
208 167625.8175 119126.445
272 59010.5725 98585.26
419 192689.2575 135480.9075
350 199946.755 188763.5475
263 146391.635 64202.305
365 90612.84 33970.0
366 175507.16 93350.8575
400 149689.6 73945.96
309 57792.57 15658.8725
444 1298.97 159057.0525
334 147381.3125 58483.73
258 151034.08 57044.0175
301 39499.7625 198430.29
255 120102.705 159774.36
322 119197.2525 191430.9775
206 92115.375 183343.1825
287 73858.6775 87309.2575
288 14135.5825 135745.6625
349 44947.6025 113932.6275
256 7564.1425 111892.47
302 137259.4075 123233.275
452 98572.545 39907.58
309 170785.7825 35432.8975
245 155375.7625 118891.86
474 62095.7 146240.96
348 62830.09 89706.2925
354 53198.85 128198.325
325 23554.02 144988.1375
314 161718.77 28117.335
249 172069.52 167103.0975
305 126241.1875 32460.7325
451 141519.3275 82384.8775
320 190887.3175 75846.46
312 154425.375 3978.94
336 148962.9725 151265.5
247 112796.6725 55149.385
330 47404.845 93690.195
252 110384.9125 18228.635
280 176028.7875 75438.8075
332 7281.51 19036.995
359 139339.1725 171930.28
276 68885.955 190564.725
322 1746.93 24155.795
271 63768.02 132294.5275
300 68813.8375 112910.015
333 38063.96 151553.6275
332 166994.0225 87953.24
316 20184.785 50386.0075
319 111994.86 52351.7375
346 165831.71 181621.6475
352 170335.405 116726.885
233 55800.105 60647.93
330 40730.825 197395.51
350 77475.8625 29223.72
421 187907.135 180979.1925
289 24065.7575 85487.76
399 86260.9475 147380.3525
399 174347.4 5502.83
354 22534.4325 84593.495
365 175674.925 97297.8325
389 22993.9275 104008.845
262 4040.9425 191396.4325
305 136496.48 78038.94
364 101102.745 180341.13
351 150266.0275 5881.525
364 54051.6675 96128.2675
432 51529.8575 145100.385
349 137249.52 173955.59
370 30325.225 67502.7375
300 154786.3975 100282.4
296 17816.545 6586.5675
205 95134.35 196579.8775
332 81419.825 189262.6975
296 166798.35 180090.005
221 94118.3975 26248.11
308 12523.7325 100221.4475
290 137284.84 157699.3475
361 90414.4675 179688.0675
360 147771.6825 188382.4325
309 171920.9675 186745.7225
393 51495.855 85940.3475
338 170571.0875 174956.2825
304 58143.055 25508.515
222 46423.7575 124223.8425
272 9468.93 191305.4775
411 46254.3525 109807.15
427 80538.135 152642.535
269 106375.2025 63351.6675
322 70670.7625 21161.915
254 132253.72 141782.975
408 111475.705 169184.1575
309 45480.36 186634.0175
327 172258.615 157951.0425
306 84769.2925 161933.095
414 95796.345 55526.1575
272 133249.5325 195358.43
326 77953.1475 30768.88
382 139200.89 129210.3275
296 48995.1125 41852.7975
399 87387.6575 186397.3275
352 109297.8975 121765.1675
250 106823.65 34372.455
365 67593.63 91786.4575
301 161854.3175 178861.85
410 32639.725 159751.525
436 174713.355 67221.2175
242 154925.1575 33592.155
240 11377.5725 100408.0175
362 175406.055 174076.6125
378 7584.5025 49234.915
386 126425.43 199599.715
206 176126.2 182820.65
466 40967.94 160429.4875
430 144195.915 55272.885
309 38867.755 197909.8325
327 62443.2225 42203.445
420 6740.0875 146243.3325
312 87917.13 170427.0325
271 77412.0675 140820.01
363 183681.5375 188612.825
375 196700.51 8804.0475
344 81826.25 52787.2125
244 35860.79 74066.6275
300 14280.4475 119813.9325
362 125350.115 144250.3325
371 61164.855 3578.2475
384 51050.9 38969.625
476 102855.89 63563.02
141 137212.0375 42540.765
305 42131.0825 28087.4375
376 155505.02 112111.14
314 93704.2875 115706.835
379 98468.2975 148641.57
343 78943.795 178130.2
286 37741.3275 5150.715
342 57746.6975 87355.155
296 174310.1575 88451.0025
137 157592.25 24243.52
346 132840.405 123693.0125
280 74540.7425 155958.3975
271 117068.6775 101560.965
394 185670.27 117890.4125
271 117162.63 177476.485
339 199455.6025 163411.025
406 10844.395 15275.2375
385 100848.3925 27687.62
405 144699.785 39051.16
387 150771.855 37754.9775
366 181152.4125 67201.4
398 67487.56 135882.6025
417 112483.21 117866.015
344 4527.8825 102548.395
280 27614.4675 17122.91
343 22427.2725 161620.6975
202 75304.9625 102600.9875
312 45341.4625 119942.895
320 179999.6225 35129.87
357 183468.7475 154155.13
280 168919.5025 117072.66
267 155203.0975 160701.1425
273 109417.8975 129899.42
309 176922.685 30649.835
313 101491.855 80743.4125
205 39338.685 83292.4325
433 164489.47 138465.34
269 88684.1875 154724.715
310 11334.755 151670.585
316 11610.8475 130573.1075
383 186114.32 147715.29
401 180395.235 41557.23
361 125527.3425 98150.0775
431 99674.5225 39224.9875
263 125533.99 14202.73
233 125792.125 157941.8
415 35760.4 177949.8275
443 106868.455 148359.0125
399 160613.42 22891.9175
317 156304.8 31723.805
305 189783.265 157380.5775
402 60014.8575 166814.76
374 128735.2675 79106.915
401 130118.76 178526.1025
332 98197.84 23300.79
400 15825.515 162728.6925
283 112019.755 167589.7425
322 51849.0625 25976.675
439 62066.505 114115.7175
251 39845.7675 174028.15
310 183115.5025 39163.98
271 98592.3275 87712.0625
394 161846.3575 145707.5075
379 173234.4325 73714.1125
296 143116.9275 65198.165
362 124948.7375 76414.845
269 2856.9 152867.0975
293 102143.1325 163202.44
240 70626.77 111013.7225
283 81197.1125 34746.32
255 184402.35 121810.225
348 4822.8075 95460.87
327 16658.5725 11528.7075
247 140851.67 25980.5125
267 30778.33 150818.4325
315 2621.115 155263.9475
374 14948.195 99007.1425
363 122285.2725 7212.3975
328 161897.1 24186.14
412 94461.035 113341.9275
403 137186.295 24433.7675
290 139429.4175 141362.6775
397 71847.6375 172674.4875
392 4254.51 136133.9525
211 99794.855 136200.2025
375 93345.0875 136182.8525
215 33916.1625 80290.4925
270 17063.72 156224.0425
446 63997.7325 65259.785
287 67818.8225 50913.3025
285 93871.6175 95617.9
296 26530.4825 192277.855
345 32426.95 128578.8175
381 53448.8 27417.285
306 196489.6625 115338.325
458 189269.18 127531.015
221 136100.4075 155190.24
271 67586.68 72135.6225
234 73683.355 118818.27
302 34185.8325 44138.9375
168 180143.4825 107565.8725
340 88738.685 26708.2575
304 40018.1575 171442.035
322 120390.0175 139710.765
241 98133.035 117776.495
481 103982.675 131686.6825
375 113553.4875 101411.4775
285 164756.715 79818.5175
346 166687.6475 197191.4475
285 127150.9075 157799.285
405 178646.9275 172123.5825
243 110778.7075 12601.0125
414 187410.22 141435.0275
327 165997.445 12606.4025
425 139498.9375 144259.045
475 81281.095 183602.875
276 141177.45 145234.4175
323 36848.7475 17362.0125
399 115734.375 112004.3675
280 4209.695 58716.6
334 64923.52 169462.3575
363 135294.9125 59597.0575
290 35680.66 171972.77
303 154065.89 96161.33
262 11007.1675 192141.6275
315 47460.44 43862.0375
385 101649.7775 198253.5125
269 148396.4575 112488.325
372 153326.615 4993.805
267 186149.7125 41045.4925
351 178928.42 67366.3325
367 180615.06 116441.245
361 26992.8025 34873.195
377 59851.27 70130.7625
279 90567.615 123798.0925
331 154410.595 20892.0275
320 128269.0675 107675.8925
411 116637.53 32724.905
301 71580.095 74855.375
289 149342.685 17944.9375
328 129293.4725 15508.88
420 85605.395 182053.9425
163 147512.1675 12160.475
321 71659.51 36536.51
433 194359.555 47880.0175
395 17385.2425 101325.375
324 39587.6075 26377.5725
232 72409.7275 1249.6875
352 117908.3375 129376.805
313 76403.015 161585.9825
273 161189.835 174378.7325
417 158639.72 6333.6075
366 165100.5575 1668.62
381 152009.4525 158781.945
426 167109.755 97419.73
378 3767.185 57970.815
362 165703.4375 169372.725
479 43891.5325 196375.56
344 127627.9 133972.1475
313 133751.705 132009.125
327 125293.835 172176.18
343 178426.955 39014.6925
420 49154.375 188845.445
396 57272.0175 36107.6825
408 90789.9325 32456.765
315 74216.065 152020.1575
359 37231.84 1983.8025
408 88193.905 126078.8225
384 153977.87 120749.14
162 178241.515 185031.5775
358 119003.435 127024.36
300 21341.2275 25580.525
329 116911.025 108261.765
272 95311.8525 34153.37
363 86094.0175 116584.975
304 140368.8825 175547.655
390 22992.42 65240.8975
280 74970.85 114337.84
300 120719.7675 125779.3125
495 24548.85 45077.7075
365 142372.6325 162610.6
389 142569.175 155862.8425
313 115431.6675 90580.8275
259 181538.075 7585.3075
241 58865.965 17813.8925
203 132102.7225 55282.3625
325 138526.1775 80405.94
277 73359.81 100871.63
431 77892.035 50671.355
322 125815.1925 90076.095
270 186812.315 29311.555
368 93877.9625 78191.6575
279 149728.185 79972.605
363 58501.8475 140092.38
239 65672.5825 190073.85
359 161886.0675 175425.4075
398 120143.235 189083.9075
454 98488.2675 98938.6025
417 174348.1975 178347.4025
304 172046.065 63653.545
340 40216.7225 12993.4775
254 52119.91 95358.8575
361 4366.7825 12156.755
313 129359.6175 9539.525
405 92805.43 116666.2575
387 39405.6375 6256.05
355 124823.755 108630.4075
380 32744.945 16579.69
373 185757.095 151150.9075
325 152830.7075 42040.875
387 164271.7775 182048.5
319 104356.585 152909.26
312 199335.7 32008.2075
226 198548.3425 143165.915
371 43421.23 32897.89
396 32712.8775 169225.015
266 145644.0225 8301.415
298 24183.0025 103339.5475
384 62315.21 191588.5625
480 176988.8075 80799.855
399 27252.165 175558.7525
337 56495.865 79141.8775
419 162335.22 140206.0525
407 108457.5875 188856.3175
337 8006.025 17019.32
343 193028.51 14869.88
399 93442.1575 174408.7825
237 24951.325 124794.745
356 111083.905 11507.9375
378 146813.2425 65124.4175
283 119388.805 192411.0525
323 183950.435 20687.3575
398 135596.825 105817.225
358 86818.915 103287.99
575 25461.34 189645.8
261 3894.1375 25693.175
414 158159.1225 13011.6025
412 30270.875 70651.0575
271 110676.585 160519.01
453 93941.975 69901.9375
372 114845.86 45128.4475
339 32342.015 187795.8775
318 67971.7575 185586.2975
368 158744.2075 49609.4225
235 84830.815 62370.7025
213 94707.8825 77674.515
377 111880.8 24500.245
424 46114.5725 129140.975
264 123161.93 127367.4275
207 144029.5725 9703.745
344 21548.1325 123062.9925
332 96029.5325 104507.89
380 147672.1025 116385.2425
331 199195.585 190194.23
256 17399.8125 173409.8
286 93264.865 170821.1875
366 66785.555 155670.645
260 127286.225 104627.51
335 30256.3825 84828.565
333 45957.0725 140152.8525
327 197501.2275 72016.02
324 47990.185 22930.7625
364 101217.02 183758.99
325 141378.215 122045.5025
274 21428.3775 7734.5425
314 30947.81 82807.2125
274 80016.3875 162786.7375
209 59087.91 46396.635
331 141709.145 71344.115
303 34563.92 148810.795
366 10246.785 146364.0225
392 57911.2575 104349.6325
169 107985.995 119525.5175
275 178467.055 76467.0925
323 162315.07 174215.105
298 136318.92 56648.515
235 45769.1 160511.41
334 143430.07 131738.805
363 182374.5025 139433.97
307 53936.2775 128550.4225
332 190907.0475 183461.17
336 69622.6325 164775.11
208 95841.145 61773.4725
283 146257.1875 195228.8925
264 2416.1325 129086.9
216 171451.7975 10179.3125
292 67842.4575 50392.115
290 128042.9925 14422.67
302 104048.135 137142.74
311 9756.2675 148884.3475
264 57426.5375 191924.4375
295 119174.67 110202.05
351 142722.3175 11888.47
389 103139.38 13508.0375
365 86489.0475 26375.62
293 189546.6825 41711.215
356 177392.82 7446.75
386 47766.875 53689.8425
275 182111.205 23738.7225
279 10719.29 62047.225
321 192063.94 45904.04
380 182846.0575 49181.3425
401 85163.7125 38390.6825
374 105963.99 44847.94
289 113787.7 197511.5975
310 88994.9425 14870.7575
521 163142.91 40033.085
276 283.085 80780.8575
382 132455.9175 80673.565
242 111373.03 113806.025
289 72377.695 99172.465
333 84978.3525 88922.52
424 94033.575 116168.8825
363 51267.3825 75372.0475
312 117450.5275 99880.1625
378 174586.055 41602.1875
271 38396.45 22114.05
279 85711.62 195032.445
371 193346.3525 128788.1625
391 44922.17 8426.92
317 119218.805 133785.845
287 189110.92 36346.7975
375 156327.9025 104207.5625
268 80252.16 43391.5775
342 11643.62 68948.4525
405 57476.0225 176506.3225
313 71238.165 125379.02
380 160646.1225 115813.8175
322 119327.1925 11706.0075
298 35005.2325 191680.125
239 164001.9125 93975.1575
387 123810.48 128581.265
339 39782.5425 10677.6125
367 71084.4025 176884.1
329 3781.4125 92595.235
395 34198.5325 165384.175
380 164439.2525 116908.8475
254 61591.04 124414.03
418 951.48 86463.4725
352 66537.8975 61588.61
398 108092.4625 45959.4925
429 129095.12 178182.415
370 177983.495 126818.8875
270 171431.9175 117074.67
417 31963.7125 130542.805
341 135812.1825 95668.635
282 67687.4825 191623.305
261 162390.41 117674.0125
372 189500.2575 98889.0875
318 24982.33 153265.8675
340 160565.775 148179.26
315 159742.7575 26821.1825
295 177257.005 117888.28
309 79429.3025 157411.015
504 57458.5975 8623.335
423 176102.0575 177609.675
401 51241.25 99131.2825
496 128536.3975 98867.94
296 22118.65 103875.59
283 137750.6525 170976.5525
208 177730.935 141987.715
266 24921.2375 18186.2175
432 156184.9525 163831.2025
431 77976.7625 152751.915
455 640.4775 21597.9975
346 116878.32 136975.2275
340 9554.3225 132083.9175
347 107507.005 52963.58
291 5159.9375 137045.5075
340 128512.6275 195561.315
422 140699.14 5536.59
216 98286.56 22239.0925
357 154114.94 14065.2675
356 192566.5375 166018.375
569 131386.3475 161957.5625
204 145554.25 3342.0275
382 102488.74 115288.2575
413 71866.2325 168641.27
239 193464.285 94569.215
394 90983.455 28503.5275
457 135408.9175 628.0175
225 185298.2925 173582.82
312 198300.01 197206.7275
332 17716.9525 23842.7725
352 59539.935 145388.205
297 145671.855 168017.325
353 76656.065 113682.8375
284 2691.405 186839.5825
286 60874.49 78183.125
400 145057.7 39922.205
455 51578.6275 101447.4875
349 33306.6325 110558.655
267 68443.085 21454.9525
220 31592.0925 40025.4375
257 74500.36 71196.1
372 21827.3325 88799.495
426 5134.7 3531.59
407 199844.005 105198.045
352 138132.64 96441.05
372 176260.685 199682.3975
273 35373.8725 179394.8975
326 53020.825 185881.6875
455 196530.17 67910.5975
308 76965.355 51375.545
391 117374.705 91743.375
276 86617.5675 166081.985
437 12200.37 27755.7275
347 86960.635 152846.835
283 21385.935 162503.4
320 40803.8125 146833.1975
350 10621.1375 162960.215
393 58155.39 62792.1325
344 90201.705 16035.315
465 115330.5425 10159.5425
262 124088.175 66333.6425
295 185504.04 73474.9325
422 129331.795 173915.02
386 85630.6175 58561.965
443 177186.34 173626.47
289 43157.485 192552.54
248 171103.6225 25815.375
333 88478.215 88371.28
297 9923.455 108494.9575
335 28627.2625 8544.29
374 89126.0875 7743.12
448 119979.1575 80363.03
373 114915.5775 24516.085
295 136737.5525 28818.0825
358 85520.655 92668.555
314 184941.7425 152145.715
297 167497.49 92482.87
279 18377.8575 76133.8625
302 152805.4975 150772.0975
288 132844.0725 198796.5525
332 33406.61 165679.8175
378 169169.5575 4995.1275
344 164525.0425 66001.81
338 123632.485 183430.565
239 70795.76 147381.6225
367 111490.35 39571.415
331 101104.5025 77305.5525
266 173120.0425 187878.575
391 166006.4 56186.385
295 45220.5775 79867.9875
333 68021.665 19094.065
298 163558.525 122388.2775
370 32263.6275 127784.33
266 160831.2175 17000.825
186 102469.865 143054.805
324 164264.03 34103.0925
231 74888.865 113318.395
293 60698.5725 185150.865
379 28776.8425 99723.1975
357 9039.2175 82105.405
335 75071.33 162843.2375
257 6783.82 138982.7725
334 119526.06 156788.2975
361 20643.5525 195137.23
410 193333.725 145329.48
393 4020.5425 145160.1625
286 186951.6175 181041.2075
380 20779.8075 100984.5525
440 64243.31 125199.5425
410 33282.8 156364.2175
336 189650.8525 38121.5875
271 83825.41 108292.0675
282 65469.9025 136669.485
357 87345.45 58779.2375
320 142479.9875 61702.0575
346 66875.415 110158.3575
207 135904.9625 60355.405
328 84104.595 101403.0025
272 90249.72 82798.955
389 133778.3625 198526.64
282 91874.2725 128425.0475
417 99089.2925 117621.2525
307 119173.3125 98572.5825
295 9726.435 115325.26
361 23947.5725 88439.0275
221 190610.685 41425.765
480 25804.425 174213.96
247 28422.1325 34225.0325
267 16610.76 170581.8475
214 87572.03 187800.7225
402 613.435 155779.8275
334 84723.9125 145922.9
293 82672.5375 189419.6475
174 196575.59 172464.425
488 159066.3625 124523.965
278 49358.5575 58332.3625
375 123836.0825 107554.525
254 187002.665 126466.8925
264 10545.63 8233.7125
247 136157.325 25698.8
247 24464.2175 152288.385
449 169583.7925 114360.785
338 142003.3775 151651.4475
370 36457.1975 21183.55
329 124914.2425 153230.8425
298 180100.1525 199733.96
362 32616.0625 102016.1925
314 50234.7125 67738.5975
357 57835.015 139029.48
336 33602.65 95975.7625
363 137367.8675 67690.8475
317 104150.8925 151131.7975
418 2307.035 119259.5175
301 70065.5775 31922.4075
439 6921.6925 110343.1125
316 20489.3975 110441.8125
236 11586.2875 36938.055
165 107033.8825 187966.9975
378 15175.595 57793.565
326 161177.445 165678.1025
384 150960.305 153929.15
289 87040.9 56438.43
306 133463.675 68031.59
322 133004.6575 19408.925
379 192532.275 193215.425
458 81075.77 117503.41
290 54593.195 32424.1225
342 53037.4525 24186.505
318 55030.9325 149142.4625
299 135925.035 79554.4325
406 86863.135 44838.385
354 115843.6525 182289.6975
400 14817.4975 62453.6375
302 190544.875 188007.8
462 125639.1925 161951.9975
236 172117.715 160639.165
351 175002.8325 107460.13
319 196044.0275 101846.6925
292 81779.31 57534.54
342 69804.5825 28458.5275
357 149034.2775 90155.005
375 177520.7925 130039.01
348 89369.145 55208.47
274 181967.9925 152443.1225
444 111448.81 135441.9575
335 37766.875 96818.45
341 28994.08 62917.97
503 42697.8475 116186.095
356 45485.97 130913.65
172 7828.8475 178096.7575
395 135605.8125 166144.02
315 74974.9275 84400.38
408 8434.7825 166720.4625
378 58531.5375 14231.2275
296 41468.7675 74302.56
272 149977.57 24035.88
341 156716.9 164696.735
392 125243.64 128272.9625
364 172829.7575 88937.25
319 63873.4375 83101.135
443 117414.55 78479.4475
307 46819.015 27588.1025
317 128289.3275 99367.39
321 54172.9875 124932.485
328 64103.5075 195214.5375
239 44773.565 134874.4275
355 154704.5775 175841.3975
291 72118.1625 15298.23
379 131574.0325 186302.67
353 98375.35 137466.595
333 173042.005 136768.335
209 92243.38 150014.4675
301 176156.0275 20549.22
274 28306.1475 74186.9875
294 112910.8325 2922.0625
400 166654.7825 58399.94
392 51489.0325 65677.6075
436 150798.38 1015.865
344 148654.8375 59657.32
283 123260.91 137679.4275
340 103564.905 59067.9775
308 107138.945 34981.3675
420 15832.2825 56900.565
258 169241.1 180789.27
268 21288.3875 101052.1875
380 183417.225 117117.275
378 22356.9875 81410.2225
255 601.935 84665.8475
293 120377.5375 108915.975
399 41527.4 162471.405
339 91693.33 66413.4275
306 128776.7925 141891.2575
329 175945.1375 49867.8825
279 151941.8875 110091.2225
273 185127.4925 60524.1225
328 52266.615 196603.4025
369 189856.285 140971.41
541 164461.9075 109264.9825
394 28621.8125 165607.0475
350 150602.74 91978.0625
294 125125.9625 114683.5375
361 2999.2425 129760.9075
224 153317.5125 144774.8225
308 80814.23 4630.6575
283 168003.47 51619.4425
365 134504.0725 187811.9375
440 120440.21 32305.865
334 3423.5425 26632.5675
293 69342.745 34827.79
456 172427.375 116800.73
358 99854.1675 174608.3975
277 145252.94 30856.05
390 68896.45 160987.355
384 186342.3725 50717.91
309 171695.1225 102347.36
356 7239.0025 110783.01
402 3602.4825 111163.4
289 192194.2425 137382.9725
265 191970.5375 130570.6525
292 117071.0275 6355.2225
162 148473.545 16276.225
306 178471.3275 126848.98
232 177840.2725 20724.975
411 145475.8775 89198.35
296 44767.895 188107.9275
327 149021.7675 99413.9525
291 155106.745 85877.6675
338 189804.81 35126.77
357 104526.275 188428.3325
417 62059.26 152396.7075
231 92606.1775 70832.1075
317 123410.8075 13845.7475
373 53385.9025 79549.135
229 105882.0675 18252.95
385 153099.9475 6415.3175
389 198781.41 164722.2575
315 174877.8025 141061.8375
376 11954.8475 141504.095
234 93334.3975 133755.1975
415 91700.6325 160500.1625
322 197199.3875 197134.74
298 18491.0625 85453.365
274 129442.265 63643.5275
405 71937.0625 69701.1225
471 140904.6425 59773.9425
384 161213.49 161499.86
268 184569.6925 158422.725
313 188457.995 46732.7575
386 85872.1875 89151.4225
275 182592.7125 32660.48
376 48035.7 8790.255
324 11832.1325 110577.1675
287 124078.12 142712.885
402 186379.6275 175647.8425
265 12712.625 7874.1325
396 146163.7325 31836.49
349 72491.1825 47505.825
211 52135.0175 102308.5325
193 85136.53 129729.42
303 113698.6975 45621.7475
359 40239.595 160753.705
338 53339.9025 171020.845
412 29666.7925 132733.8175
339 88270.565 153252.6
470 130498.215 107522.7025
424 57394.02 26108.9625
225 171815.6725 141468.985
354 96448.1175 71442.5075
350 192812.3825 10283.8025
311 56689.6725 158432.7025
217 147368.835 145161.22
368 161982.175 17700.97
493 49204.16 110228.7
366 70368.6375 28381.01
150 135210.415 51689.865
342 135504.635 142918.045
396 97570.9275 127781.1375
337 144200.4175 142941.3
281 137528.2725 113829.9
362 76096.2775 11742.7575
286 183937.8625 54791.575
177 135984.91 91653.9575
311 4697.75 73702.105
300 102357.365 140306.9225
418 126870.5475 27744.1125
282 43235.6575 84546.3175
402 61204.8275 146.14
293 94102.7175 192975.0825
326 105962.2 185624.89
380 93542.84 58359.28
302 72946.8825 98834.465
392 157772.7125 3768.6575
184 43973.5225 164699.765
411 86912.955 3023.63
321 170363.0175 156367.4975
460 41215.2125 49656.865
312 123118.015 18316.4825
398 20734.3025 125680.105
189 107190.89 74799.06
356 118966.7975 46326.8075
393 188462.415 100565.4175
294 50083.745 79812.0825
407 180269.5625 158556.3325
307 46523.445 188569.3075
276 39437.185 11934.9125
329 7673.4625 136049.905
313 113126.8925 9340.815
402 117332.855 106442.98
454 40019.4225 122641.105
360 101959.4325 98530.5525
309 175723.0625 93433.045
274 18762.13 61747.405
341 111943.6275 183761.94
261 117335.1975 21180.8825
237 108801.9725 64890.5275
478 184741.17 198905.7275
399 105394.945 178188.1525
367 148463.6175 189736.64
304 35764.0 89638.2375
317 156013.1125 130245.2025
314 61021.15 174822.285
334 102040.43 88974.36
320 117960.245 34407.2775
291 67305.98 63807.655
345 31502.4225 5384.7575
306 42458.775 173270.385
315 63240.1325 164964.3075
314 98083.11 9935.86
370 110926.585 20442.63
451 177277.2775 107304.775
298 89786.875 62340.9475
345 51169.485 61662.32
219 190693.0975 16963.0
325 158793.35 176300.47
314 155367.02 179058.535
230 159404.725 78226.3325
257 116505.8975 110766.6125
378 29829.7375 13515.29
333 47958.9025 76115.4525
416 13451.9275 1556.2425
399 29814.405 133056.1625
367 114170.82 153067.7725
417 164113.2625 153168.56
327 114249.8325 70797.785
408 134849.845 146721.9925
303 173552.6975 77110.34
406 43423.4825 172689.7575
399 156714.6625 127586.9825
303 139331.75 49980.3225
337 134255.7875 16082.1325
367 168583.5025 146943.745
253 44280.1175 179776.255
430 68164.3075 121846.33
338 95103.15 86313.17
248 67090.74 123520.8625
334 125308.775 198026.1425
371 49739.4125 40441.84
400 86631.5675 185121.2725
266 173320.3375 112701.4875
365 156603.3775 39083.7425
273 126114.205 184491.4675
309 159281.22 92516.0575
336 50033.7525 61727.7225
342 89024.545 158666.28
304 166095.7875 66294.795
320 95267.765 89113.11
309 104853.3275 29836.3075
220 198354.295 193422.45
286 61787.42 128192.0425
349 85510.665 185639.485
303 135803.72 9710.1025
338 190520.2075 15200.915
498 84494.16 131315.39
283 45793.8575 96952.365
262 134956.2325 14508.605
359 143867.585 43946.295
414 99503.71 35765.735
322 20414.685 115443.5675
311 22704.6425 151341.12
327 134051.0475 149585.6875
219 162568.0875 182640.8625
323 113059.285 153920.8775
277 175503.455 129755.8225
462 74744.0125 66430.3975
270 108767.035 166283.2675
278 86937.2 139015.79
439 18065.7225 123741.695
388 29505.3025 98585.2
400 14461.77 42158.3325
297 81000.61 14320.5275
266 96573.83 142555.4375
301 81736.375 62026.8375
291 131946.155 86209.315
323 129944.1725 38884.35
340 71067.9575 59965.71
214 79443.1725 76920.93
408 110765.61 71724.04
343 124465.27 106953.1575
393 42806.845 83179.81
317 144747.355 175439.7375
329 5776.0325 138199.5225
408 87034.6 141128.65
533 190739.6275 116813.08
352 128215.9 123122.4775
298 116504.965 75050.185
300 12668.745 842.485
281 36795.0925 151435.5
180 5345.6675 88011.0125
419 38161.505 55949.6475
292 155712.5225 126516.965
278 93493.655 74893.85
280 112848.7625 51843.3225
324 171200.235 115751.93
319 51531.555 124786.27
338 103435.215 108603.79
264 28779.0775 129791.9475
309 47790.3725 113187.3325
252 40744.8625 19434.54
323 101379.3175 91006.86
334 59578.92 185196.1475
428 121762.78 99239.5525
363 75869.1025 149508.555
446 116133.895 92348.2375
396 54856.3025 51054.3825
400 44262.6375 28954.255
209 154292.575 53223.8125
245 50555.615 14622.145
366 105498.6525 170669.51
289 24127.9225 154662.055
402 13043.065 169404.935
381 135948.69 111437.2825
429 147192.105 76755.5125
262 180665.015 95025.215
334 117539.745 52269.1025
208 128607.7475 35376.55
390 193196.28 130374.93
378 8857.0175 85733.7925
355 127180.6825 22303.375
371 65726.2025 85422.405
295 181756.28 76977.3425
432 81319.43 161513.8125
306 160757.3325 82683.6125
319 120815.795 199281.1125
303 176112.925 177337.05
454 197357.47 72419.93
227 29351.635 2665.555
380 100922.0675 142879.8875
390 36818.4325 25735.07
228 99377.76 87424.7675
282 105131.3325 67089.74
278 50985.88 66594.6725
491 65833.825 835.305
379 105532.64 169316.585
342 52551.405 79451.43
369 78850.81 68897.2875
449 39228.44 11285.615
208 109910.8475 21176.6825
354 79171.63 57007.765
436 151823.08 199812.2725
429 130453.26 132005.34
328 120325.9225 40036.0775
321 55337.3475 34037.685
408 45846.2275 39475.045
421 70649.905 156764.02
262 149718.6475 90768.435
302 23871.3825 109462.0075
379 163488.515 104854.8275
284 65139.4725 42080.7525
220 106764.5225 153764.45
321 188815.0275 17336.2775
322 170292.7625 192214.56
421 51082.7025 81434.5225
313 93937.845 95368.545
335 82463.39 123460.83
334 136860.3475 165721.2225
341 188869.74 196659.105
372 4364.9975 43107.94
380 27830.965 141794.8875
294 14878.13 154056.275
478 181998.4375 144721.0825
244 44840.3975 159649.8125
285 61473.8125 156027.55
241 62851.6125 153867.3775
244 44299.2225 16094.8325
334 27337.6275 24741.8275
382 90788.635 12598.475
339 16915.855 44491.7475
313 117924.99 165825.7
273 77562.1475 184409.84
268 38535.5325 40571.3675
460 72598.475 118830.4075
389 186499.2 165985.66
363 180673.815 49254.2725
258 18067.4825 55153.7225
419 4691.655 155934.2575
345 60270.955 169640.575
292 112423.0525 112434.345
276 187408.6275 85058.6825
293 44052.055 50177.0775
402 41774.9125 183101.105
299 111347.8375 185959.3175
370 178885.985 74581.5075
360 48223.0525 142401.285
317 179980.2175 59080.71
279 57391.87 77356.0875
320 36667.9775 72018.8575
292 39357.4275 128453.345
355 129038.5625 165745.73
407 42529.175 14760.36
244 130044.745 67041.59
323 110262.6825 165236.3525
418 9469.3725 142624.1425
434 181971.4875 54661.71
265 123852.665 91306.21
385 118417.7975 194104.29
354 110753.3875 137789.05
299 21067.1075 88618.52
257 139061.0775 85076.9325
260 177240.23 107832.8575
388 21441.2275 188720.0325
332 44882.7375 159870.8875
326 144766.645 143561.94
347 179537.1625 96604.635
334 55014.7475 194081.71
363 135726.9575 140012.8775
349 133361.5875 157554.21
248 77445.1725 84044.16
332 82776.535 156665.3425
275 115628.585 19353.345
270 22293.8425 2227.4475
374 148156.6425 141936.535
278 155295.725 42078.23
377 591.16 103726.7925
390 144305.8325 53430.2275
398 131774.2725 93616.8225
250 15299.02 65785.23
468 69409.7875 50387.68
239 153870.375 133476.015
396 140690.48 143412.875
400 32267.5975 60339.165
308 6122.12 112305.3475
395 48436.0925 168802.905
323 168449.085 32421.28
321 35072.3575 24562.655
393 59314.305 93934.775
376 106474.085 179740.9575
340 148116.63 43177.495
333 79402.685 189024.12
384 31936.1175 100531.82
311 113274.01 7096.0375
413 108432.135 151017.8575
257 80273.435 85028.7775
321 26012.8975 134569.1475
318 113706.09 138206.7225
351 119552.2575 189006.43
273 99261.1075 75621.65
356 17618.5475 33718.2925
451 113731.1025 179126.39
281 45483.14 177982.0725
380 35894.845 6541.64
284 107941.4475 31300.5175
403 127885.31 84072.3825
253 78744.5625 86883.605
329 52611.1875 107779.3625
265 42846.775 97465.04
277 33680.69 6364.84
428 2256.7025 100.4075
354 189293.3925 41135.2375
406 194950.9525 117823.645
380 113683.785 116281.4625
314 25691.54 69927.8975
256 192828.12 151033.73
392 163558.1175 191613.2275
261 15200.4525 150441.0675
295 21633.4575 77017.2975
304 156536.755 148169.775
348 123781.0525 2394.17
379 8701.355 77204.1975
427 35018.395 175134.3875
270 80680.15 193031.3575
392 44714.015 65535.9725
267 9459.7125 31200.115
309 57340.93 128287.0675
359 61078.7325 161563.1725
163 169565.8275 84182.855
347 192266.2225 164086.8725
307 106723.205 70084.8775
228 151432.5575 48493.8825
489 73320.79 153540.595
428 42185.0675 26622.5775
302 57412.7575 13493.235
223 100999.085 58789.625
491 19858.0 123954.2575
390 118394.225 186591.8875
373 13672.01 42714.3625
337 133147.5775 21420.745
338 48866.8 157640.2975
378 195554.9975 25477.42
463 55703.62 186715.2825
354 199691.535 124648.1375
362 48161.4075 120942.1375
420 17293.4025 141907.5175
342 6744.05 76896.8075
362 144673.335 93763.585
286 176407.445 108621.1575
303 62527.9425 136820.32
344 65845.08 74769.645
231 38819.76 85731.7475
440 7563.09 166987.215
328 44675.7575 123278.0075
345 109684.3675 144215.1325
330 30426.2275 154866.005
465 70087.085 43025.375
433 176160.385 198603.32
261 74270.815 113624.7275
399 192718.56 41494.535
361 56849.73 195720.1725
329 128989.245 178834.795
315 71611.04 126845.2925
348 109319.375 34105.4825
281 51378.0425 57174.19
251 114754.92 141322.0175
332 192850.305 46510.8875
458 92172.695 154690.6225
324 32754.2825 741.7275
294 7898.79 132893.1225
265 68844.2675 65301.2125
325 160166.1 155289.6975
405 36121.6725 140123.805
236 142378.8725 148658.2925
289 175250.31 192982.7675
414 176990.8075 23142.0075
282 126767.6725 64802.48
367 27962.59 117105.345
333 65226.1325 56476.85
259 51066.5175 13393.05
272 178555.38 170145.3775
367 102868.8425 100289.985
342 133340.3125 114382.6425
404 146946.655 93186.81
336 8454.5375 79808.1525
411 112126.4075 192013.7075
399 135314.7525 24403.125
376 8320.0325 148513.3025
424 158360.525 169062.1075
257 12865.305 66937.895
435 71666.99 144916.9975
370 190970.0375 198806.11
258 18424.96 44925.5
234 21669.36 103921.6475
483 97222.2075 84154.92
297 37817.765 175433.8525
318 67633.4225 182380.235
255 47281.785 26587.865
402 33171.9825 198509.27
316 190789.715 197602.87
415 95175.735 37339.1675
482 177775.365 160862.4075
378 123877.6175 159763.31
394 147814.03 30922.38
446 709.5175 166386.88
356 157221.6 82659.6925
432 40447.89 24021.9425
508 69796.33 43367.245
203 179377.7075 23450.8325
451 127068.47 97875.2625
200 15215.1425 97308.18
315 158917.9525 114979.365
306 115220.1275 148473.285
450 168412.4325 180372.2175
264 121784.275 168142.45
269 44118.72 77348.28
390 56885.7575 11512.2175
360 25197.6675 70352.5375
274 78628.825 122516.37
402 148250.85 80788.49
273 174494.5325 1343.5675
288 181142.6775 106861.1625
299 63611.815 114263.1975
337 69979.525 169625.055
363 119253.8 69623.0
288 33504.8425 162517.67
286 81349.8225 48764.995
304 118368.0025 92253.1525
287 67235.295 119621.97
442 104723.86 174511.5225
297 10570.07 176240.7025
295 94579.505 145159.605
369 104912.56 122453.9
279 42103.1525 129826.9
392 112657.255 65621.9
395 62746.5725 140351.1125
246 25636.6125 26830.7675
174 21396.4575 185111.9425
298 68899.64 37465.2875
325 59422.4625 139565.015
254 20071.035 118293.5175
244 128690.3975 23672.51
238 172552.205 157024.0425
242 118471.835 3641.7725
416 36704.885 34004.965
372 58583.99 51114.2625
409 30664.2475 41170.3875
279 162589.075 94091.4025
438 17879.945 86901.6525
369 132495.7375 50390.8175
291 70122.7875 160025.3425
210 79016.0375 138699.8075
292 114583.5525 195740.92
320 163999.86 43172.3575
424 16824.41 26716.6475
460 127471.1425 13345.6875
422 24293.37 158515.9075
332 14864.055 126909.1825
296 136376.1675 58563.7625
376 146939.3725 193013.7025
272 184138.8575 8420.7125
293 133993.585 139335.0725
370 40883.7675 68406.265
376 152148.345 20527.0725
288 108812.9525 10325.08
315 65908.3475 77610.925
554 31281.385 107741.2975
336 50178.0825 5048.055
296 23352.235 144621.625
326 98231.725 43026.205
321 38521.92 20256.8025
410 94541.405 69366.635
328 146641.69 41493.77
365 130555.655 1378.3275
445 2261.675 22631.7525
361 93052.45 87827.5075
395 55393.0125 199093.815
315 118600.64 66693.435
329 88780.51 76379.775
408 88.08 68341.335
399 39983.3825 27509.6975
317 80869.9 71713.7075
424 7525.0025 127266.2075
339 181993.7125 65158.495
395 145221.6225 142718.4025
280 160923.9725 197408.7225
367 10921.135 138213.4275
420 79287.17 135020.3325
324 64040.95 87350.545
250 45363.1175 5608.345
345 79839.525 136653.5375
245 141066.07 50065.7425
305 163492.3075 188295.7075
266 32820.08 111458.91
298 69329.355 83520.3575
368 93993.355 46876.5875
378 106366.195 193047.03
394 179684.2325 27384.64
416 93829.3625 156776.6675
387 43998.765 197365.6075
452 160511.59 175696.7725
300 37966.5225 32079.715
369 65156.85 31787.9675
371 87471.3575 88708.2625
273 107631.035 96408.8325
255 48569.365 119631.955
442 100310.6775 135411.555
405 129508.995 139888.8125
386 105173.7075 99608.915
318 147884.74 35618.9775
366 161091.2625 60775.6925
326 188808.015 19811.395
263 53754.27 74554.675
299 51696.35 139376.4475
334 54099.585 47471.2
294 23839.16 98053.8725
306 62502.1 14563.335
309 182605.295 25439.58
374 128973.19 155570.9375
357 5043.8875 157820.0675
404 187105.82 108604.1525
234 157195.3125 36440.4775
358 107771.09 106267.485
467 78733.3 68465.4325
364 106483.01 82477.1125
398 167858.6225 48515.1975
326 44451.1125 142991.22
412 3186.895 112908.315
204 60771.5675 192093.99
370 150089.09 118729.445
343 183373.3925 86711.325
305 174702.815 158517.9325
290 149561.955 110455.53
322 102233.2075 106576.795
290 162883.79 77115.8625
355 154117.68 137109.2225
306 149953.27 91487.9475
340 144234.8825 168833.6325
317 131724.6475 2115.685
370 78146.8275 197650.0075
394 131325.255 42369.6625
345 95044.57 28485.1325
300 163439.865 17527.46
362 8427.0 22550.8275
215 40504.8875 98626.74
333 128047.45 76546.2775
346 143796.9 27392.565
328 84233.655 158792.1825
237 65852.19 183564.875
302 64690.105 135778.005
346 199782.7725 196.3375
302 136996.575 137679.29
303 123981.2625 48836.8925
