50 200
9730.3749 4765 128659.9725 95787.725
7582.5512 4800 46093.0725 59675.055
9211.2124 5543 13670.385 88631.495
8448.5819 5016 132462.04 198056.1075
7591.9 4924 46535.495 84473.49
8264.8269 4775 123240.4925 125211.0
9295.8959 5099 116701.79 105248.1725
8343.3582 4879 158406.5975 5504.75
9711.6038 5702 176469.0075 63000.005
7772.1941 6183 160848.9275 89190.74
9005.4162 5156 186069.155 194381.77
8550.8948 5699 89937.4575 145752.555
8972.7051 3467 29639.29 72496.57
8464.2456 4826 68815.36 160549.6175
8918.8834 4522 114580.1425 77546.31
8585.5263 4471 132821.4475 131862.95
8279.3467 5190 149540.8075 132840.93
9233.8784 5426 145388.37 39997.8125
4867.0357 4633 30882.8525 51418.6525
6912.127 6794 44955.9025 103012.8725
7691.6084 5302 35255.5325 35755.0625
8726.1958 4992 124526.135 119835.265
8463.1766 4445 135498.0625 104456.4975
8856.947 4483 49323.7625 104618.18
9532.9436 5686 83653.0525 97374.385
8350.3181 5352 38046.2775 33185.755
9203.9761 4562 108753.235 47770.225
9903.5977 5514 58957.41 41167.495
9367.6393 4065 145495.3825 41898.24
9041.5207 5043 91396.095 86844.7425
8324.8659 4905 150271.1875 2298.2125
7538.5539 5580 164872.905 156154.5175
6097.5819 5184 20212.3825 52470.8875
8157.1147 5346 35303.33 64466.845
9422.5489 6218 98910.34 46095.445
6490.095 5759 49894.905 170068.3075
7304.616 4149 29989.115 84078.345
7455.7327 5329 59664.48 88907.045
8337.259 4535 22323.7975 47232.9775
8898.1027 5023 76526.51 58949.0825
7534.8257 5958 60466.48 37621.3975
6667.2292 5728 73736.4075 141903.4825
7514.6002 5022 125770.095 16312.3125
10025.4721 4575 144743.585 10229.7475
7043.196 5431 119970.895 149749.66
9121.5227 5652 132053.6525 93445.9775
6987.6147 4090 133735.3725 4699.1875
8300.9602 5779 55834.1825 147085.0375
9613.0121 5546 147519.1425 134103.595
6262.7278 5364 164479.3525 192216.1075
270 155605.3725 39123.8675
265 79566.37 87796.535
427 19535.84 130369.4225
394 31568.01 7981.3775
369 133210.275 67275.5275
225 136077.4825 142225.58
253 99035.89 32157.2825
381 113101.8825 187373.0425
297 178431.0975 99174.11
499 97693.38 108622.27
469 61612.11 177233.915
250 108355.6725 17984.205
408 71756.06 149518.395
354 72454.765 94866.71
323 156424.5225 195015.1375
548 116084.7575 177295.725
232 160457.2275 128043.0025
378 102419.6975 64388.595
356 148599.9075 3238.3725
389 136301.04 99968.3025
474 129213.095 94885.3125
366 80072.835 126606.6275
461 155395.5625 80213.88
459 91889.9375 46844.475
388 175282.6825 110309.5425
338 68145.36 177367.1875
297 28082.4675 108863.0
494 185358.3925 86828.545
344 22061.7725 35984.755
428 81426.05 87943.4925
258 71820.8875 100041.4325
491 171463.105 27894.7325
331 189178.4225 93970.77
571 32629.3675 39238.5275
445 173147.835 170844.035
468 44070.0525 71427.8575
318 148254.535 63697.2475
454 157154.1325 85820.3475
507 138022.9375 46496.43
510 25907.0575 8763.82
384 24865.29 48949.6875
388 71968.7625 6673.455
312 11574.33 158588.84
481 197046.3775 21192.0375
427 9612.785 96037.3475
401 47802.4375 119917.35
383 67792.5925 48347.5575
331 33590.715 17871.095
392 81384.3225 121483.2525
489 154996.7 104185.3725
579 100030.0675 47074.57
486 134525.5275 163448.0075
435 84218.96 122126.4975
362 34073.69 46299.6225
472 24456.455 163066.775
455 116433.7175 128876.9575
407 166798.36 81494.545
424 143151.145 153980.0375
258 102518.2125 74700.59
567 42874.865 196629.645
302 175657.5425 143627.1725
482 56447.3275 162885.4
533 118415.1625 137471.5975
328 151106.9075 21015.8475
479 196499.285 108053.525
480 52688.0975 82204.09
315 190364.8825 49274.0575
445 110640.7075 82525.87
389 45653.8875 475.8975
300 144747.9925 78379.6475
498 152614.475 29094.99
386 26764.2425 66255.0875
345 76856.1725 138312.2725
318 79512.7525 42200.1325
383 125875.3975 5676.2525
365 106013.335 119635.4825
513 196034.48 28801.31
515 39584.12 174285.6025
330 117579.9525 101107.55
350 89004.3225 111123.035
507 57722.8275 2095.59
441 7113.115 145392.8
368 149304.88 173219.4175
303 86529.0675 102517.4025
460 188525.6775 166907.6925
343 87068.355 106732.385
427 81857.3575 109348.1575
444 125348.03 94754.17
337 96350.2475 36619.715
331 198625.1425 112358.6975
362 157421.405 1501.83
444 2332.1875 96835.5125
338 110295.04 132744.68
275 78623.215 42566.0775
513 21253.3275 18681.4925
418 15794.12 161981.7725
381 75360.235 86427.53
484 70302.915 3702.4625
286 154321.2575 152605.73
415 129006.01 180797.73
401 39488.77 151657.7975
407 113001.26 106845.7975
286 87961.6225 68594.2775
380 162520.4775 135590.245
409 184705.8675 139551.03
437 116357.5525 154659.7775
371 4005.5975 94240.3975
298 165815.82 136482.855
423 194282.505 105505.4425
298 76539.0125 161328.785
321 188859.8025 41999.35
304 194773.86 112922.945
438 56195.0225 142231.26
467 7314.1375 178413.1175
519 128615.54 135847.075
410 71992.9375 107573.73
277 154515.525 19563.2175
709 20435.11 0.0
487 126958.55 7761.35
229 168874.07 131483.2725
284 47011.6275 180804.2175
390 150342.6275 42899.3275
357 90521.33 14130.96
426 12337.7175 159796.3925
372 72890.39 160970.6
530 114674.9925 135435.765
405 194479.66 50486.2
402 12437.8625 172264.6675
419 39842.555 52324.8625
358 99554.0225 161364.8875
431 13562.085 38531.3725
432 80545.325 54943.6025
457 143905.3825 20605.1075
448 76059.22 143572.035
251 41856.66 140737.535
453 112857.1225 156289.4525
384 177216.73 108666.2775
181 65573.525 134515.3925
236 176394.045 94871.5125
420 8647.1175 44022.24
364 3846.9775 14788.2275
517 143433.395 56793.055
503 63008.3425 112303.12
363 150259.6075 79270.985
381 138302.19 63364.4175
416 133583.0525 41069.6475
482 117642.3325 27120.7025
343 72229.495 132858.305
474 47212.7 136032.3925
281 197439.155 113112.865
547 57551.3125 183169.675
479 10341.12 47576.665
298 98459.695 71617.2875
418 179679.8025 85188.17
416 134008.1825 84876.2175
634 170618.58 175914.52
474 161168.87 117008.1675
354 11451.86 13846.7
477 117709.285 56056.115
452 191342.495 158613.8525
433 23895.365 43506.9275
391 107161.7025 127479.52
290 164118.72 181037.1425
599 179334.85 197061.8025
351 191092.9225 15828.0675
608 66048.15 47887.605
410 130074.9475 166995.005
321 95310.4575 82592.03
373 86577.9625 17945.2525
390 192120.785 186822.4575
349 6372.105 99730.9175
374 81354.505 130958.1125
378 71576.3425 197932.66
228 152715.6275 164036.7375
478 52407.8525 33491.1825
323 151556.845 33271.395
335 5229.445 173940.3875
423 152576.215 174642.545
290 130464.5325 150396.6975
375 35844.865 70466.2125
378 47930.4875 73945.2975
356 17565.77 87286.2175
343 186019.845 124278.3675
407 49171.46 149785.5075
304 133702.8125 48642.25
538 151597.95 95097.46
361 134796.2475 186089.7675
306 174903.21 150243.0575
501 90971.76 140377.625
451 183096.0975 115620.1275
480 190367.56 124030.4
427 32121.14 27848.6475
395 121855.9475 119364.88
457 121860.07 8860.7625
282 89063.2875 167132.365
340 174048.9425 161392.5725
521 195197.675 58734.08
390 64409.25 39565.745
436 133994.605 170537.9225
387 138678.6825 72131.1375
